0 0 0.000000
0 1 0.000000
0 2 0.000000
0 3 0.000000
0 4 0.000000
0 5 0.000000
0 6 0.000000
0 7 0.000000
0 8 0.000000
0 9 0.000000
0 10 0.000000
0 11 0.000000
0 12 0.000000
0 13 0.000000
0 14 0.000000
0 15 0.000000
0 16 0.000000
0 17 0.000000
0 18 0.000000
0 19 0.000000
0 20 0.000000
0 21 0.000000
0 22 0.000000
0 23 0.000000
0 24 0.000000
0 25 0.000000
0 26 0.000000
0 27 0.000000
0 28 0.000000
0 29 0.000000
0 30 0.000000
0 31 0.000000
0 32 0.000000
0 33 0.000000
0 34 0.000000
0 35 0.000000
0 36 0.000000
0 37 0.000000
0 38 0.000000
0 39 0.000000
0 40 0.000000
0 41 0.000000
0 42 0.000000
0 43 0.000000
0 44 0.000000
0 45 0.000000
0 46 0.000000
0 47 0.000000
0 48 0.000000
0 49 0.000000
0 50 0.000000
0 51 0.000000
0 52 0.000000
0 53 0.000000
0 54 0.000000
0 55 0.000000
0 56 0.000000
0 57 0.000000
0 58 0.000000
0 59 0.000000
0 60 0.000000
0 61 0.000000
0 62 0.000000
0 63 0.000000
0 64 0.000000
0 65 0.000000
0 66 0.000000
0 67 0.000000
0 68 0.000000
0 69 0.000000
0 70 0.000000
0 71 0.000000
0 72 0.000000
0 73 0.000000
0 74 0.000000
0 75 0.000000
0 76 0.000000
0 77 0.000000
0 78 0.000000
0 79 0.000000
0 80 0.000000
0 81 0.000000
0 82 0.000000
0 83 0.000000
0 84 0.000000
0 85 0.000000
0 86 0.000000
0 87 0.000000
0 88 0.000000
0 89 0.000000
0 90 0.000000
0 91 0.000000
0 92 0.000000
0 93 0.000000
0 94 0.000000
0 95 0.000000
0 96 0.000000
0 97 0.000000
0 98 0.000000
0 99 0.000000

1 0 0.000000
1 1 0.002497
1 2 0.004834
1 3 0.008833
1 4 0.015092
1 5 0.024643
1 6 0.038617
1 7 0.058205
1 8 0.084511
1 9 0.118375
1 10 0.160175
1 11 0.209653
1 12 0.265789
1 13 0.326750
1 14 0.389940
1 15 0.452142
1 16 0.509749
1 17 0.559060
1 18 0.596610
1 19 0.619488
1 20 0.625595
1 21 0.613825
1 22 0.584117
1 23 0.537413
1 24 0.475511
1 25 0.400864
1 26 0.316343
1 27 0.225011
1 28 0.129901
1 29 0.033852
1 30 -0.060630
1 31 -0.151453
1 32 -0.236978
1 33 -0.316022
1 34 -0.387828
1 35 -0.452018
1 36 -0.508538
1 37 -0.557587
1 38 -0.599562
1 39 -0.634996
1 40 -0.664505
1 41 -0.688747
1 42 -0.708385
1 43 -0.724059
1 44 -0.736362
1 45 -0.745832
1 46 -0.752931
1 47 -0.758047
1 48 -0.761483
1 49 -0.763457
1 50 -0.764100
1 51 -0.763457
1 52 -0.761483
1 53 -0.758047
1 54 -0.752931
1 55 -0.745832
1 56 -0.736362
1 57 -0.724059
1 58 -0.708385
1 59 -0.688747
1 60 -0.664505
1 61 -0.634996
1 62 -0.599562
1 63 -0.557587
1 64 -0.508538
1 65 -0.452018
1 66 -0.387828
1 67 -0.316022
1 68 -0.236978
1 69 -0.151453
1 70 -0.060630
1 71 0.033852
1 72 0.129901
1 73 0.225011
1 74 0.316343
1 75 0.400864
1 76 0.475511
1 77 0.537413
1 78 0.584117
1 79 0.613825
1 80 0.625595
1 81 0.619488
1 82 0.596610
1 83 0.559060
1 84 0.509749
1 85 0.452142
1 86 0.389940
1 87 0.326750
1 88 0.265788
1 89 0.209653
1 90 0.160175
1 91 0.118374
1 92 0.084507
1 93 0.058194
1 94 0.038591
1 95 0.024581
1 96 0.014969
1 97 0.008499
1 98 0.004582
1 99 0.000000

2 0 0.000000
2 1 0.004834
2 2 0.009022
2 3 0.015980
2 4 0.026378
2 5 0.041574
2 6 0.062833
2 7 0.091274
2 8 0.127621
2 9 0.171964
2 10 0.223549
2 11 0.280642
2 12 0.340509
2 13 0.399526
2 14 0.453423
2 15 0.497635
2 16 0.527727
2 17 0.539844
2 18 0.531128
2 19 0.500027
2 20 0.446469
2 21 0.371855
2 22 0.278895
2 23 0.171303
2 24 0.053436
2 25 -0.070103
2 26 -0.194808
2 27 -0.316568
2 28 -0.431882
2 29 -0.537980
2 30 -0.632886
2 31 -0.715397
2 32 -0.785013
2 33 -0.841843
2 34 -0.886478
2 35 -0.919874
2 36 -0.943237
2 37 -0.957913
2 38 -0.965313
2 39 -0.966834
2 40 -0.963813
2 41 -0.957492
2 42 -0.948992
2 43 -0.939302
2 44 -0.929279
2 45 -0.919644
2 46 -0.910989
2 47 -0.903786
2 48 -0.898393
2 49 -0.895059
2 50 -0.893931
2 51 -0.895059
2 52 -0.898393
2 53 -0.903786
2 54 -0.910989
2 55 -0.919644
2 56 -0.929279
2 57 -0.939302
2 58 -0.948992
2 59 -0.957492
2 60 -0.963813
2 61 -0.966834
2 62 -0.965313
2 63 -0.957913
2 64 -0.943237
2 65 -0.919874
2 66 -0.886478
2 67 -0.841843
2 68 -0.785013
2 69 -0.715397
2 70 -0.632886
2 71 -0.537980
2 72 -0.431882
2 73 -0.316568
2 74 -0.194808
2 75 -0.070103
2 76 0.053436
2 77 0.171303
2 78 0.278895
2 79 0.371855
2 80 0.446469
2 81 0.500027
2 82 0.531128
2 83 0.539844
2 84 0.527727
2 85 0.497635
2 86 0.453423
2 87 0.399526
2 88 0.340508
2 89 0.280641
2 90 0.223547
2 91 0.171960
2 92 0.127610
2 93 0.091248
2 94 0.062774
2 95 0.041436
2 96 0.026119
2 97 0.015289
2 98 0.008558
2 99 0.000000

3 0 0.000000
3 1 0.008833
3 2 0.015980
3 3 0.027638
3 4 0.044451
3 5 0.068296
3 6 0.100703
3 7 0.142868
3 8 0.195319
3 9 0.257644
3 10 0.328285
3 11 0.404451
3 12 0.482188
3 13 0.556607
3 14 0.622268
3 15 0.673666
3 16 0.705784
3 17 0.714623
3 18 0.697647
3 19 0.654056
3 20 0.584857
3 21 0.492714
3 22 0.381624
3 23 0.256478
3 24 0.122590
3 25 -0.014754
3 26 -0.150660
3 27 -0.280902
3 28 -0.402091
3 29 -0.511749
3 30 -0.608299
3 31 -0.690990
3 32 -0.759774
3 33 -0.815175
3 34 -0.858137
3 35 -0.889895
3 36 -0.911853
3 37 -0.925488
3 38 -0.932271
3 39 -0.933609
3 40 -0.930808
3 41 -0.925048
3 42 -0.917371
3 43 -0.908679
3 44 -0.899736
3 45 -0.891178
3 46 -0.883519
3 47 -0.877163
3 48 -0.872414
3 49 -0.869482
3 50 -0.868492
3 51 -0.869482
3 52 -0.872414
3 53 -0.877163
3 54 -0.883519
3 55 -0.891178
3 56 -0.899736
3 57 -0.908679
3 58 -0.917371
3 59 -0.925048
3 60 -0.930808
3 61 -0.933609
3 62 -0.932271
3 63 -0.925488
3 64 -0.911853
3 65 -0.889895
3 66 -0.858137
3 67 -0.815175
3 68 -0.759774
3 69 -0.690990
3 70 -0.608299
3 71 -0.511749
3 72 -0.402091
3 73 -0.280902
3 74 -0.150660
3 75 -0.014754
3 76 0.122590
3 77 0.256478
3 78 0.381624
3 79 0.492714
3 80 0.584857
3 81 0.654056
3 82 0.697647
3 83 0.714623
3 84 0.705784
3 85 0.673666
3 86 0.622267
3 87 0.556607
3 88 0.482187
3 89 0.404450
3 90 0.328281
3 91 0.257634
3 92 0.195295
3 93 0.142811
3 94 0.100577
3 95 0.068014
3 96 0.043944
3 97 0.026301
3 98 0.015182
3 99 0.000000

4 0 0.000000
4 1 0.015092
4 2 0.026378
4 3 0.044451
4 4 0.069441
4 5 0.103625
4 6 0.148418
4 7 0.204595
4 8 0.271872
4 9 0.348656
4 10 0.431915
4 11 0.517221
4 12 0.598989
4 13 0.670893
4 14 0.726440
4 15 0.759625
4 16 0.765589
4 17 0.741185
4 18 0.685362
4 19 0.599282
4 20 0.486167
4 21 0.350909
4 22 0.199521
4 23 0.038528
4 24 -0.125599
4 25 -0.286911
4 26 -0.440326
4 27 -0.581830
4 28 -0.708560
4 29 -0.818772
4 30 -0.911738
4 31 -0.987586
4 32 -1.047114
4 33 -1.091613
4 34 -1.122693
4 35 -1.142141
4 36 -1.151802
4 37 -1.153492
4 38 -1.148927
4 39 -1.139686
4 40 -1.127184
4 41 -1.112666
4 42 -1.097202
4 43 -1.081702
4 44 -1.066920
4 45 -1.053473
4 46 -1.041854
4 47 -1.032445
4 48 -1.025530
4 49 -1.021306
4 50 -1.019884
4 51 -1.021306
4 52 -1.025530
4 53 -1.032445
4 54 -1.041854
4 55 -1.053473
4 56 -1.066920
4 57 -1.081702
4 58 -1.097202
4 59 -1.112666
4 60 -1.127184
4 61 -1.139686
4 62 -1.148927
4 63 -1.153492
4 64 -1.151802
4 65 -1.142141
4 66 -1.122693
4 67 -1.091613
4 68 -1.047114
4 69 -0.987586
4 70 -0.911738
4 71 -0.818772
4 72 -0.708560
4 73 -0.581830
4 74 -0.440326
4 75 -0.286911
4 76 -0.125599
4 77 0.038528
4 78 0.199521
4 79 0.350909
4 80 0.486167
4 81 0.599282
4 82 0.685362
4 83 0.741185
4 84 0.765589
4 85 0.759625
4 86 0.726440
4 87 0.670892
4 88 0.598988
4 89 0.517218
4 90 0.431907
4 91 0.348635
4 92 0.271821
4 93 0.204478
4 94 0.148167
4 95 0.103082
4 96 0.068510
4 97 0.042024
4 98 0.025117
4 99 0.000000

5 0 0.000000
5 1 0.024643
5 2 0.041574
5 3 0.068296
5 4 0.103625
5 5 0.150169
5 6 0.208849
5 7 0.279626
5 8 0.360987
5 9 0.449830
5 10 0.541482
5 11 0.629942
5 12 0.708339
5 13 0.769564
5 14 0.807009
5 15 0.815331
5 16 0.791113
5 17 0.733320
5 18 0.643451
5 19 0.525358
5 20 0.384763
5 21 0.228584
5 22 0.064194
5 23 -0.101263
5 24 -0.261414
5 25 -0.411018
5 26 -0.546158
5 27 -0.664274
5 28 -0.764075
5 29 -0.845368
5 30 -0.908836
5 31 -0.955804
5 32 -0.988014
5 33 -1.007440
5 34 -1.016129
5 35 -1.016088
5 36 -1.009206
5 37 -0.997195
5 38 -0.981572
5 39 -0.963646
5 40 -0.944530
5 41 -0.925146
5 42 -0.906253
5 43 -0.888460
5 44 -0.872252
5 45 -0.858004
5 46 -0.846008
5 47 -0.836478
5 48 -0.829569
5 49 -0.825383
5 50 -0.823982
5 51 -0.825383
5 52 -0.829569
5 53 -0.836478
5 54 -0.846008
5 55 -0.858004
5 56 -0.872252
5 57 -0.888460
5 58 -0.906253
5 59 -0.925146
5 60 -0.944530
5 61 -0.963646
5 62 -0.981572
5 63 -0.997195
5 64 -1.009206
5 65 -1.016088
5 66 -1.016129
5 67 -1.007440
5 68 -0.988014
5 69 -0.955804
5 70 -0.908836
5 71 -0.845368
5 72 -0.764075
5 73 -0.664274
5 74 -0.546158
5 75 -0.411018
5 76 -0.261414
5 77 -0.101263
5 78 0.064194
5 79 0.228584
5 80 0.384763
5 81 0.525358
5 82 0.643451
5 83 0.733320
5 84 0.791113
5 85 0.815331
5 86 0.807009
5 87 0.769563
5 88 0.708336
5 89 0.629935
5 90 0.541464
5 91 0.449785
5 92 0.360882
5 93 0.279394
5 94 0.208375
5 95 0.149169
5 96 0.101994
5 97 0.064084
5 98 0.039705
5 99 0.000000

6 0 0.000000
6 1 0.038617
6 2 0.062833
6 3 0.100703
6 4 0.148418
6 5 0.208849
6 6 0.281927
6 7 0.366333
6 8 0.458901
6 9 0.554713
6 10 0.647337
6 11 0.729339
6 12 0.792977
6 13 0.831042
6 14 0.837731
6 15 0.809416
6 16 0.745182
6 17 0.647014
6 18 0.519573
6 19 0.369606
6 20 0.205112
6 21 0.034427
6 22 -0.134598
6 23 -0.295225
6 24 -0.442202
6 25 -0.571914
6 26 -0.682338
6 27 -0.772865
6 28 -0.844036
6 29 -0.897239
6 30 -0.934416
6 31 -0.957795
6 32 -0.969687
6 33 -0.972331
6 34 -0.967794
6 35 -0.957911
6 36 -0.944261
6 37 -0.928169
6 38 -0.910716
6 39 -0.892769
6 40 -0.875010
6 41 -0.857968
6 42 -0.842041
6 43 -0.827530
6 44 -0.814651
6 45 -0.803564
6 46 -0.794376
6 47 -0.787168
6 48 -0.781988
6 49 -0.778869
6 50 -0.777826
6 51 -0.778869
6 52 -0.781988
6 53 -0.787168
6 54 -0.794376
6 55 -0.803564
6 56 -0.814651
6 57 -0.827530
6 58 -0.842041
6 59 -0.857968
6 60 -0.875010
6 61 -0.892769
6 62 -0.910716
6 63 -0.928169
6 64 -0.944261
6 65 -0.957911
6 66 -0.967794
6 67 -0.972331
6 68 -0.969687
6 69 -0.957795
6 70 -0.934416
6 71 -0.897239
6 72 -0.844036
6 73 -0.772865
6 74 -0.682338
6 75 -0.571914
6 76 -0.442202
6 77 -0.295225
6 78 -0.134598
6 79 0.034427
6 80 0.205112
6 81 0.369606
6 82 0.519573
6 83 0.647014
6 84 0.745182
6 85 0.809416
6 86 0.837731
6 87 0.831040
6 88 0.792971
6 89 0.729323
6 90 0.647298
6 91 0.554621
6 92 0.458697
6 93 0.365896
6 94 0.281065
6 95 0.207087
6 96 0.145685
6 97 0.093692
6 98 0.060245
6 99 0.000000

7 0 0.000000
7 1 0.058205
7 2 0.091274
7 3 0.142868
7 4 0.204595
7 5 0.279626
7 6 0.366333
7 7 0.461747
7 8 0.560768
7 9 0.656598
7 10 0.741258
7 11 0.806387
7 12 0.844187
7 13 0.848426
7 14 0.815331
7 15 0.744230
7 16 0.637775
7 17 0.501678
7 18 0.343991
7 19 0.174061
7 20 0.001404
7 21 -0.165315
7 22 -0.319014
7 23 -0.454589
7 24 -0.568996
7 25 -0.661096
7 26 -0.731337
7 27 -0.781361
7 28 -0.813597
7 29 -0.830873
7 30 -0.836116
7 31 -0.832110
7 32 -0.821363
7 33 -0.806020
7 34 -0.787844
7 35 -0.768229
7 36 -0.748232
7 37 -0.728622
7 38 -0.709937
7 39 -0.692527
7 40 -0.676608
7 41 -0.662290
7 42 -0.649619
7 43 -0.638586
7 44 -0.629163
7 45 -0.621302
7 46 -0.614955
7 47 -0.610072
7 48 -0.606617
7 49 -0.604555
7 50 -0.603871
7 51 -0.604555
7 52 -0.606617
7 53 -0.610072
7 54 -0.614955
7 55 -0.621302
7 56 -0.629163
7 57 -0.638586
7 58 -0.649619
7 59 -0.662290
7 60 -0.676608
7 61 -0.692527
7 62 -0.709937
7 63 -0.728622
7 64 -0.748232
7 65 -0.768229
7 66 -0.787844
7 67 -0.806020
7 68 -0.821363
7 69 -0.832110
7 70 -0.836116
7 71 -0.830873
7 72 -0.813597
7 73 -0.781361
7 74 -0.731337
7 75 -0.661096
7 76 -0.568996
7 77 -0.454589
7 78 -0.319014
7 79 -0.165315
7 80 0.001404
7 81 0.174061
7 82 0.343991
7 83 0.501678
7 84 0.637775
7 85 0.744229
7 86 0.815329
7 87 0.848421
7 88 0.844174
7 89 0.806353
7 90 0.741179
7 91 0.656419
7 92 0.560387
7 93 0.460958
7 94 0.364835
7 95 0.276645
7 96 0.200209
7 97 0.131649
7 98 0.087947
7 99 0.000000

8 0 0.000000
8 1 0.084511
8 2 0.127621
8 3 0.195319
8 4 0.271872
8 5 0.360987
8 6 0.458901
8 7 0.560768
8 8 0.659489
8 9 0.746604
8 10 0.813121
8 11 0.850589
8 12 0.852254
8 13 0.814104
8 14 0.735636
8 15 0.620153
8 16 0.474471
8 17 0.308064
8 18 0.131802
8 19 -0.043451
8 20 -0.208089
8 21 -0.354645
8 22 -0.478222
8 23 -0.576492
8 24 -0.649392
8 25 -0.698638
8 26 -0.727162
8 27 -0.738578
8 28 -0.736700
8 29 -0.725183
8 30 -0.707278
8 31 -0.685700
8 32 -0.662593
8 33 -0.639550
8 34 -0.617672
8 35 -0.597656
8 36 -0.579868
8 37 -0.564439
8 38 -0.551328
8 39 -0.540388
8 40 -0.531407
8 41 -0.524147
8 42 -0.518358
8 43 -0.513811
8 44 -0.510289
8 45 -0.507613
8 46 -0.505625
8 47 -0.504206
8 48 -0.503255
8 49 -0.502714
8 50 -0.502535
8 51 -0.502714
8 52 -0.503255
8 53 -0.504206
8 54 -0.505625
8 55 -0.507613
8 56 -0.510289
8 57 -0.513811
8 58 -0.518358
8 59 -0.524147
8 60 -0.531407
8 61 -0.540388
8 62 -0.551328
8 63 -0.564439
8 64 -0.579868
8 65 -0.597656
8 66 -0.617672
8 67 -0.639550
8 68 -0.662593
8 69 -0.685700
8 70 -0.707278
8 71 -0.725183
8 72 -0.736700
8 73 -0.738578
8 74 -0.727162
8 75 -0.698638
8 76 -0.649392
8 77 -0.576492
8 78 -0.478222
8 79 -0.354645
8 80 -0.208089
8 81 -0.043451
8 82 0.131802
8 83 0.308064
8 84 0.474470
8 85 0.620152
8 86 0.735632
8 87 0.814093
8 88 0.852226
8 89 0.850523
8 90 0.812969
8 91 0.746274
8 92 0.658805
8 93 0.559402
8 94 0.456403
8 95 0.356143
8 96 0.265117
8 97 0.178036
8 98 0.123719
8 99 0.000000

9 0 0.000000
9 1 0.118375
9 2 0.171964
9 3 0.257644
9 4 0.348656
9 5 0.449830
9 6 0.554713
9 7 0.656598
9 8 0.746604
9 9 0.815182
9 10 0.853201
9 11 0.853287
9 12 0.811049
9 13 0.726005
9 14 0.601990
9 15 0.446871
9 16 0.271585
9 17 0.088636
9 18 -0.089599
9 19 -0.252417
9 20 -0.391861
9 21 -0.503209
9 22 -0.584895
9 23 -0.638031
9 24 -0.665707
9 25 -0.672239
9 26 -0.662482
9 27 -0.641247
9 28 -0.612901
9 29 -0.581108
9 30 -0.548733
9 31 -0.517851
9 32 -0.489831
9 33 -0.465446
9 34 -0.445012
9 35 -0.428497
9 36 -0.415648
9 37 -0.406066
9 38 -0.399291
9 39 -0.394836
9 40 -0.392237
9 41 -0.391055
9 42 -0.390910
9 43 -0.391462
9 44 -0.392439
9 45 -0.393606
9 46 -0.394790
9 47 -0.395840
9 48 -0.396665
9 49 -0.397183
9 50 -0.397363
9 51 -0.397183
9 52 -0.396665
9 53 -0.395840
9 54 -0.394790
9 55 -0.393606
9 56 -0.392439
9 57 -0.391462
9 58 -0.390910
9 59 -0.391055
9 60 -0.392237
9 61 -0.394836
9 62 -0.399291
9 63 -0.406066
9 64 -0.415648
9 65 -0.428497
9 66 -0.445012
9 67 -0.465446
9 68 -0.489831
9 69 -0.517851
9 70 -0.548733
9 71 -0.581108
9 72 -0.612901
9 73 -0.641247
9 74 -0.662482
9 75 -0.672239
9 76 -0.665707
9 77 -0.638031
9 78 -0.584895
9 79 -0.503209
9 80 -0.391861
9 81 -0.252417
9 82 -0.089599
9 83 0.088636
9 84 0.271584
9 85 0.446868
9 86 0.601981
9 87 0.725983
9 88 0.810994
9 89 0.853161
9 90 0.852922
9 91 0.814593
9 92 0.745429
9 93 0.654324
9 94 0.550709
9 95 0.442254
9 96 0.338660
9 97 0.231969
9 98 0.167940
9 99 0.000000

10 0 0.000000
10 1 0.160175
10 2 0.223549
10 3 0.328285
10 4 0.431915
10 5 0.541482
10 6 0.647337
10 7 0.741258
10 8 0.813121
10 9 0.853201
10 10 0.853440
10 11 0.808918
10 12 0.718979
10 13 0.587783
10 14 0.424090
10 15 0.240217
10 16 0.050323
10 17 -0.131612
10 18 -0.293655
10 19 -0.427253
10 20 -0.527811
10 21 -0.594540
10 22 -0.629781
10 23 -0.638061
10 24 -0.625109
10 25 -0.596999
10 26 -0.559470
10 27 -0.517491
10 28 -0.475010
10 29 -0.434911
10 30 -0.399081
10 31 -0.368570
10 32 -0.343766
10 33 -0.324577
10 34 -0.310580
10 35 -0.301170
10 36 -0.295640
10 37 -0.293280
10 38 -0.293396
10 39 -0.295369
10 40 -0.298632
10 41 -0.302718
10 42 -0.307213
10 43 -0.311801
10 44 -0.316205
10 45 -0.320232
10 46 -0.323708
10 47 -0.326529
10 48 -0.328593
10 49 -0.329860
10 50 -0.330281
10 51 -0.329860
10 52 -0.328593
10 53 -0.326529
10 54 -0.323708
10 55 -0.320232
10 56 -0.316205
10 57 -0.311801
10 58 -0.307213
10 59 -0.302718
10 60 -0.298632
10 61 -0.295369
10 62 -0.293396
10 63 -0.293280
10 64 -0.295640
10 65 -0.301170
10 66 -0.310580
10 67 -0.324577
10 68 -0.343766
10 69 -0.368570
10 70 -0.399081
10 71 -0.434911
10 72 -0.475010
10 73 -0.517491
10 74 -0.559470
10 75 -0.596999
10 76 -0.625109
10 77 -0.638061
10 78 -0.629781
10 79 -0.594540
10 80 -0.527811
10 81 -0.427253
10 82 -0.293655
10 83 -0.131613
10 84 0.050320
10 85 0.240210
10 86 0.424072
10 87 0.587739
10 88 0.718876
10 89 0.808687
10 90 0.852946
10 91 0.852194
10 92 0.811179
10 93 0.737617
10 94 0.641162
10 95 0.530058
10 96 0.417689
10 97 0.291448
10 98 0.220259
10 99 0.000000

11 0 0.000000
11 1 0.209653
11 2 0.280642
11 3 0.404451
11 4 0.517221
11 5 0.629942
11 6 0.729339
11 7 0.806387
11 8 0.850589
11 9 0.853287
11 10 0.808918
11 11 0.716451
11 12 0.580128
11 13 0.409374
11 14 0.217729
11 15 0.020957
11 16 -0.165297
11 17 -0.327745
11 18 -0.457096
11 19 -0.548781
11 20 -0.602754
11 21 -0.622603
11 22 -0.614318
11 23 -0.585036
11 24 -0.541990
11 25 -0.491734
11 26 -0.439677
11 27 -0.389882
11 28 -0.345083
11 29 -0.306842
11 30 -0.275794
11 31 -0.251886
11 32 -0.234614
11 33 -0.223196
11 34 -0.216739
11 35 -0.214316
11 36 -0.215060
11 37 -0.218175
11 38 -0.222982
11 39 -0.228883
11 40 -0.235399
11 41 -0.242119
11 42 -0.248739
11 43 -0.254997
11 44 -0.260718
11 45 -0.265741
11 46 -0.269977
11 47 -0.273331
11 48 -0.275770
11 49 -0.277238
11 50 -0.277736
11 51 -0.277238
11 52 -0.275770
11 53 -0.273331
11 54 -0.269977
11 55 -0.265741
11 56 -0.260718
11 57 -0.254997
11 58 -0.248739
11 59 -0.242119
11 60 -0.235399
11 61 -0.228883
11 62 -0.222982
11 63 -0.218175
11 64 -0.215060
11 65 -0.214316
11 66 -0.216739
11 67 -0.223196
11 68 -0.234614
11 69 -0.251886
11 70 -0.275794
11 71 -0.306842
11 72 -0.345083
11 73 -0.389882
11 74 -0.439677
11 75 -0.491734
11 76 -0.541990
11 77 -0.585036
11 78 -0.614318
11 79 -0.622604
11 80 -0.602754
11 81 -0.548781
11 82 -0.457096
11 83 -0.327747
11 84 -0.165302
11 85 0.020943
11 86 0.217695
11 87 0.409292
11 88 0.579941
11 89 0.716044
11 90 0.808079
11 91 0.851632
11 92 0.847502
11 93 0.800768
11 94 0.720159
11 95 0.613308
11 96 0.497723
11 97 0.353329
11 98 0.279444
11 99 0.000000

12 0 0.000000
12 1 0.265789
12 2 0.340509
12 3 0.482188
12 4 0.598989
12 5 0.708339
12 6 0.792977
12 7 0.844187
12 8 0.852254
12 9 0.811049
12 10 0.718979
12 11 0.580128
12 12 0.404312
12 13 0.206082
12 14 0.002702
12 15 -0.188483
12 16 -0.352683
12 17 -0.479675
12 18 -0.564750
12 19 -0.608504
12 20 -0.615748
12 21 -0.593949
12 22 -0.551661
12 23 -0.497231
12 24 -0.437917
12 25 -0.379419
12 26 -0.325740
12 27 -0.279302
12 28 -0.241210
12 29 -0.211592
12 30 -0.189911
12 31 -0.175254
12 32 -0.166524
12 33 -0.162608
12 34 -0.162442
12 35 -0.165104
12 36 -0.169782
12 37 -0.175830
12 38 -0.182691
12 39 -0.189948
12 40 -0.197241
12 41 -0.204328
12 42 -0.210991
12 43 -0.217107
12 44 -0.222543
12 45 -0.227250
12 46 -0.231143
12 47 -0.234216
12 48 -0.236413
12 49 -0.237749
12 50 -0.238185
12 51 -0.237749
12 52 -0.236413
12 53 -0.234216
12 54 -0.231143
12 55 -0.227250
12 56 -0.222543
12 57 -0.217107
12 58 -0.210991
12 59 -0.204328
12 60 -0.197241
12 61 -0.189948
12 62 -0.182691
12 63 -0.175830
12 64 -0.169782
12 65 -0.165104
12 66 -0.162442
12 67 -0.162608
12 68 -0.166524
12 69 -0.175254
12 70 -0.189911
12 71 -0.211592
12 72 -0.241210
12 73 -0.279302
12 74 -0.325740
12 75 -0.379419
12 76 -0.437917
12 77 -0.497231
12 78 -0.551661
12 79 -0.593949
12 80 -0.615748
12 81 -0.608504
12 82 -0.564751
12 83 -0.479679
12 84 -0.352693
12 85 -0.188509
12 86 0.002637
12 87 0.205934
12 88 0.403985
12 89 0.579441
12 90 0.717607
12 91 0.808425
12 92 0.847519
12 93 0.835818
12 94 0.779802
12 95 0.684914
12 96 0.573225
12 97 0.413459
12 98 0.343328
12 99 0.000000

13 0 0.000000
13 1 0.326750
13 2 0.399526
13 3 0.556607
13 4 0.670893
13 5 0.769564
13 6 0.831042
13 7 0.848426
13 8 0.814104
13 9 0.726005
13 10 0.587783
13 11 0.409374
13 12 0.206082
13 13 -0.003471
13 14 -0.200226
13 15 -0.367720
13 16 -0.494533
13 17 -0.575537
13 18 -0.611775
13 19 -0.609185
13 20 -0.576707
13 21 -0.524329
13 22 -0.461508
13 23 -0.396149
13 24 -0.334129
13 25 -0.279252
13 26 -0.233496
13 27 -0.197402
13 28 -0.170528
13 29 -0.151833
13 30 -0.140016
13 31 -0.133713
13 32 -0.131663
13 33 -0.132750
13 34 -0.136072
13 35 -0.140886
13 36 -0.146643
13 37 -0.152889
13 38 -0.159314
13 39 -0.165646
13 40 -0.171731
13 41 -0.177415
13 42 -0.182642
13 43 -0.187318
13 44 -0.191437
13 45 -0.194934
13 46 -0.197830
13 47 -0.200072
13 48 -0.201696
13 49 -0.202654
13 50 -0.202989
13 51 -0.202654
13 52 -0.201696
13 53 -0.200072
13 54 -0.197830
13 55 -0.194934
13 56 -0.191437
13 57 -0.187318
13 58 -0.182642
13 59 -0.177415
13 60 -0.171731
13 61 -0.165646
13 62 -0.159314
13 63 -0.152889
13 64 -0.146643
13 65 -0.140886
13 66 -0.136072
13 67 -0.132750
13 68 -0.131663
13 69 -0.133713
13 70 -0.140016
13 71 -0.151833
13 72 -0.170528
13 73 -0.197402
13 74 -0.233496
13 75 -0.279252
13 76 -0.334129
13 77 -0.396149
13 78 -0.461508
13 79 -0.524329
13 80 -0.576707
13 81 -0.609186
13 82 -0.611777
13 83 -0.575545
13 84 -0.494553
13 85 -0.367769
13 86 -0.200341
13 87 -0.003729
13 88 0.205532
13 89 0.408256
13 90 0.585618
13 91 0.721992
13 92 0.807090
13 93 0.836369
13 94 0.812761
13 95 0.737606
13 96 0.638043
13 97 0.466960
13 98 0.408868
13 99 0.000000

14 0 0.000000
14 1 0.389940
14 2 0.453423
14 3 0.622268
14 4 0.726440
14 5 0.807009
14 6 0.837731
14 7 0.815331
14 8 0.735636
14 9 0.601990
14 10 0.424090
14 11 0.217729
14 12 0.002702
14 13 -0.200226
14 14 -0.372729
14 15 -0.501844
14 16 -0.581633
14 17 -0.613251
14 18 -0.603569
14 19 -0.562940
14 20 -0.502824
14 21 -0.433839
14 22 -0.364549
14 23 -0.300967
14 24 -0.246620
14 25 -0.202956
14 26 -0.169892
14 27 -0.146388
14 28 -0.130906
14 29 -0.121796
14 30 -0.117485
14 31 -0.116633
14 32 -0.118139
14 33 -0.121185
14 34 -0.125144
14 35 -0.129610
14 36 -0.134255
14 37 -0.138899
14 38 -0.143366
14 39 -0.147597
14 40 -0.151498
14 41 -0.155081
14 42 -0.158283
14 43 -0.161144
14 44 -0.163606
14 45 -0.165719
14 46 -0.167424
14 47 -0.168779
14 48 -0.169722
14 49 -0.170313
14 50 -0.170489
14 51 -0.170313
14 52 -0.169722
14 53 -0.168779
14 54 -0.167424
14 55 -0.165719
14 56 -0.163606
14 57 -0.161144
14 58 -0.158283
14 59 -0.155081
14 60 -0.151498
14 61 -0.147597
14 62 -0.143366
14 63 -0.138899
14 64 -0.134255
14 65 -0.129610
14 66 -0.125144
14 67 -0.121185
14 68 -0.118139
14 69 -0.116633
14 70 -0.117485
14 71 -0.121796
14 72 -0.130906
14 73 -0.146388
14 74 -0.169892
14 75 -0.202956
14 76 -0.246620
14 77 -0.300967
14 78 -0.364549
14 79 -0.433840
14 80 -0.502824
14 81 -0.562942
14 82 -0.603574
14 83 -0.613266
14 84 -0.581670
14 85 -0.501931
14 86 -0.372927
14 87 -0.200656
14 88 0.001811
14 89 0.215973
14 90 0.420792
14 91 0.596054
14 92 0.725583
14 93 0.798506
14 94 0.813169
14 95 0.764704
14 96 0.685988
14 97 0.508655
14 98 0.472317
14 99 0.000000

15 0 0.000000
15 1 0.452142
15 2 0.497635
15 3 0.673666
15 4 0.759625
15 5 0.815331
15 6 0.809416
15 7 0.744230
15 8 0.620153
15 9 0.446871
15 10 0.240217
15 11 0.020957
15 12 -0.188483
15 13 -0.367720
15 14 -0.501844
15 15 -0.583590
15 16 -0.613736
15 17 -0.599751
15 18 -0.553265
15 19 -0.487235
15 20 -0.413550
15 21 -0.341531
15 22 -0.277376
15 23 -0.224331
15 24 -0.183284
15 25 -0.153503
15 26 -0.133353
15 27 -0.120836
15 28 -0.114001
15 29 -0.111130
15 30 -0.110864
15 31 -0.112168
15 32 -0.114345
15 33 -0.116912
15 34 -0.119612
15 35 -0.122253
15 36 -0.124775
15 37 -0.127090
15 38 -0.129218
15 39 -0.131113
15 40 -0.132840
15 41 -0.134357
15 42 -0.135741
15 43 -0.136932
15 44 -0.138003
15 45 -0.138880
15 46 -0.139641
15 47 -0.140201
15 48 -0.140641
15 49 -0.140872
15 50 -0.140978
15 51 -0.140872
15 52 -0.140641
15 53 -0.140201
15 54 -0.139641
15 55 -0.138880
15 56 -0.138003
15 57 -0.136932
15 58 -0.135741
15 59 -0.134357
15 60 -0.132840
15 61 -0.131113
15 62 -0.129218
15 63 -0.127090
15 64 -0.124775
15 65 -0.122253
15 66 -0.119612
15 67 -0.116912
15 68 -0.114345
15 69 -0.112168
15 70 -0.110864
15 71 -0.111130
15 72 -0.114001
15 73 -0.120836
15 74 -0.133353
15 75 -0.153503
15 76 -0.183284
15 77 -0.224331
15 78 -0.277377
15 79 -0.341531
15 80 -0.413551
15 81 -0.487239
15 82 -0.553276
15 83 -0.599777
15 84 -0.613801
15 85 -0.583739
15 86 -0.502174
15 87 -0.368415
15 88 -0.189876
15 89 0.018289
15 90 0.235355
15 91 0.438367
15 92 0.606188
15 93 0.721451
15 94 0.777413
15 95 0.760904
15 96 0.711493
15 97 0.533575
15 98 0.529510
15 99 0.000000

16 0 0.000000
16 1 0.509749
16 2 0.527727
16 3 0.705784
16 4 0.765589
16 5 0.791113
16 6 0.745182
16 7 0.637775
16 8 0.474471
16 9 0.271585
16 10 0.050323
16 11 -0.165297
16 12 -0.352683
16 13 -0.494533
16 14 -0.581633
16 15 -0.613736
16 16 -0.598396
16 17 -0.548261
16 18 -0.477768
16 19 -0.400225
16 20 -0.325908
16 21 -0.261353
16 22 -0.209598
16 23 -0.170998
16 24 -0.144180
16 25 -0.126933
16 26 -0.116838
16 27 -0.111702
16 28 -0.109719
16 29 -0.109563
16 30 -0.110292
16 31 -0.111350
16 32 -0.112394
16 33 -0.113312
16 34 -0.114025
16 35 -0.114578
16 36 -0.114942
16 37 -0.115198
16 38 -0.115320
16 39 -0.115416
16 40 -0.115445
16 41 -0.115515
16 42 -0.115551
16 43 -0.115648
16 44 -0.115707
16 45 -0.115825
16 46 -0.115888
16 47 -0.115999
16 48 -0.116035
16 49 -0.116108
16 50 -0.116091
16 51 -0.116108
16 52 -0.116035
16 53 -0.115999
16 54 -0.115888
16 55 -0.115825
16 56 -0.115707
16 57 -0.115648
16 58 -0.115551
16 59 -0.115515
16 60 -0.115445
16 61 -0.115416
16 62 -0.115320
16 63 -0.115198
16 64 -0.114942
16 65 -0.114578
16 66 -0.114025
16 67 -0.113312
16 68 -0.112394
16 69 -0.111350
16 70 -0.110292
16 71 -0.109563
16 72 -0.109719
16 73 -0.111702
16 74 -0.116838
16 75 -0.126933
16 76 -0.144181
16 77 -0.170998
16 78 -0.209598
16 79 -0.261354
16 80 -0.325911
16 81 -0.400233
16 82 -0.477787
16 83 -0.548308
16 84 -0.598506
16 85 -0.613984
16 86 -0.582163
16 87 -0.495615
16 88 -0.354792
16 89 -0.169222
16 90 0.043374
16 91 0.259764
16 92 0.455639
16 93 0.607804
16 94 0.704687
16 95 0.722958
16 96 0.710244
16 97 0.537495
16 98 0.576219
16 99 0.000000

17 0 0.000000
17 1 0.559060
17 2 0.539844
17 3 0.714623
17 4 0.741185
17 5 0.733320
17 6 0.647014
17 7 0.501678
17 8 0.308064
17 9 0.088636
17 10 -0.131612
17 11 -0.327745
17 12 -0.479675
17 13 -0.575537
17 14 -0.613251
17 15 -0.599751
17 16 -0.548261
17 17 -0.474592
17 18 -0.393622
17 19 -0.316861
17 20 -0.251448
17 21 -0.200397
17 22 -0.163608
17 23 -0.139094
17 24 -0.124082
17 25 -0.115763
17 26 -0.111750
17 27 -0.110193
17 28 -0.109831
17 29 -0.109835
17 30 -0.109781
17 31 -0.109450
17 32 -0.108847
17 33 -0.107982
17 34 -0.106977
17 35 -0.105839
17 36 -0.104685
17 37 -0.103489
17 38 -0.102381
17 39 -0.101312
17 40 -0.100413
17 41 -0.099587
17 42 -0.098952
17 43 -0.098372
17 44 -0.097974
17 45 -0.097600
17 46 -0.097389
17 47 -0.097171
17 48 -0.097094
17 49 -0.096985
17 50 -0.097006
17 51 -0.096985
17 52 -0.097094
17 53 -0.097171
17 54 -0.097389
17 55 -0.097600
17 56 -0.097974
17 57 -0.098372
17 58 -0.098952
17 59 -0.099587
17 60 -0.100413
17 61 -0.101312
17 62 -0.102381
17 63 -0.103489
17 64 -0.104685
17 65 -0.105839
17 66 -0.106977
17 67 -0.107982
17 68 -0.108847
17 69 -0.109450
17 70 -0.109781
17 71 -0.109835
17 72 -0.109831
17 73 -0.110193
17 74 -0.111750
17 75 -0.115763
17 76 -0.124082
17 77 -0.139094
17 78 -0.163609
17 79 -0.200399
17 80 -0.251453
17 81 -0.316874
17 82 -0.393655
17 83 -0.474671
17 84 -0.548442
17 85 -0.600146
17 86 -0.614073
17 87 -0.577171
17 88 -0.482770
17 89 -0.333346
17 90 -0.141254
17 91 0.072666
17 92 0.283372
17 93 0.463296
17 94 0.597186
17 95 0.650128
17 96 0.679714
17 97 0.517437
17 98 0.608556
17 99 0.000000

18 0 0.000000
18 1 0.596610
18 2 0.531128
18 3 0.697647
18 4 0.685362
18 5 0.643451
18 6 0.519573
18 7 0.343991
18 8 0.131802
18 9 -0.089599
18 10 -0.293655
18 11 -0.457096
18 12 -0.564750
18 13 -0.611775
18 14 -0.603569
18 15 -0.553265
18 16 -0.477768
18 17 -0.393622
18 18 -0.313900
18 19 -0.246727
18 20 -0.195384
18 21 -0.159476
18 22 -0.136446
18 23 -0.122961
18 24 -0.115820
18 25 -0.112454
18 26 -0.111000
18 27 -0.110279
18 28 -0.109573
18 29 -0.108572
18 30 -0.107149
18 31 -0.105395
18 32 -0.103380
18 33 -0.101280
18 34 -0.099120
18 35 -0.097036
18 36 -0.094987
18 37 -0.093113
18 38 -0.091344
18 39 -0.089834
18 40 -0.088458
18 41 -0.087361
18 42 -0.086365
18 43 -0.085628
18 44 -0.084949
18 45 -0.084504
18 46 -0.084074
18 47 -0.083853
18 48 -0.083611
18 49 -0.083559
18 50 -0.083467
18 51 -0.083559
18 52 -0.083611
18 53 -0.083853
18 54 -0.084074
18 55 -0.084504
18 56 -0.084949
18 57 -0.085628
18 58 -0.086365
18 59 -0.087361
18 60 -0.088458
18 61 -0.089834
18 62 -0.091344
18 63 -0.093113
18 64 -0.094987
18 65 -0.097036
18 66 -0.099120
18 67 -0.101280
18 68 -0.103380
18 69 -0.105395
18 70 -0.107149
18 71 -0.108572
18 72 -0.109573
18 73 -0.110279
18 74 -0.111000
18 75 -0.112454
18 76 -0.115820
18 77 -0.122961
18 78 -0.136447
18 79 -0.159479
18 80 -0.195393
18 81 -0.246749
18 82 -0.313955
18 83 -0.393752
18 84 -0.478056
18 85 -0.553876
18 86 -0.604806
18 87 -0.614166
18 88 -0.569159
18 89 -0.464865
18 90 -0.306670
18 91 -0.110602
18 92 0.100275
18 93 0.296072
18 94 0.459877
18 95 0.544333
18 96 0.619490
18 97 0.472036
18 98 0.623351
18 99 0.000000

19 0 0.000000
19 1 0.619488
19 2 0.500027
19 3 0.654056
19 4 0.599282
19 5 0.525358
19 6 0.369606
19 7 0.174061
19 8 -0.043451
19 9 -0.252417
19 10 -0.427253
19 11 -0.548781
19 12 -0.608504
19 13 -0.609185
19 14 -0.562940
19 15 -0.487235
19 16 -0.400225
19 17 -0.316861
19 18 -0.246727
19 19 -0.193796
19 20 -0.157633
19 21 -0.135200
19 22 -0.122583
19 23 -0.116142
19 24 -0.113097
19 25 -0.111567
19 26 -0.110458
19 27 -0.109155
19 28 -0.107438
19 29 -0.105232
19 30 -0.102679
19 31 -0.099882
19 32 -0.097061
19 33 -0.094251
19 34 -0.091607
19 35 -0.089058
19 36 -0.086752
19 37 -0.084586
19 38 -0.082740
19 39 -0.081056
19 40 -0.079711
19 41 -0.078481
19 42 -0.077561
19 43 -0.076697
19 44 -0.076116
19 45 -0.075540
19 46 -0.075221
19 47 -0.074863
19 48 -0.074742
19 49 -0.074553
19 50 -0.074591
19 51 -0.074553
19 52 -0.074742
19 53 -0.074863
19 54 -0.075221
19 55 -0.075540
19 56 -0.076116
19 57 -0.076697
19 58 -0.077561
19 59 -0.078481
19 60 -0.079711
19 61 -0.081056
19 62 -0.082740
19 63 -0.084586
19 64 -0.086752
19 65 -0.089058
19 66 -0.091607
19 67 -0.094251
19 68 -0.097061
19 69 -0.099882
19 70 -0.102679
19 71 -0.105232
19 72 -0.107438
19 73 -0.109155
19 74 -0.110458
19 75 -0.111568
19 76 -0.113098
19 77 -0.116142
19 78 -0.122585
19 79 -0.135205
19 80 -0.157648
19 81 -0.193834
19 82 -0.246817
19 83 -0.317066
19 84 -0.400669
19 85 -0.488151
19 86 -0.564747
19 87 -0.612587
19 88 -0.614613
19 89 -0.559272
19 90 -0.444367
19 91 -0.279348
19 92 -0.082708
19 93 0.115657
19 94 0.299896
19 95 0.409937
19 96 0.531339
19 97 0.401739
19 98 0.618479
19 99 0.000000

20 0 0.000000
20 1 0.625595
20 2 0.446469
20 3 0.584857
20 4 0.486167
20 5 0.384763
20 6 0.205112
20 7 0.001404
20 8 -0.208089
20 9 -0.391861
20 10 -0.527811
20 11 -0.602754
20 12 -0.615748
20 13 -0.576707
20 14 -0.502824
20 15 -0.413550
20 16 -0.325908
20 17 -0.251448
20 18 -0.195384
20 19 -0.157633
20 20 -0.134836
20 21 -0.122482
20 22 -0.116393
20 23 -0.113492
20 24 -0.111830
20 25 -0.110382
20 26 -0.108631
20 27 -0.106420
20 28 -0.103696
20 29 -0.100615
20 30 -0.097290
20 31 -0.093981
20 32 -0.090743
20 33 -0.087754
20 34 -0.084921
20 35 -0.082391
20 36 -0.080024
20 37 -0.078018
20 38 -0.076185
20 39 -0.074734
20 40 -0.073396
20 41 -0.072403
20 42 -0.071444
20 43 -0.070801
20 44 -0.070134
20 45 -0.069764
20 46 -0.069319
20 47 -0.069153
20 48 -0.068876
20 49 -0.068869
20 50 -0.068736
20 51 -0.068869
20 52 -0.068876
20 53 -0.069153
20 54 -0.069319
20 55 -0.069764
20 56 -0.070134
20 57 -0.070801
20 58 -0.071444
20 59 -0.072403
20 60 -0.073396
20 61 -0.074734
20 62 -0.076185
20 63 -0.078018
20 64 -0.080024
20 65 -0.082391
20 66 -0.084921
20 67 -0.087754
20 68 -0.090743
20 69 -0.093981
20 70 -0.097290
20 71 -0.100615
20 72 -0.103696
20 73 -0.106420
20 74 -0.108631
20 75 -0.110382
20 76 -0.111830
20 77 -0.113493
20 78 -0.116397
20 79 -0.122492
20 80 -0.134861
20 81 -0.157694
20 82 -0.195527
20 83 -0.251763
20 84 -0.326571
20 85 -0.414884
20 86 -0.505389
20 87 -0.581416
20 88 -0.623994
20 89 -0.616566
20 90 -0.549767
20 91 -0.425582
20 92 -0.255827
20 93 -0.068186
20 94 0.125686
20 95 0.253239
20 96 0.419000
20 97 0.308774
20 98 0.593050
20 99 0.000000

21 0 0.000000
21 1 0.613825
21 2 0.371855
21 3 0.492714
21 4 0.350909
21 5 0.228584
21 6 0.034427
21 7 -0.165315
21 8 -0.354645
21 9 -0.503209
21 10 -0.594540
21 11 -0.622603
21 12 -0.593949
21 13 -0.524329
21 14 -0.433839
21 15 -0.341531
21 16 -0.261353
21 17 -0.200397
21 18 -0.159476
21 19 -0.135200
21 20 -0.122482
21 21 -0.116481
21 22 -0.113663
21 23 -0.111904
21 24 -0.110209
21 25 -0.108146
21 26 -0.105618
21 27 -0.102569
21 28 -0.099137
21 29 -0.095428
21 30 -0.091738
21 31 -0.088161
21 32 -0.084919
21 33 -0.081906
21 34 -0.079270
21 35 -0.076819
21 36 -0.074764
21 37 -0.072878
21 38 -0.071411
21 39 -0.070042
21 40 -0.069051
21 41 -0.068054
21 42 -0.067402
21 43 -0.066678
21 44 -0.066290
21 45 -0.065775
21 46 -0.065587
21 47 -0.065230
21 48 -0.065196
21 49 -0.064972
21 50 -0.065071
21 51 -0.064972
21 52 -0.065196
21 53 -0.065230
21 54 -0.065587
21 55 -0.065775
21 56 -0.066290
21 57 -0.066678
21 58 -0.067402
21 59 -0.068054
21 60 -0.069051
21 61 -0.070042
21 62 -0.071411
21 63 -0.072878
21 64 -0.074764
21 65 -0.076819
21 66 -0.079270
21 67 -0.081906
21 68 -0.084919
21 69 -0.088161
21 70 -0.091738
21 71 -0.095428
21 72 -0.099137
21 73 -0.102569
21 74 -0.105618
21 75 -0.108147
21 76 -0.110210
21 77 -0.111907
21 78 -0.113669
21 79 -0.116498
21 80 -0.122522
21 81 -0.135296
21 82 -0.159694
21 83 -0.200865
21 84 -0.262316
21 85 -0.343422
21 86 -0.437386
21 87 -0.530683
21 88 -0.604810
21 89 -0.640360
21 90 -0.622065
21 91 -0.544497
21 92 -0.411416
21 93 -0.246486
21 94 -0.053947
21 95 0.081753
21 96 0.287742
21 97 0.196911
21 98 0.547472
21 99 0.000000

22 0 0.000000
22 1 0.584117
22 2 0.278895
22 3 0.381624
22 4 0.199521
22 5 0.064194
22 6 -0.134598
22 7 -0.319014
22 8 -0.478222
22 9 -0.584895
22 10 -0.629781
22 11 -0.614318
22 12 -0.551661
22 13 -0.461508
22 14 -0.364549
22 15 -0.277376
22 16 -0.209598
22 17 -0.163608
22 18 -0.136446
22 19 -0.122583
22 20 -0.116393
22 21 -0.113663
22 22 -0.111913
22 23 -0.110084
22 24 -0.107817
22 25 -0.105085
22 26 -0.101832
22 27 -0.098155
22 28 -0.094134
22 29 -0.090095
22 30 -0.086188
22 31 -0.082709
22 32 -0.079563
22 33 -0.076891
22 34 -0.074442
22 35 -0.072418
22 36 -0.070549
22 37 -0.069122
22 38 -0.067773
22 39 -0.066825
22 40 -0.065827
22 41 -0.065194
22 42 -0.064430
22 43 -0.064037
22 44 -0.063459
22 45 -0.063254
22 46 -0.062819
22 47 -0.062763
22 48 -0.062451
22 49 -0.062526
22 50 -0.062331
22 51 -0.062526
22 52 -0.062451
22 53 -0.062763
22 54 -0.062819
22 55 -0.063254
22 56 -0.063459
22 57 -0.064037
22 58 -0.064430
22 59 -0.065194
22 60 -0.065827
22 61 -0.066825
22 62 -0.067773
22 63 -0.069122
22 64 -0.070549
22 65 -0.072418
22 66 -0.074442
22 67 -0.076891
22 68 -0.079563
22 69 -0.082709
22 70 -0.086188
22 71 -0.090095
22 72 -0.094134
22 73 -0.098155
22 74 -0.101832
22 75 -0.105085
22 76 -0.107819
22 77 -0.110087
22 78 -0.111924
22 79 -0.113689
22 80 -0.116457
22 81 -0.122730
22 82 -0.136769
22 83 -0.164287
22 84 -0.210959
22 85 -0.279988
22 86 -0.369333
22 87 -0.469881
22 88 -0.565637
22 89 -0.636642
22 90 -0.663546
22 91 -0.634399
22 92 -0.544327
22 93 -0.411815
22 94 -0.230693
22 95 -0.096576
22 96 0.143783
22 97 0.071053
22 98 0.483360
22 99 0.000000

23 0 0.000000
23 1 0.537413
23 2 0.171303
23 3 0.256478
23 4 0.038528
23 5 -0.101263
23 6 -0.295225
23 7 -0.454589
23 8 -0.576492
23 9 -0.638031
23 10 -0.638061
23 11 -0.585036
23 12 -0.497231
23 13 -0.396149
23 14 -0.300967
23 15 -0.224331
23 16 -0.170998
23 17 -0.139094
23 18 -0.122961
23 19 -0.116142
23 20 -0.113492
23 21 -0.111904
23 22 -0.110084
23 23 -0.107702
23 24 -0.104824
23 25 -0.101426
23 26 -0.097569
23 27 -0.093282
23 28 -0.088904
23 29 -0.084651
23 30 -0.080919
23 31 -0.077652
23 32 -0.074998
23 33 -0.072624
23 34 -0.070707
23 35 -0.068907
23 36 -0.067554
23 37 -0.066237
23 38 -0.065347
23 39 -0.064352
23 40 -0.063743
23 41 -0.062931
23 42 -0.062527
23 43 -0.061867
23 44 -0.061642
23 45 -0.061109
23 46 -0.061030
23 47 -0.060612
23 48 -0.060667
23 49 -0.060366
23 50 -0.060548
23 51 -0.060366
23 52 -0.060667
23 53 -0.060612
23 54 -0.061030
23 55 -0.061109
23 56 -0.061642
23 57 -0.061867
23 58 -0.062527
23 59 -0.062931
23 60 -0.063743
23 61 -0.064352
23 62 -0.065347
23 63 -0.066237
23 64 -0.067554
23 65 -0.068907
23 66 -0.070707
23 67 -0.072624
23 68 -0.074998
23 69 -0.077652
23 70 -0.080919
23 71 -0.084651
23 72 -0.088904
23 73 -0.093282
23 74 -0.097570
23 75 -0.101427
23 76 -0.104827
23 77 -0.107709
23 78 -0.110100
23 79 -0.111945
23 80 -0.113588
23 81 -0.116359
23 82 -0.123427
23 83 -0.140050
23 84 -0.172875
23 85 -0.227850
23 86 -0.307270
23 87 -0.406935
23 88 -0.514831
23 89 -0.612523
23 90 -0.678647
23 91 -0.696231
23 92 -0.651955
23 93 -0.558706
23 94 -0.397395
23 95 -0.274092
23 96 -0.006333
23 97 -0.063258
23 98 0.403326
23 99 0.000000

24 0 0.000000
24 1 0.475511
24 2 0.053436
24 3 0.122590
24 4 -0.125599
24 5 -0.261414
24 6 -0.442202
24 7 -0.568996
24 8 -0.649392
24 9 -0.665707
24 10 -0.625109
24 11 -0.541990
24 12 -0.437917
24 13 -0.334129
24 14 -0.246620
24 15 -0.183284
24 16 -0.144180
24 17 -0.124082
24 18 -0.115820
24 19 -0.113097
24 20 -0.111830
24 21 -0.110209
24 22 -0.107817
24 23 -0.104824
24 24 -0.101299
24 25 -0.097298
24 26 -0.092794
24 27 -0.088107
24 28 -0.083506
24 29 -0.079501
24 30 -0.076113
24 31 -0.073508
24 32 -0.071277
24 33 -0.069528
24 34 -0.067840
24 35 -0.066565
24 36 -0.065268
24 37 -0.064407
24 38 -0.063394
24 39 -0.062783
24 40 -0.061900
24 41 -0.061456
24 42 -0.060688
24 43 -0.060416
24 44 -0.059765
24 45 -0.059644
24 46 -0.059102
24 47 -0.059126
24 48 -0.058703
24 49 -0.058868
24 50 -0.058571
24 51 -0.058868
24 52 -0.058703
24 53 -0.059126
24 54 -0.059102
24 55 -0.059644
24 56 -0.059765
24 57 -0.060416
24 58 -0.060688
24 59 -0.061456
24 60 -0.061900
24 61 -0.062783
24 62 -0.063394
24 63 -0.064407
24 64 -0.065268
24 65 -0.066565
24 66 -0.067840
24 67 -0.069528
24 68 -0.071277
24 69 -0.073508
24 70 -0.076113
24 71 -0.079501
24 72 -0.083506
24 73 -0.088107
24 74 -0.092795
24 75 -0.097300
24 76 -0.101303
24 77 -0.104834
24 78 -0.107843
24 79 -0.110271
24 80 -0.111972
24 81 -0.113409
24 82 -0.116476
24 83 -0.125398
24 84 -0.146707
24 85 -0.187919
24 86 -0.254744
24 87 -0.347735
24 88 -0.459636
24 89 -0.575180
24 90 -0.672976
24 91 -0.732885
24 92 -0.733942
24 93 -0.683766
24 94 -0.548458
24 95 -0.444001
24 96 -0.156299
24 97 -0.200349
24 98 0.310698
24 99 0.000000

25 0 0.000000
25 1 0.400864
25 2 -0.070103
25 3 -0.014754
25 4 -0.286911
25 5 -0.411018
25 6 -0.571914
25 7 -0.661096
25 8 -0.698638
25 9 -0.672239
25 10 -0.596999
25 11 -0.491734
25 12 -0.379419
25 13 -0.279252
25 14 -0.202956
25 15 -0.153503
25 16 -0.126933
25 17 -0.115763
25 18 -0.112454
25 19 -0.111567
25 20 -0.110382
25 21 -0.108146
25 22 -0.105085
25 23 -0.101426
25 24 -0.097298
25 25 -0.092634
25 26 -0.087701
25 27 -0.082784
25 28 -0.078496
25 29 -0.074961
25 30 -0.072405
25 31 -0.070345
25 32 -0.068810
25 33 -0.067253
25 34 -0.066039
25 35 -0.064707
25 36 -0.063816
25 37 -0.062723
25 38 -0.062072
25 39 -0.061074
25 40 -0.060561
25 41 -0.059644
25 42 -0.059303
25 43 -0.058502
25 44 -0.058333
25 45 -0.057643
25 46 -0.057632
25 47 -0.057063
25 48 -0.057212
25 49 -0.056776
25 50 -0.057073
25 51 -0.056776
25 52 -0.057212
25 53 -0.057063
25 54 -0.057632
25 55 -0.057643
25 56 -0.058333
25 57 -0.058502
25 58 -0.059303
25 59 -0.059644
25 60 -0.060561
25 61 -0.061074
25 62 -0.062072
25 63 -0.062723
25 64 -0.063816
25 65 -0.064707
25 66 -0.066039
25 67 -0.067253
25 68 -0.068810
25 69 -0.070345
25 70 -0.072405
25 71 -0.074961
25 72 -0.078496
25 73 -0.082784
25 74 -0.087702
25 75 -0.092636
25 76 -0.097304
25 77 -0.101442
25 78 -0.105123
25 79 -0.108237
25 80 -0.110586
25 81 -0.112005
25 82 -0.113354
25 83 -0.117533
25 84 -0.130260
25 85 -0.159480
25 86 -0.213215
25 87 -0.296081
25 88 -0.405720
25 89 -0.531087
25 90 -0.652457
25 91 -0.748464
25 92 -0.791717
25 93 -0.785531
25 94 -0.680015
25 95 -0.600764
25 96 -0.300500
25 97 -0.334864
25 98 0.209200
25 99 0.000000

26 0 0.000000
26 1 0.316343
26 2 -0.194808
26 3 -0.150660
26 4 -0.440326
26 5 -0.546158
26 6 -0.682338
26 7 -0.731337
26 8 -0.727162
26 9 -0.662482
26 10 -0.559470
26 11 -0.439677
26 12 -0.325740
26 13 -0.233496
26 14 -0.169892
26 15 -0.133353
26 16 -0.116838
26 17 -0.111750
26 18 -0.111000
26 19 -0.110458
26 20 -0.108631
26 21 -0.105618
26 22 -0.101832
26 23 -0.097569
26 24 -0.092794
26 25 -0.087701
26 26 -0.082537
