0 0 0.000000
0 1 0.000000
0 2 0.000000
0 3 0.000000
0 4 0.000000
0 5 0.000000
0 6 0.000000
0 7 0.000000
0 8 0.000000
0 9 0.000000
0 10 0.000000
0 11 0.000000
0 12 0.000000
0 13 0.000000
0 14 0.000000
0 15 0.000000
0 16 0.000000
0 17 0.000000
0 18 0.000000
0 19 0.000000
0 20 0.000000
0 21 0.000000
0 22 0.000000
0 23 0.000000
0 24 0.000000
0 25 0.000000
0 26 0.000000
0 27 0.000000
0 28 0.000000
0 29 0.000000
0 30 0.000000
0 31 0.000000
0 32 0.000000
0 33 0.000000
0 34 0.000000
0 35 0.000000
0 36 0.000000
0 37 0.000000
0 38 0.000000
0 39 0.000000
0 40 0.000000
0 41 0.000000
0 42 0.000000
0 43 0.000000
0 44 0.000000
0 45 0.000000
0 46 0.000000
0 47 0.000000
0 48 0.000000
0 49 0.000000
0 50 0.000000
0 51 0.000000
0 52 0.000000
0 53 0.000000
0 54 0.000000
0 55 0.000000
0 56 0.000000
0 57 0.000000
0 58 0.000000
0 59 0.000000
0 60 0.000000
0 61 0.000000
0 62 0.000000
0 63 0.000000
0 64 0.000000
0 65 0.000000
0 66 0.000000
0 67 0.000000
0 68 0.000000
0 69 0.000000
0 70 0.000000
0 71 0.000000
0 72 0.000000
0 73 0.000000
0 74 0.000000
0 75 0.000000
0 76 0.000000
0 77 0.000000
0 78 0.000000
0 79 0.000000
0 80 0.000000
0 81 0.000000
0 82 0.000000
0 83 0.000000
0 84 0.000000
0 85 0.000000
0 86 0.000000
0 87 0.000000
0 88 0.000000
0 89 0.000000
0 90 0.000000
0 91 0.000000
0 92 0.000000
0 93 0.000000
0 94 0.000000
0 95 0.000000
0 96 0.000000
0 97 0.000000
0 98 0.000000
0 99 0.000000

1 0 0.000000
1 1 -0.050132
1 2 0.017142
1 3 -0.000964
1 4 0.016632
1 5 0.020166
1 6 0.012298
1 7 0.010785
1 8 -0.005297
1 9 -0.016147
1 10 -0.033888
1 11 -0.048093
1 12 -0.063054
1 13 -0.074208
1 14 -0.082888
1 15 -0.087427
1 16 -0.088535
1 17 -0.086098
1 18 -0.080832
1 19 -0.073390
1 20 -0.064486
1 21 -0.054921
1 22 -0.045252
1 23 -0.035990
1 24 -0.027427
1 25 -0.019630
1 26 -0.012681
1 27 -0.006342
1 28 -0.000696
1 29 0.004509
1 30 0.008982
1 31 0.012788
1 32 0.015431
1 33 0.016862
1 34 0.016617
1 35 0.014792
1 36 0.011239
1 37 0.006376
1 38 0.000432
1 39 -0.005941
1 40 -0.012359
1 41 -0.018220
1 42 -0.023286
1 43 -0.027248
1 44 -0.030160
1 45 -0.032025
1 46 -0.033114
1 47 -0.033586
1 48 -0.033747
1 49 -0.033723
1 50 -0.033707
1 51 -0.033688
1 52 -0.033681
1 53 -0.033515
1 54 -0.033045
1 55 -0.032003
1 56 -0.030184
1 57 -0.027374
1 58 -0.023485
1 59 -0.018547
1 60 -0.012737
1 61 -0.006419
1 62 -0.000009
1 63 0.005922
1 64 0.010957
1 65 0.014603
1 66 0.016721
1 67 0.017102
1 68 0.015968
1 69 0.013346
1 70 0.009639
1 71 0.004886
1 72 -0.000599
1 73 -0.006909
1 74 -0.013915
1 75 -0.021735
1 76 -0.030287
1 77 -0.039453
1 78 -0.048995
1 79 -0.058406
1 80 -0.067224
1 81 -0.074706
1 82 -0.080279
1 83 -0.083397
1 84 -0.083528
1 85 -0.080879
1 86 -0.074914
1 87 -0.067212
1 88 -0.056565
1 89 -0.047031
1 90 -0.034470
1 91 -0.028313
1 92 -0.016437
1 93 -0.018332
1 94 -0.010718
1 95 -0.016162
1 96 -0.027640
1 97 -0.008086
1 98 -0.070045
1 99 0.000000

2 0 0.000000
2 1 0.017142
2 2 0.096772
2 3 0.087014
2 4 0.127307
2 5 0.126961
2 6 0.126363
2 7 0.117498
2 8 0.096351
2 9 0.074983
2 10 0.046937
2 11 0.021243
2 12 -0.004291
2 13 -0.025272
2 14 -0.042265
2 15 -0.053714
2 16 -0.060309
2 17 -0.062085
2 18 -0.060069
2 19 -0.055063
2 20 -0.048087
2 21 -0.040095
2 22 -0.031773
2 23 -0.023819
2 24 -0.016451
2 25 -0.009949
2 26 -0.004157
2 27 0.000938
2 28 0.005577
2 29 0.009743
2 30 0.013436
2 31 0.016358
2 32 0.018188
2 33 0.018447
2 34 0.016799
2 35 0.013006
2 36 0.007199
2 37 -0.000247
2 38 -0.008537
2 39 -0.016760
2 40 -0.023805
2 41 -0.028788
2 42 -0.030956
2 43 -0.030104
2 44 -0.026327
2 45 -0.020338
2 46 -0.013014
2 47 -0.005621
2 48 0.000760
2 49 0.005021
2 50 0.006589
2 51 0.005117
2 52 0.000945
2 53 -0.005370
2 54 -0.012719
2 55 -0.020042
2 56 -0.026059
2 57 -0.029916
2 58 -0.030871
2 59 -0.028852
2 60 -0.024007
2 61 -0.017117
2 62 -0.008983
2 63 -0.000748
2 64 0.006767
2 65 0.012719
2 66 0.016808
2 67 0.018821
2 68 0.019025
2 69 0.017642
2 70 0.015110
2 71 0.011643
2 72 0.007437
2 73 0.002464
2 74 -0.003371
2 75 -0.010170
2 76 -0.018006
2 77 -0.026692
2 78 -0.035910
2 79 -0.044992
2 80 -0.053109
2 81 -0.059288
2 82 -0.062394
2 83 -0.061645
2 84 -0.056012
2 85 -0.045560
2 86 -0.029730
2 87 -0.010145
2 88 0.013532
2 89 0.037079
2 90 0.062464
2 91 0.080986
2 92 0.099575
2 93 0.105115
2 94 0.105387
2 95 0.102462
2 96 0.064564
2 97 0.076855
2 98 -0.008171
2 99 0.000000

3 0 0.000000
3 1 -0.000964
3 2 0.087014
3 3 0.070836
3 4 0.108748
3 5 0.107959
3 6 0.101545
3 7 0.092509
3 8 0.066280
3 9 0.043810
3 10 0.012311
3 11 -0.014670
3 12 -0.042150
3 13 -0.063889
3 14 -0.081538
3 15 -0.092911
3 16 -0.099054
3 17 -0.099853
3 18 -0.096419
3 19 -0.089560
3 20 -0.080345
3 21 -0.069742
3 22 -0.058571
3 23 -0.047483
3 24 -0.036941
3 25 -0.027092
3 26 -0.018097
3 27 -0.009725
3 28 -0.002101
3 29 0.005016
3 30 0.011212
3 31 0.016434
3 32 0.019909
3 33 0.021378
3 34 0.020080
3 35 0.016035
3 36 0.009062
3 37 -0.000086
3 38 -0.010768
3 39 -0.021576
3 40 -0.031447
3 41 -0.038980
3 42 -0.043496
3 43 -0.044377
3 44 -0.041933
3 45 -0.036622
3 46 -0.029686
3 47 -0.022255
3 48 -0.015829
3 49 -0.011384
3 50 -0.009850
3 51 -0.011340
3 52 -0.015742
3 53 -0.022146
3 54 -0.029555
3 55 -0.036511
3 56 -0.041837
3 57 -0.044357
3 58 -0.043531
3 59 -0.039143
3 60 -0.031682
3 61 -0.021958
3 62 -0.011183
3 63 -0.000600
3 64 0.008632
3 65 0.015625
3 66 0.019926
3 67 0.021387
3 68 0.020314
3 69 0.017057
3 70 0.012202
3 71 0.006066
3 72 -0.000995
3 73 -0.008975
3 74 -0.017853
3 75 -0.027731
3 76 -0.038619
3 77 -0.050308
3 78 -0.062477
3 79 -0.074363
3 80 -0.085194
3 81 -0.093832
3 82 -0.099212
3 83 -0.100375
3 84 -0.096270
3 85 -0.086917
3 86 -0.071445
3 87 -0.051905
3 88 -0.026972
3 89 -0.002481
3 90 0.026126
3 91 0.045893
3 92 0.069806
3 93 0.075860
3 94 0.082740
3 95 0.080288
3 96 0.046149
3 97 0.064685
3 98 -0.027762
3 99 0.000000

4 0 0.000000
4 1 0.016632
4 2 0.127307
4 3 0.108748
4 4 0.165695
4 5 0.163905
4 6 0.164470
4 7 0.154550
4 8 0.127387
4 9 0.101322
4 10 0.064717
4 11 0.031599
4 12 -0.002861
4 13 -0.031731
4 14 -0.056497
4 15 -0.074418
4 16 -0.086441
4 17 -0.092089
4 18 -0.092452
4 19 -0.088247
4 20 -0.080555
4 21 -0.070553
4 22 -0.059055
4 23 -0.047147
4 24 -0.035202
4 25 -0.023888
4 26 -0.013159
4 27 -0.003291
4 28 0.005885
4 29 0.014128
4 30 0.021320
4 31 0.026910
4 32 0.030382
4 33 0.030987
4 34 0.028257
4 35 0.021856
4 36 0.012070
4 37 -0.000460
4 38 -0.014394
4 39 -0.028244
4 40 -0.040161
4 41 -0.048713
4 42 -0.052625
4 43 -0.051574
4 44 -0.045673
4 45 -0.036106
4 46 -0.024283
4 47 -0.012314
4 48 -0.001954
4 49 0.004935
4 50 0.007440
4 51 0.004956
4 52 -0.001912
4 53 -0.012267
4 54 -0.024228
4 55 -0.036071
4 56 -0.045649
4 57 -0.051595
4 58 -0.052668
4 59 -0.048812
4 60 -0.040267
4 61 -0.028385
4 62 -0.014488
4 63 -0.000527
4 64 0.012139
4 65 0.022042
4 66 0.028669
4 67 0.031586
4 68 0.031228
4 69 0.027917
4 70 0.022444
4 71 0.015224
4 72 0.006767
4 73 -0.002782
4 74 -0.013318
4 75 -0.024775
4 76 -0.037079
4 77 -0.049818
4 78 -0.062523
4 79 -0.074266
4 80 -0.084058
4 81 -0.090749
4 82 -0.093035
4 83 -0.090179
4 84 -0.080933
4 85 -0.065765
4 86 -0.043723
4 87 -0.017470
4 88 0.014267
4 89 0.044875
4 90 0.078823
4 91 0.102383
4 92 0.127819
4 93 0.134740
4 94 0.135422
4 95 0.133681
4 96 0.080428
4 97 0.102772
4 98 -0.016278
4 99 0.000000

5 0 0.000000
5 1 0.020166
5 2 0.126961
5 3 0.107959
5 4 0.163905
5 5 0.161731
5 6 0.161443
5 7 0.152455
5 8 0.124578
5 9 0.099485
5 10 0.062201
5 11 0.029045
5 12 -0.006674
5 13 -0.036906
5 14 -0.063785
5 15 -0.084020
5 16 -0.098592
5 17 -0.106640
5 18 -0.109140
5 19 -0.106485
5 20 -0.099768
5 21 -0.089917
5 22 -0.077989
5 23 -0.064879
5 24 -0.051395
5 25 -0.038008
5 26 -0.025188
5 27 -0.012949
5 28 -0.001642
5 29 0.008809
5 30 0.017767
5 31 0.025006
5 32 0.029470
5 33 0.030736
5 34 0.027818
5 35 0.020778
5 36 0.009509
5 37 -0.004785
5 38 -0.020983
5 39 -0.036873
5 40 -0.050732
5 41 -0.060390
5 42 -0.064804
5 43 -0.063098
5 44 -0.055889
5 45 -0.044085
5 46 -0.029870
5 47 -0.015264
5 48 -0.002880
5 49 0.005554
5 50 0.008426
5 51 0.005527
5 52 -0.002928
5 53 -0.015345
5 54 -0.029966
5 55 -0.044218
5 56 -0.056021
5 57 -0.063262
5 58 -0.064936
5 59 -0.060533
5 60 -0.050794
5 61 -0.036916
5 62 -0.020887
5 63 -0.004641
5 64 0.009844
5 65 0.021165
5 66 0.028407
5 67 0.031334
5 68 0.030213
5 69 0.025650
5 70 0.018413
5 71 0.009189
5 72 -0.001477
5 73 -0.013232
5 74 -0.025908
5 75 -0.039276
5 76 -0.053184
5 77 -0.067081
5 78 -0.080453
5 79 -0.092272
5 80 -0.101616
5 81 -0.107295
5 82 -0.108215
5 83 -0.103659
5 84 -0.092631
5 85 -0.075680
5 86 -0.051922
5 87 -0.024300
5 88 0.008962
5 89 0.040327
5 90 0.075902
5 91 0.099681
5 92 0.127109
5 93 0.134150
5 94 0.136615
5 95 0.135729
5 96 0.083109
5 97 0.105952
5 98 -0.010827
5 99 0.000000

6 0 0.000000
6 1 0.012298
6 2 0.126363
6 3 0.101545
6 4 0.164470
6 5 0.161443
6 6 0.166655
6 7 0.160807
6 8 0.137232
6 9 0.115940
6 10 0.081336
6 11 0.050077
6 12 0.014514
6 13 -0.016696
6 14 -0.046053
6 15 -0.069627
6 16 -0.088258
6 17 -0.100534
6 18 -0.107032
6 19 -0.107870
6 20 -0.103713
6 21 -0.095601
6 22 -0.084244
6 23 -0.070989
6 24 -0.056375
6 25 -0.041508
6 26 -0.026596
6 27 -0.012324
6 28 0.001258
6 29 0.013579
6 30 0.024332
6 31 0.032669
6 32 0.037882
6 33 0.038971
6 34 0.035366
6 35 0.026659
6 36 0.013320
6 37 -0.003751
6 38 -0.022670
6 39 -0.041409
6 40 -0.057402
6 41 -0.068711
6 42 -0.073562
6 43 -0.071546
6 44 -0.062806
6 45 -0.049025
6 46 -0.032148
6 47 -0.015157
6 48 -0.000485
6 49 0.009230
6 50 0.012731
6 51 0.009152
6 52 -0.000630
6 53 -0.015370
6 54 -0.032396
6 55 -0.049307
6 56 -0.063068
6 57 -0.071788
6 58 -0.073708
6 59 -0.068775
6 60 -0.057296
6 61 -0.041175
6 62 -0.022227
6 63 -0.003190
6 64 0.014056
6 65 0.027421
6 66 0.036174
6 67 0.039638
6 68 0.038398
6 69 0.032861
6 70 0.024180
6 71 0.013009
6 72 0.000257
6 73 -0.013656
6 74 -0.028263
6 75 -0.043205
6 76 -0.058111
6 77 -0.072300
6 78 -0.085141
6 79 -0.095601
6 80 -0.102768
6 81 -0.105697
6 82 -0.103399
6 83 -0.095678
6 84 -0.081610
6 85 -0.062429
6 86 -0.037084
6 87 -0.009219
6 88 0.023554
6 89 0.053008
6 90 0.086386
6 91 0.107064
6 92 0.131406
6 93 0.136301
6 94 0.134683
6 95 0.135548
6 96 0.076599
6 97 0.106049
6 98 -0.018360
6 99 0.000000

7 0 0.000000
7 1 0.010785
7 2 0.117498
7 3 0.092509
7 4 0.154550
7 5 0.152455
7 6 0.160807
7 7 0.159074
7 8 0.139985
7 9 0.123853
7 10 0.093089
7 11 0.065213
7 12 0.031084
7 13 0.000054
7 14 -0.030901
7 15 -0.057213
7 16 -0.079649
7 17 -0.096101
7 18 -0.106949
7 19 -0.111642
7 20 -0.110834
7 21 -0.105034
7 22 -0.095240
7 23 -0.082422
7 24 -0.067640
7 25 -0.051703
7 26 -0.035453
7 27 -0.019274
7 28 -0.003878
7 29 0.010506
7 30 0.022895
7 31 0.032814
7 32 0.038879
7 33 0.040513
7 34 0.036521
7 35 0.027049
7 36 0.012071
7 37 -0.006767
7 38 -0.027927
7 39 -0.048479
7 40 -0.066165
7 41 -0.078147
7 42 -0.083108
7 43 -0.079929
7 44 -0.069492
7 45 -0.053028
7 46 -0.033487
7 47 -0.013553
7 48 0.003265
7 49 0.014686
7 50 0.018542
7 51 0.014583
7 52 0.003075
7 53 -0.013822
7 54 -0.033787
7 55 -0.053348
7 56 -0.069753
7 57 -0.080127
7 58 -0.083140
7 59 -0.078036
7 60 -0.065800
7 61 -0.047938
7 62 -0.027115
7 63 -0.005843
7 64 0.013172
7 65 0.028079
7 66 0.037519
7 67 0.041175
7 68 0.039253
7 69 0.032622
7 70 0.022252
7 71 0.009272
7 72 -0.005479
7 73 -0.021155
7 74 -0.037298
7 75 -0.053201
7 76 -0.068475
7 77 -0.082193
7 78 -0.093757
7 79 -0.102044
7 80 -0.106324
7 81 -0.105769
7 82 -0.099765
7 83 -0.088398
7 84 -0.071210
7 85 -0.049764
7 86 -0.023280
7 87 0.004297
7 88 0.035696
7 89 0.062239
7 90 0.092500
7 91 0.108999
7 92 0.130045
7 93 0.131959
7 94 0.128175
7 95 0.129125
7 96 0.070900
7 97 0.100874
7 98 -0.016375
7 99 0.000000

8 0 0.000000
8 1 -0.005297
8 2 0.096351
8 3 0.066280
8 4 0.127387
8 5 0.124578
8 6 0.137232
8 7 0.139985
8 8 0.127595
8 9 0.118512
8 10 0.094276
8 11 0.072369
8 12 0.042346
8 13 0.013984
8 14 -0.016330
8 15 -0.043529
8 16 -0.068231
8 17 -0.087896
8 18 -0.102334
8 19 -0.110785
8 20 -0.113220
8 21 -0.110267
8 22 -0.102306
8 23 -0.090732
8 24 -0.076104
8 25 -0.059851
8 26 -0.042392
8 27 -0.024825
8 28 -0.007469
8 29 0.008693
8 30 0.023066
8 31 0.034408
8 32 0.041751
8 33 0.043777
8 34 0.039807
8 35 0.029345
8 36 0.013058
8 37 -0.007909
8 38 -0.031132
8 39 -0.054090
8 40 -0.073545
8 41 -0.087123
8 42 -0.092593
8 43 -0.089507
8 44 -0.078028
8 45 -0.060318
8 46 -0.038788
8 47 -0.017215
8 48 0.001387
8 49 0.013670
8 50 0.018105
8 51 0.013566
8 52 0.001197
8 53 -0.017477
8 54 -0.039064
8 55 -0.060590
8 56 -0.078212
8 57 -0.089593
8 58 -0.092487
8 59 -0.086854
8 60 -0.073028
8 61 -0.053417
8 62 -0.030251
8 63 -0.006995
8 64 0.014014
8 65 0.030098
8 66 0.040341
8 67 0.043834
8 68 0.041333
8 69 0.033354
8 70 0.021458
8 71 0.006588
8 72 -0.009875
8 73 -0.027177
8 74 -0.044432
8 75 -0.060977
8 76 -0.076141
8 77 -0.089052
8 78 -0.099002
8 79 -0.105026
8 80 -0.106472
8 81 -0.102870
8 82 -0.093816
8 83 -0.079974
8 84 -0.061043
8 85 -0.039291
8 86 -0.013737
8 87 0.010972
8 88 0.038438
8 89 0.059354
8 90 0.083853
8 91 0.094149
8 92 0.109734
8 93 0.108295
8 94 0.101351
8 95 0.104225
8 96 0.047349
8 97 0.082645
8 98 -0.028136
8 99 0.000000

9 0 0.000000
9 1 -0.016147
9 2 0.074983
9 3 0.043810
9 4 0.101322
9 5 0.099485
9 6 0.115940
9 7 0.123853
9 8 0.118512
9 9 0.117061
9 10 0.100018
9 11 0.084817
9 12 0.059701
9 13 0.034839
9 14 0.005896
9 15 -0.021466
9 16 -0.048062
9 17 -0.070579
9 18 -0.088822
9 19 -0.101196
9 20 -0.107726
9 21 -0.108268
9 22 -0.103449
9 23 -0.094020
9 24 -0.080984
9 25 -0.065251
9 26 -0.047845
9 27 -0.029416
9 28 -0.011015
9 29 0.006791
9 30 0.022591
9 31 0.035570
9 32 0.043911
9 33 0.046809
9 34 0.042783
9 35 0.032017
9 36 0.014496
9 37 -0.007745
9 38 -0.032852
9 39 -0.057260
9 40 -0.078288
9 41 -0.092504
9 42 -0.098379
9 43 -0.094536
9 44 -0.082080
9 45 -0.062428
9 46 -0.039145
9 47 -0.015371
9 48 0.004664
9 49 0.018305
9 50 0.022916
9 51 0.018258
9 52 0.004591
9 53 -0.015457
9 54 -0.039187
9 55 -0.062414
9 56 -0.081927
9 57 -0.094258
9 58 -0.097889
9 59 -0.091869
9 60 -0.077439
9 61 -0.056339
9 62 -0.031816
9 63 -0.006819
9 64 0.015340
9 65 0.032497
9 66 0.042948
9 67 0.046390
9 68 0.043034
9 69 0.034079
9 70 0.020742
9 71 0.004645
9 72 -0.013069
9 73 -0.031058
9 74 -0.048639
9 75 -0.064709
9 76 -0.078809
9 77 -0.089809
9 78 -0.097258
9 79 -0.100141
9 80 -0.098155
9 81 -0.090995
9 82 -0.078693
9 83 -0.062239
9 84 -0.041754
9 85 -0.019855
9 86 0.004272
9 87 0.025732
9 88 0.048553
9 89 0.063277
9 90 0.081172
9 91 0.084556
9 92 0.093908
9 93 0.088210
9 94 0.078069
9 95 0.081094
9 96 0.027852
9 97 0.064400
9 98 -0.034186
9 99 0.000000

10 0 0.000000
10 1 -0.033888
10 2 0.046937
10 3 0.012311
10 4 0.064717
10 5 0.062201
10 6 0.081336
10 7 0.093089
10 8 0.094276
10 9 0.100018
10 10 0.090427
10 11 0.082573
10 12 0.063544
10 13 0.043680
10 14 0.017981
10 15 -0.007715
10 16 -0.034178
10 17 -0.057998
10 18 -0.078435
10 19 -0.093906
10 20 -0.103653
10 21 -0.107699
10 22 -0.105843
10 23 -0.099185
10 24 -0.087969
10 25 -0.073634
10 26 -0.056557
10 27 -0.038084
10 28 -0.018722
10 29 0.000130
10 30 0.017545
10 31 0.031791
10 32 0.041561
10 33 0.045127
10 34 0.041644
10 35 0.030452
10 36 0.012372
10 37 -0.011295
10 38 -0.037664
10 39 -0.063845
10 40 -0.086023
10 41 -0.101505
10 42 -0.107658
10 43 -0.104023
10 44 -0.090725
10 45 -0.070309
10 46 -0.045481
10 47 -0.020642
10 48 0.000816
10 49 0.014985
10 50 0.020173
10 51 0.015021
10 52 0.000906
10 53 -0.020496
10 54 -0.045234
10 55 -0.069971
10 56 -0.090239
10 57 -0.103434
10 58 -0.106918
10 59 -0.100718
10 60 -0.085158
10 61 -0.063073
10 62 -0.036969
10 63 -0.010900
10 64 0.012499
10 65 0.030085
10 66 0.040868
10 67 0.043787
10 68 0.039841
10 69 0.029692
10 70 0.015356
10 71 -0.001924
10 72 -0.020299
10 73 -0.038738
10 74 -0.056027
10 75 -0.071363
10 76 -0.083972
10 77 -0.093040
10 78 -0.098014
10 79 -0.098235
10 80 -0.093464
10 81 -0.083821
10 82 -0.069481
10 83 -0.051935
10 84 -0.031354
10 85 -0.010909
10 86 0.010529
10 87 0.027483
10 88 0.044931
10 89 0.052874
10 90 0.064059
10 91 0.060774
10 92 0.064272
10 93 0.055330
10 94 0.042860
10 95 0.047435
10 96 -0.000614
10 97 0.039169
10 98 -0.046672
10 99 0.000000

11 0 0.000000
11 1 -0.048093
11 2 0.021243
11 3 -0.014670
11 4 0.031599
11 5 0.029045
11 6 0.050077
11 7 0.065213
11 8 0.072369
11 9 0.084817
11 10 0.082573
11 11 0.082281
11 12 0.069936
11 13 0.056136
11 14 0.034856
11 15 0.012401
11 16 -0.012659
11 17 -0.036274
11 18 -0.058080
11 19 -0.075694
11 20 -0.088594
11 21 -0.095919
11 22 -0.097699
11 23 -0.094164
11 24 -0.085905
11 25 -0.073575
11 26 -0.058088
11 27 -0.040122
11 28 -0.020930
11 29 -0.001339
11 30 0.016806
11 31 0.032329
11 32 0.042917
11 33 0.047489
11 34 0.044205
11 35 0.033230
11 36 0.014465
11 37 -0.009757
11 38 -0.037405
11 39 -0.064409
11 40 -0.087821
11 41 -0.103723
11 42 -0.110465
11 43 -0.106418
11 44 -0.092869
11 45 -0.071287
11 46 -0.045689
11 47 -0.019455
11 48 0.002654
11 49 0.017792
11 50 0.022953
11 51 0.017956
11 52 0.002990
11 53 -0.018964
11 54 -0.045024
11 55 -0.070494
11 56 -0.091928
11 57 -0.105425
11 58 -0.109407
11 59 -0.102755
11 60 -0.086936
11 61 -0.063811
11 62 -0.037063
11 63 -0.009891
11 64 0.013953
11 65 0.032156
11 66 0.042782
11 67 0.045632
11 68 0.040970
11 69 0.030350
11 70 0.015229
11 71 -0.002305
11 72 -0.020872
11 73 -0.038735
11 74 -0.055144
11 75 -0.068801
11 76 -0.079430
11 77 -0.085947
11 78 -0.088313
11 79 -0.085800
11 80 -0.078658
11 81 -0.067078
11 82 -0.051636
11 83 -0.033974
11 84 -0.014478
11 85 0.003516
11 86 0.021239
11 87 0.033083
11 88 0.044586
11 89 0.045719
11 90 0.050070
11 91 0.040476
11 92 0.038211
11 93 0.026202
11 94 0.011667
11 95 0.016921
11 96 -0.025125
11 97 0.015620
11 98 -0.056184
11 99 0.000000

12 0 0.000000
12 1 -0.063054
12 2 -0.004291
12 3 -0.042150
12 4 -0.002861
12 5 -0.006674
12 6 0.014514
12 7 0.031084
12 8 0.042346
12 9 0.059701
12 10 0.063544
12 11 0.069936
12 12 0.064146
12 13 0.056664
12 14 0.040802
12 15 0.022648
12 16 0.000634
12 17 -0.021512
12 18 -0.043045
12 19 -0.061893
12 20 -0.076775
12 21 -0.087114
12 22 -0.091983
12 23 -0.091940
12 24 -0.086593
12 25 -0.077063
12 26 -0.063377
12 27 -0.046891
12 28 -0.028105
12 29 -0.008734
12 30 0.010045
12 31 0.026024
12 32 0.037577
12 33 0.042545
12 34 0.039904
12 35 0.028769
12 36 0.010044
12 37 -0.014942
12 38 -0.042982
12 39 -0.071007
12 40 -0.094791
12 41 -0.111489
12 42 -0.118154
12 43 -0.114366
12 44 -0.100147
12 45 -0.078320
12 46 -0.051675
12 47 -0.025038
12 48 -0.001940
12 49 0.013315
12 50 0.019017
12 51 0.013585
12 52 -0.001404
12 53 -0.024279
12 54 -0.050704
12 55 -0.077229
12 56 -0.098960
12 57 -0.113224
12 58 -0.117085
12 59 -0.110679
12 60 -0.094246
12 61 -0.070931
12 62 -0.043317
12 63 -0.015858
12 64 0.008714
12 65 0.026942
12 66 0.037886
12 67 0.040379
12 68 0.035683
12 69 0.024576
12 70 0.009475
12 71 -0.008166
12 72 -0.026122
12 73 -0.043232
12 74 -0.058112
12 75 -0.070036
12 76 -0.078349
12 77 -0.082551
12 78 -0.082446
12 79 -0.077858
12 80 -0.069006
12 81 -0.056555
12 82 -0.041034
12 83 -0.024467
12 84 -0.007029
12 85 0.007611
12 86 0.021224
12 87 0.027813
12 88 0.033898
12 89 0.029022
12 90 0.027888
12 91 0.013480
12 92 0.007104
12 93 -0.006458
12 94 -0.021651
12 95 -0.014944
12 96 -0.050262
12 97 -0.008233
12 98 -0.066889
12 99 0.000000

13 0 0.000000
13 1 -0.074208
13 2 -0.025272
13 3 -0.063889
13 4 -0.031731
13 5 -0.036906
13 6 -0.016696
13 7 0.000054
13 8 0.013984
13 9 0.034839
13 10 0.043680
13 11 0.056136
13 12 0.056664
13 13 0.056015
13 14 0.046252
13 15 0.033835
13 16 0.016106
13 17 -0.002747
13 18 -0.022747
13 19 -0.041157
13 20 -0.057178
13 21 -0.069354
13 22 -0.077087
13 23 -0.079939
13 24 -0.077868
13 25 -0.071012
13 26 -0.059923
13 27 -0.045067
13 28 -0.027717
13 29 -0.008788
13 30 0.009549
13 31 0.025875
13 32 0.037440
13 33 0.042962
13 34 0.040257
13 35 0.029476
13 36 0.010361
13 37 -0.014555
13 38 -0.043238
13 39 -0.071291
13 40 -0.095720
13 41 -0.112283
13 42 -0.119362
13 43 -0.115118
13 44 -0.101012
13 45 -0.078443
13 46 -0.051733
13 47 -0.024273
13 48 -0.001168
13 49 0.014742
13 50 0.020178
13 51 0.015075
13 52 -0.000519
13 53 -0.023374
13 54 -0.050627
13 55 -0.077260
13 56 -0.099808
13 57 -0.114073
13 58 -0.118520
13 59 -0.111845
13 60 -0.095674
13 61 -0.071817
13 62 -0.044215
13 63 -0.016095
13 64 0.008530
13 65 0.027347
13 66 0.038254
13 67 0.041184
13 68 0.036396
13 69 0.025727
13 70 0.010745
13 71 -0.006113
13 72 -0.023372
13 73 -0.039040
13 74 -0.052461
13 75 -0.062301
13 76 -0.068648
13 77 -0.070630
13 78 -0.068777
13 79 -0.062717
13 80 -0.053269
13 81 -0.040983
13 82 -0.026744
13 83 -0.012466
13 84 0.001655
13 85 0.012046
13 86 0.020830
13 87 0.022024
13 88 0.022799
13 89 0.012697
13 90 0.006899
13 91 -0.010957
13 92 -0.020405
13 93 -0.034442
13 94 -0.049561
13 95 -0.041549
13 96 -0.070181
13 97 -0.028164
13 98 -0.074742
13 99 0.000000

14 0 0.000000
14 1 -0.082888
14 2 -0.042265
14 3 -0.081538
14 4 -0.056497
14 5 -0.063785
14 6 -0.046053
14 7 -0.030901
14 8 -0.016330
14 9 0.005896
14 10 0.017981
14 11 0.034856
14 12 0.040802
14 13 0.046252
14 14 0.042738
14 15 0.036205
14 16 0.023740
14 17 0.008870
14 18 -0.008217
14 19 -0.025394
14 20 -0.041209
14 21 -0.054689
14 22 -0.064268
14 23 -0.069940
14 24 -0.070567
14 25 -0.066803
14 26 -0.058131
14 27 -0.045734
14 28 -0.029908
14 29 -0.012510
14 30 0.005212
14 31 0.020726
14 32 0.032248
14 33 0.037296
14 34 0.034771
14 35 0.023582
14 36 0.004704
14 37 -0.020624
14 38 -0.049010
14 39 -0.077429
14 40 -0.101441
14 41 -0.118272
14 42 -0.124793
14 43 -0.120724
14 44 -0.105960
14 45 -0.083531
14 46 -0.056143
14 47 -0.028870
14 48 -0.005160
14 49 0.010437
14 50 0.016329
14 51 0.010740
14 52 -0.004579
14 53 -0.028090
14 54 -0.055225
14 55 -0.082623
14 56 -0.105131
14 57 -0.120159
14 58 -0.124525
14 59 -0.118478
14 60 -0.102065
14 61 -0.078593
14 62 -0.050518
14 63 -0.022505
14 64 0.002806
14 65 0.021739
14 66 0.033462
14 67 0.036661
14 68 0.032776
14 69 0.022548
14 70 0.008649
14 71 -0.007429
14 72 -0.023236
14 73 -0.037620
14 74 -0.049146
14 75 -0.057284
14 76 -0.061593
14 77 -0.061977
14 78 -0.058653
14 79 -0.051946
14 80 -0.042453
14 81 -0.031248
14 82 -0.018925
14 83 -0.007704
14 84 0.002711
14 85 0.008571
14 86 0.012767
14 87 0.009077
14 88 0.005636
14 89 -0.008338
14 90 -0.017009
14 91 -0.036504
14 92 -0.047087
14 93 -0.060157
14 94 -0.073837
14 95 -0.064157
14 96 -0.086193
14 97 -0.044497
14 98 -0.080957
14 99 0.000000

15 0 0.000000
15 1 -0.087427
15 2 -0.053714
15 3 -0.092911
15 4 -0.074418
15 5 -0.084020
15 6 -0.069627
15 7 -0.057213
15 8 -0.043529
15 9 -0.021466
15 10 -0.007715
15 11 0.012401
15 12 0.022648
15 13 0.033835
15 14 0.036205
15 15 0.036098
15 16 0.029275
15 17 0.019643
15 18 0.006326
15 19 -0.008008
15 20 -0.022653
15 21 -0.035840
15 22 -0.046535
15 23 -0.053727
15 24 -0.056769
15 25 -0.055227
15 26 -0.049209
15 27 -0.038826
15 28 -0.025227
15 29 -0.009223
15 30 0.006869
15 31 0.021598
15 32 0.031966
15 33 0.036681
15 34 0.033339
15 35 0.022176
15 36 0.002770
15 37 -0.022198
15 38 -0.050849
15 39 -0.078635
15 40 -0.102748
15 41 -0.118816
15 42 -0.125437
15 43 -0.120644
15 44 -0.106113
15 45 -0.083094
15 46 -0.056105
15 47 -0.028365
15 48 -0.005162
15 49 0.010845
15 50 0.016196
15 51 0.011003
15 52 -0.004867
15 53 -0.028013
15 54 -0.055747
15 55 -0.082868
15 56 -0.106062
15 57 -0.120923
15 58 -0.126028
15 59 -0.119843
15 60 -0.104076
15 61 -0.080318
15 62 -0.052602
15 63 -0.023986
15 64 0.001374
15 65 0.021265
15 66 0.033410
15 67 0.037818
15 68 0.034595
15 69 0.025701
15 70 0.012622
15 71 -0.002023
15 72 -0.016823
15 73 -0.029634
15 74 -0.039976
15 75 -0.046520
15 76 -0.049747
15 77 -0.048985
15 78 -0.045314
15 79 -0.038650
15 80 -0.030275
15 81 -0.020913
15 82 -0.011521
15 83 -0.003961
15 84 0.002124
15 85 0.003296
15 86 0.002906
15 87 -0.005138
15 88 -0.012078
15 89 -0.028684
15 90 -0.039001
15 91 -0.058550
15 92 -0.069013
15 93 -0.079954
15 94 -0.091517
15 95 -0.080072
15 96 -0.096215
15 97 -0.055571
15 98 -0.083947
15 99 0.000000

16 0 0.000000
16 1 -0.088535
16 2 -0.060309
16 3 -0.099054
16 4 -0.086441
16 5 -0.098592
16 6 -0.088258
16 7 -0.079649
16 8 -0.068231
16 9 -0.048062
16 10 -0.034178
16 11 -0.012659
16 12 0.000634
16 13 0.016106
16 14 0.023740
16 15 0.029275
16 16 0.028265
16 17 0.023784
16 18 0.015094
16 19 0.004013
16 20 -0.008207
16 21 -0.020531
16 22 -0.031026
16 23 -0.039332
16 24 -0.043684
16 25 -0.044342
16 26 -0.040228
16 27 -0.032302
16 28 -0.020533
16 29 -0.006783
16 30 0.007835
16 31 0.020660
16 32 0.029986
16 33 0.033203
16 34 0.029328
16 35 0.017163
16 36 -0.002182
16 37 -0.027610
16 38 -0.055644
16 39 -0.083485
16 40 -0.106663
16 41 -0.122687
16 42 -0.128393
16 43 -0.123761
16 44 -0.108571
16 45 -0.086038
16 46 -0.058660
16 47 -0.031631
16 48 -0.008145
16 49 0.007132
16 50 0.012846
16 51 0.007051
16 52 -0.008318
16 53 -0.031953
16 54 -0.059144
16 55 -0.086775
16 56 -0.109542
16 57 -0.125052
16 58 -0.129902
16 59 -0.124454
16 60 -0.108463
16 61 -0.085293
16 62 -0.057102
16 63 -0.028644
16 64 -0.002343
16 65 0.017943
16 66 0.031481
16 67 0.036706
16 68 0.035107
16 69 0.027202
16 70 0.015743
16 71 0.002087
16 72 -0.011202
16 73 -0.023073
16 74 -0.032058
16 75 -0.037818
16 76 -0.040069
16 77 -0.039057
16 78 -0.035304
16 79 -0.029522
16 80 -0.022531
16 81 -0.015635
16 82 -0.009259
16 83 -0.005592
16 84 -0.003559
16 85 -0.006773
16 86 -0.010973
16 87 -0.022482
16 88 -0.031651
16 89 -0.049532
16 90 -0.059932
16 91 -0.078097
16 92 -0.086959
16 93 -0.094866
16 94 -0.103444
16 95 -0.090200
16 96 -0.101072
16 97 -0.061899
16 98 -0.084225
16 99 0.000000

17 0 0.000000
17 1 -0.086098
17 2 -0.062085
17 3 -0.099853
17 4 -0.092089
17 5 -0.106640
17 6 -0.100534
17 7 -0.096101
17 8 -0.087896
17 9 -0.070579
17 10 -0.057998
17 11 -0.036274
17 12 -0.021512
17 13 -0.002747
17 14 0.008870
17 15 0.019643
17 16 0.023784
17 17 0.024810
17 18 0.020766
17 19 0.013966
17 20 0.004673
17 21 -0.005367
17 22 -0.015013
17 23 -0.022941
17 24 -0.028121
17 25 -0.029675
17 26 -0.027351
17 27 -0.020896
17 28 -0.011292
17 29 0.000877
17 30 0.013292
17 31 0.024682
17 32 0.031998
17 33 0.034165
17 34 0.028728
17 35 0.016154
17 36 -0.004093
17 37 -0.029179
17 38 -0.057483
17 39 -0.084423
17 40 -0.107569
17 41 -0.122569
17 42 -0.128395
17 43 -0.123022
17 44 -0.108385
17 45 -0.085528
17 46 -0.059089
17 47 -0.031966
17 48 -0.009508
17 49 0.005960
17 50 0.010869
17 51 0.005579
17 52 -0.010256
17 53 -0.033098
17 54 -0.060557
17 55 -0.087346
17 56 -0.110443
17 57 -0.125308
17 58 -0.130703
17 59 -0.124847
17 60 -0.109501
17 61 -0.085926
17 62 -0.058153
17 63 -0.028950
17 64 -0.002546
17 65 0.018993
17 66 0.033175
17 67 0.040016
17 68 0.039333
17 69 0.033069
17 70 0.022464
17 71 0.010201
17 72 -0.002475
17 73 -0.013298
17 74 -0.021965
17 75 -0.027093
17 76 -0.029471
17 77 -0.028511
17 78 -0.025708
17 79 -0.021107
17 80 -0.016295
17 81 -0.011984
17 82 -0.009022
17 83 -0.009038
17 84 -0.010952
17 85 -0.017932
17 86 -0.025340
17 87 -0.039317
17 88 -0.049767
17 89 -0.067714
17 90 -0.077179
17 91 -0.092851
17 92 -0.099325
17 93 -0.103602
17 94 -0.109011
17 95 -0.094005
17 96 -0.100684
17 97 -0.063355
17 98 -0.081547
17 99 0.000000

18 0 0.000000
18 1 -0.080832
18 2 -0.060069
18 3 -0.096419
18 4 -0.092452
18 5 -0.109140
18 6 -0.107032
18 7 -0.106949
18 8 -0.102334
18 9 -0.088822
18 10 -0.078435
18 11 -0.058080
18 12 -0.043045
18 13 -0.022747
18 14 -0.008217
18 15 0.006326
18 16 0.015094
18 17 0.020766
18 18 0.021574
18 19 0.018834
18 20 0.013311
18 21 0.005769
18 22 -0.001810
18 23 -0.009021
18 24 -0.013720
18 25 -0.015972
18 26 -0.014255
18 27 -0.009384
18 28 -0.000985
18 29 0.009125
18 30 0.020089
18 31 0.029265
18 32 0.035218
18 33 0.035379
18 34 0.029059
18 35 0.015063
18 36 -0.005287
18 37 -0.031055
18 38 -0.058719
18 39 -0.085835
18 40 -0.108015
18 41 -0.123201
18 42 -0.128272
18 43 -0.123544
18 44 -0.108662
18 45 -0.086990
18 46 -0.060694
18 47 -0.034983
18 48 -0.012634
18 49 0.001667
18 50 0.006917
18 51 0.001021
18 52 -0.013888
18 53 -0.036809
18 54 -0.062969
18 55 -0.089640
18 56 -0.111472
18 57 -0.126402
18 58 -0.130869
18 59 -0.125406
18 60 -0.109445
18 61 -0.086383
18 62 -0.057985
18 63 -0.029026
18 64 -0.001637
18 65 0.020167
18 66 0.035764
18 67 0.043275
18 68 0.044170
18 69 0.038628
18 70 0.029394
18 71 0.017592
18 72 0.005860
18 73 -0.004873
18 74 -0.013069
18 75 -0.018517
18 76 -0.020985
18 77 -0.020934
18 78 -0.019041
18 79 -0.016248
18 80 -0.013426
18 81 -0.011953
18 82 -0.011924
18 83 -0.015397
18 84 -0.020421
18 85 -0.030478
18 86 -0.039981
18 87 -0.055440
18 88 -0.065998
18 89 -0.083010
18 90 -0.090553
18 91 -0.103043
18 92 -0.106487
18 93 -0.107007
18 94 -0.109124
18 95 -0.092651
18 96 -0.096034
18 97 -0.060900
18 98 -0.076397
18 99 0.000000

19 0 0.000000
19 1 -0.073390
19 2 -0.055063
19 3 -0.089560
19 4 -0.088247
19 5 -0.106485
19 6 -0.107870
19 7 -0.111642
19 8 -0.110785
19 9 -0.101196
19 10 -0.093906
19 11 -0.075694
19 12 -0.061893
19 13 -0.041157
19 14 -0.025394
19 15 -0.008008
19 16 0.004013
19 17 0.013966
19 18 0.018834
19 19 0.020481
19 20 0.018507
19 21 0.014369
19 22 0.009003
19 23 0.003761
19 24 -0.000215
19 25 -0.001809
19 26 -0.000584
19 27 0.003992
19 28 0.011043
19 29 0.020243
19 30 0.029326
19 31 0.037321
19 32 0.041243
19 33 0.040391
19 34 0.032358
19 35 0.017952
19 36 -0.003457
19 37 -0.028874
19 38 -0.057006
19 39 -0.083311
19 40 -0.105843
19 41 -0.120334
19 42 -0.126202
19 43 -0.121350
19 44 -0.107947
19 45 -0.086715
19 46 -0.062313
19 47 -0.037149
19 48 -0.016514
19 49 -0.002258
19 50 0.002005
19 51 -0.003057
19 52 -0.018047
19 53 -0.039332
19 54 -0.064954
19 55 -0.089662
19 56 -0.110895
19 57 -0.124110
19 58 -0.128393
19 59 -0.121782
19 60 -0.106143
19 61 -0.082383
19 62 -0.054504
19 63 -0.024893
19 64 0.002199
19 65 0.024937
19 66 0.040636
19 67 0.049344
19 68 0.050555
19 69 0.046169
19 70 0.037122
19 71 0.026128
19 72 0.014238
19 73 0.003846
19 74 -0.004897
19 75 -0.010488
19 76 -0.013943
19 77 -0.014634
19 78 -0.014346
19 79 -0.013098
19 80 -0.012633
19 81 -0.013505
19 82 -0.016338
19 83 -0.022462
19 84 -0.030070
19 85 -0.042135
19 86 -0.052914
19 87 -0.068740
19 88 -0.078607
19 89 -0.093818
19 90 -0.098956
19 91 -0.107892
19 92 -0.108247
19 93 -0.105168
19 94 -0.104405
19 95 -0.086784
19 96 -0.088012
19 97 -0.055247
19 98 -0.069278
19 99 0.000000

20 0 0.000000
20 1 -0.064486
20 2 -0.048087
20 3 -0.080345
20 4 -0.080555
20 5 -0.099768
20 6 -0.103713
20 7 -0.110834
20 8 -0.113220
20 9 -0.107726
20 10 -0.103653
20 11 -0.088594
20 12 -0.076775
20 13 -0.057178
20 14 -0.041209
20 15 -0.022653
20 16 -0.008207
20 17 0.004673
20 18 0.013311
20 19 0.018507
20 20 0.020416
20 21 0.019322
20 22 0.017014
20 23 0.013669
20 24 0.011574
20 25 0.010634
20 26 0.012647
20 27 0.016817
20 28 0.023800
20 29 0.031791
20 30 0.040237
20 31 0.046555
20 32 0.049681
20 33 0.047151
20 34 0.038655
20 35 0.023014
20 36 0.001783
20 37 -0.024319
20 38 -0.051773
20 39 -0.078582
20 40 -0.100486
20 41 -0.115917
20 42 -0.121778
20 43 -0.118689
20 44 -0.106043
20 45 -0.087237
20 46 -0.063925
20 47 -0.041186
20 48 -0.021205
20 49 -0.008587
20 50 -0.003884
20 51 -0.009335
20 52 -0.022619
20 53 -0.043151
20 54 -0.066207
20 55 -0.089639
20 56 -0.108215
20 57 -0.120412
20 58 -0.122652
20 59 -0.115787
20 60 -0.098986
20 61 -0.075711
20 62 -0.047290
20 63 -0.018466
20 64 0.009046
20 65 0.031161
20 66 0.047478
20 67 0.055871
20 68 0.057850
20 69 0.053265
20 70 0.044864
20 71 0.033519
20 72 0.021937
20 73 0.010911
20 74 0.002072
20 75 -0.004475
20 76 -0.008479
20 77 -0.010546
20 78 -0.011389
20 79 -0.012061
20 80 -0.013341
20 81 -0.016571
20 82 -0.021415
20 83 -0.029786
20 84 -0.038893
20 85 -0.052242
20 86 -0.063162
20 87 -0.078584
20 88 -0.086891
20 89 -0.099834
20 90 -0.102214
20 91 -0.107672
20 92 -0.105092
20 93 -0.098966
20 94 -0.095852
20 95 -0.077629
20 96 -0.077625
20 97 -0.047479
20 98 -0.060727
20 99 0.000000

21 0 0.000000
21 1 -0.054921
21 2 -0.040095
21 3 -0.069742
21 4 -0.070553
21 5 -0.089917
21 6 -0.095601
21 7 -0.105034
21 8 -0.110267
21 9 -0.108268
21 10 -0.107699
21 11 -0.095919
21 12 -0.087114
21 13 -0.069354
21 14 -0.054689
21 15 -0.035840
21 16 -0.020531
21 17 -0.005367
21 18 0.005769
21 19 0.014369
21 20 0.019322
21 21 0.021677
21 22 0.021967
21 23 0.021368
21 24 0.020904
21 25 0.021741
21 26 0.024323
21 27 0.029343
21 28 0.035948
21 29 0.044051
21 30 0.051428
21 31 0.057456
21 32 0.059242
21 33 0.056500
21 34 0.046873
21 35 0.031498
21 36 0.009587
21 37 -0.015769
21 38 -0.043706
21 39 -0.069778
21 40 -0.092596
21 41 -0.107962
21 42 -0.115711
21 43 -0.113554
21 44 -0.103770
21 45 -0.086563
21 46 -0.066436
21 47 -0.045101
21 48 -0.027648
21 49 -0.015304
21 50 -0.011677
21 51 -0.015761
21 52 -0.028475
21 53 -0.046185
21 54 -0.067539
21 55 -0.087498
21 56 -0.104204
21 57 -0.113307
21 58 -0.114438
21 59 -0.105591
21 60 -0.088862
21 61 -0.064815
21 62 -0.037413
21 63 -0.008553
21 64 0.017614
21 65 0.039653
21 66 0.054830
21 67 0.063379
21 68 0.064562
21 69 0.060314
21 70 0.051284
21 71 0.040223
21 72 0.027952
21 73 0.016975
21 74 0.007255
21 75 0.000422
21 76 -0.004753
21 77 -0.007545
21 78 -0.009951
21 79 -0.011850
21 80 -0.015032
21 81 -0.019785
21 82 -0.026444
21 83 -0.036041
21 84 -0.046129
21 85 -0.059659
21 86 -0.070094
21 87 -0.084197
21 88 -0.090547
21 89 -0.100810
21 90 -0.100514
21 91 -0.102733
21 92 -0.097751
21 93 -0.089258
21 94 -0.084592
21 95 -0.066285
21 96 -0.065983
21 97 -0.038545
21 98 -0.051480
21 99 0.000000

22 0 0.000000
22 1 -0.045252
22 2 -0.031773
22 3 -0.058571
22 4 -0.059055
22 5 -0.077989
22 6 -0.084244
22 7 -0.095240
22 8 -0.102306
22 9 -0.103449
22 10 -0.105843
22 11 -0.097699
22 12 -0.091983
22 13 -0.077087
22 14 -0.064268
22 15 -0.046535
22 16 -0.031026
22 17 -0.015013
22 18 -0.001810
22 19 0.009003
22 20 0.017014
22 21 0.021967
22 22 0.025341
22 23 0.026908
22 24 0.028923
22 25 0.031072
22 26 0.035289
22 27 0.040672
22 28 0.048102
22 29 0.055756
22 30 0.063401
22 31 0.068526
22 32 0.070474
22 33 0.066869
22 34 0.057761
22 35 0.041906
22 36 0.021003
22 37 -0.004581
22 38 -0.031428
22 39 -0.058097
22 40 -0.080486
22 41 -0.097526
22 42 -0.106051
22 43 -0.106879
22 44 -0.098952
22 45 -0.085518
22 46 -0.067487
22 47 -0.049631
22 48 -0.033359
22 49 -0.023092
22 50 -0.018848
22 51 -0.023025
22 52 -0.033156
22 53 -0.049210
22 54 -0.066661
22 55 -0.084169
22 56 -0.096835
22 57 -0.103925
22 58 -0.102040
22 59 -0.092535
22 60 -0.074405
22 61 -0.051229
22 62 -0.023831
22 63 0.003180
22 64 0.028690
22 65 0.048731
22 66 0.063349
22 67 0.070334
22 68 0.071392
22 69 0.066111
22 70 0.057286
22 71 0.045497
22 72 0.033476
22 73 0.021794
22 74 0.012120
22 75 0.004397
22 76 -0.001104
22 77 -0.005108
22 78 -0.008294
22 79 -0.011730
22 80 -0.015997
22 81 -0.022311
22 82 -0.029854
22 83 -0.040420
22 84 -0.050487
22 85 -0.063775
22 86 -0.072852
22 87 -0.085316
22 88 -0.089255
22 89 -0.096920
22 90 -0.094084
22 91 -0.093668
22 92 -0.086900
22 93 -0.076929
22 94 -0.071530
22 95 -0.053747
22 96 -0.053868
22 97 -0.029290
22 98 -0.042011
22 99 0.000000

23 0 0.000000
23 1 -0.035990
23 2 -0.023819
23 3 -0.047483
23 4 -0.047147
23 5 -0.064879
23 6 -0.070989
23 7 -0.082422
23 8 -0.090732
23 9 -0.094020
23 10 -0.099185
23 11 -0.094164
23 12 -0.091940
23 13 -0.079939
23 14 -0.069940
23 15 -0.053727
23 16 -0.039332
23 17 -0.022941
23 18 -0.009021
23 19 0.003761
23 20 0.013669
23 21 0.021368
23 22 0.026908
23 23 0.031172
23 24 0.034897
23 25 0.039153
23 26 0.044242
23 27 0.050944
23 28 0.058368
23 29 0.066680
23 30 0.073722
23 31 0.079268
23 32 0.080532
23 33 0.077648
23 34 0.068245
23 35 0.053700
23 36 0.032917
23 37 0.008949
23 38 -0.017929
23 39 -0.043466
23 40 -0.066900
23 41 -0.084084
23 42 -0.095212
23 43 -0.097656
23 44 -0.093644
23 45 -0.082642
23 46 -0.068814
23 47 -0.052973
23 48 -0.039871
23 49 -0.029993
23 50 -0.026906
23 51 -0.029250
23 52 -0.038347
23 53 -0.050653
23 54 -0.065605
23 55 -0.078552
23 56 -0.088574
23 57 -0.091711
23 58 -0.088352
23 59 -0.076580
23 60 -0.058827
23 61 -0.035310
23 62 -0.009898
23 63 0.016161
23 64 0.038997
23 65 0.057823
23 66 0.070070
23 67 0.076370
23 68 0.075881
23 69 0.070656
23 70 0.061039
23 71 0.049766
23 72 0.037308
23 73 0.026163
23 74 0.015992
23 75 0.008480
23 76 0.002156
23 77 -0.002127
23 78 -0.006510
23 79 -0.010630
23 80 -0.016217
23 81 -0.023211
23 82 -0.031626
23 83 -0.042232
23 84 -0.052079
23 85 -0.064276
23 86 -0.071822
23 87 -0.082115
23 88 -0.083749
23 89 -0.088810
23 90 -0.083941
23 91 -0.081443
23 92 -0.073687
23 93 -0.063039
23 94 -0.057749
23 95 -0.040992
23 96 -0.042104
23 97 -0.020437
23 98 -0.032869
23 99 0.000000

24 0 0.000000
24 1 -0.027427
24 2 -0.016451
24 3 -0.036941
24 4 -0.035202
24 5 -0.051395
24 6 -0.056375
24 7 -0.067640
24 8 -0.076104
24 9 -0.080984
24 10 -0.087969
24 11 -0.085905
24 12 -0.086593
24 13 -0.077868
24 14 -0.070567
24 15 -0.056769
24 16 -0.043684
24 17 -0.028121
24 18 -0.013720
24 19 -0.000215
24 20 0.011574
24 21 0.020904
24 22 0.028923
24 23 0.034897
24 24 0.040917
24 25 0.046298
24 26 0.053001
24 27 0.059938
24 28 0.068212
24 29 0.076005
24 30 0.083486
24 31 0.088283
24 32 0.090206
24 33 0.086972
24 34 0.078958
24 35 0.064735
24 36 0.046015
24 37 0.022632
24 38 -0.002245
24 39 -0.027878
24 40 -0.050385
24 41 -0.069227
24 42 -0.081105
24 43 -0.086944
24 44 -0.085074
24 45 -0.078450
24 46 -0.067054
24 47 -0.055222
24 48 -0.043453
24 49 -0.035928
24 50 -0.032076
24 51 -0.034486
24 52 -0.040575
24 53 -0.050980
24 54 -0.061478
24 55 -0.071712
24 56 -0.077257
24 57 -0.078356
24 58 -0.071913
24 59 -0.059909
24 60 -0.041200
24 61 -0.019478
24 62 0.005046
24 63 0.028040
24 64 0.049216
24 65 0.064941
24 66 0.075938
24 67 0.080079
24 68 0.079391
24 69 0.073216
24 70 0.064346
24 71 0.052938
24 72 0.041595
24 73 0.030484
24 74 0.021181
24 75 0.013364
24 76 0.007306
24 77 0.002199
24 78 -0.002499
24 79 -0.007763
24 80 -0.013855
24 81 -0.021795
24 82 -0.030259
24 83 -0.040983
24 84 -0.049857
24 85 -0.060998
24 86 -0.066516
24 87 -0.074842
24 88 -0.074108
24 89 -0.077095
24 90 -0.070589
24 91 -0.066841
24 92 -0.058783
24 93 -0.048313
24 94 -0.043852
24 95 -0.028595
24 96 -0.031092
24 97 -0.012389
24 98 -0.024340
24 99 0.000000

25 0 0.000000
25 1 -0.019630
25 2 -0.009949
25 3 -0.027092
25 4 -0.023888
25 5 -0.038008
25 6 -0.041508
25 7 -0.051703
25 8 -0.059851
25 9 -0.065251
25 10 -0.073634
25 11 -0.073575
25 12 -0.077063
25 13 -0.071012
25 14 -0.066803
25 15 -0.055227
25 16 -0.044342
25 17 -0.029675
25 18 -0.015972
25 19 -0.001809
25 20 0.010634
25 21 0.021741
25 22 0.031072
25 23 0.039153
25 24 0.046298
25 25 0.053358
25 26 0.060377
25 27 0.068176
25 28 0.075826
25 29 0.083832
25 30 0.090194
25 31 0.095220
25 32 0.096316
25 33 0.094099
25 34 0.086152
25 35 0.074032
25 36 0.056189
25 37 0.035489
25 38 0.011440
25 39 -0.012029
25 40 -0.034899
25 41 -0.053102
25 42 -0.067204
25 43 -0.074167
25 44 -0.076102
25 45 -0.071627
25 46 -0.064486
25 47 -0.054494
25 48 -0.046026
25 49 -0.038768
25 50 -0.036254
25 51 -0.036763
25 52 -0.042069
25 53 -0.048751
25 54 -0.057118
25 55 -0.062969
25 56 -0.066422
25 57 -0.063971
25 58 -0.056850
25 59 -0.043252
25 60 -0.025958
25 61 -0.004769
25 62 0.016635
25 63 0.037830
25 64 0.055406
25 65 0.069441
25 66 0.077691
25 67 0.081331
25 68 0.079448
25 69 0.074194
25 70 0.065476
25 71 0.055840
25 72 0.045187
25 73 0.035812
25 74 0.026906
25 75 0.020129
25 76 0.013755
25 77 0.008841
25 78 0.003226
25 79 -0.002339
25 80 -0.009406
25 81 -0.017490
25 82 -0.026287
25 83 -0.036384
25 84 -0.044489
25 85 -0.054037
25 86 -0.057840
25 87 -0.064030
25 88 -0.061475
25 89 -0.062642
25 90 -0.055241
25 91 -0.050816
25 92 -0.043220
25 93 -0.033531
25 94 -0.030507
25 95 -0.017064
25 96 -0.021137
25 97 -0.005417
25 98 -0.016584
25 99 0.000000

26 0 0.000000
26 1 -0.012681
26 2 -0.004157
26 3 -0.018097
26 4 -0.013159
26 5 -0.025188
26 6 -0.026596
26 7 -0.035453
26 8 -0.042392
26 9 -0.047845
26 10 -0.056557
26 11 -0.058088
26 12 -0.063377
26 13 -0.059923
26 14 -0.058131
26 15 -0.049209
26 16 -0.040228
26 17 -0.027351
26 18 -0.014255
26 19 -0.000584
26 20 0.012647
26 21 0.024323
26 22 0.035289
26 23 0.044242
26 24 0.053001
26 25 0.060377
26 26 0.068262
26 27 0.075328
26 28 0.082932
26 29 0.089350
26 30 0.095301
26 31 0.098704
26 32 0.099993
26 33 0.097059
26 34 0.090651
26 35 0.079110
26 36 0.064082
26 37 0.044720
26 38 0.023813
26 39 0.001243
26 40 -0.019426
26 41 -0.038279
26 42 -0.051911
