0 0 0.000000
0 1 0.000000
0 2 0.000000
0 3 0.000000
0 4 0.000000
0 5 0.000000
0 6 0.000000
0 7 0.000000
0 8 0.000000
0 9 0.000000
0 10 0.000000
0 11 0.000000
0 12 0.000000
0 13 0.000000
0 14 0.000000
0 15 0.000000
0 16 0.000000
0 17 0.000000
0 18 0.000000
0 19 0.000000
0 20 0.000000
0 21 0.000000
0 22 0.000000
0 23 0.000000
0 24 0.000000
0 25 0.000000
0 26 0.000000
0 27 0.000000
0 28 0.000000
0 29 0.000000
0 30 0.000000
0 31 0.000000
0 32 0.000000
0 33 0.000000
0 34 0.000000
0 35 0.000000
0 36 0.000000
0 37 0.000000
0 38 0.000000
0 39 0.000000
0 40 0.000000
0 41 0.000000
0 42 0.000000
0 43 0.000000
0 44 0.000000
0 45 0.000000
0 46 0.000000
0 47 0.000000
0 48 0.000000
0 49 0.000000
0 50 0.000000
0 51 0.000000
0 52 0.000000
0 53 0.000000
0 54 0.000000
0 55 0.000000
0 56 0.000000
0 57 0.000000
0 58 0.000000
0 59 0.000000
0 60 0.000000
0 61 0.000000
0 62 0.000000
0 63 0.000000
0 64 0.000000
0 65 0.000000
0 66 0.000000
0 67 0.000000
0 68 0.000000
0 69 0.000000
0 70 0.000000
0 71 0.000000
0 72 0.000000
0 73 0.000000
0 74 0.000000
0 75 0.000000
0 76 0.000000
0 77 0.000000
0 78 0.000000
0 79 0.000000
0 80 0.000000
0 81 0.000000
0 82 0.000000
0 83 0.000000
0 84 0.000000
0 85 0.000000
0 86 0.000000
0 87 0.000000
0 88 0.000000
0 89 0.000000
0 90 0.000000
0 91 0.000000
0 92 0.000000
0 93 0.000000
0 94 0.000000
0 95 0.000000
0 96 0.000000
0 97 0.000000
0 98 0.000000
0 99 0.000000

1 0 0.000000
1 1 0.015649
1 2 0.014649
1 3 0.013705
1 4 0.014735
1 5 0.017685
1 6 0.012483
1 7 0.015538
1 8 0.009201
1 9 0.006002
1 10 0.000312
1 11 -0.006814
1 12 -0.011127
1 13 -0.016349
1 14 -0.017077
1 15 -0.016776
1 16 -0.012920
1 17 -0.007837
1 18 -0.001631
1 19 0.004250
1 20 0.008638
1 21 0.010922
1 22 0.010064
1 23 0.006286
1 24 -0.000864
1 25 -0.010508
1 26 -0.022539
1 27 -0.035704
1 28 -0.049539
1 29 -0.062698
1 30 -0.074598
1 31 -0.084047
1 32 -0.090559
1 33 -0.093275
1 34 -0.091964
1 35 -0.086201
1 36 -0.076099
1 37 -0.061699
1 38 -0.043492
1 39 -0.021960
1 40 0.002052
1 41 0.027710
1 42 0.053921
1 43 0.079655
1 44 0.103749
1 45 0.125194
1 46 0.142970
1 47 0.156313
1 48 0.164555
1 49 0.167356
1 50 0.164535
1 51 0.156268
1 52 0.142893
1 53 0.125066
1 54 0.103554
1 55 0.079353
1 56 0.053480
1 57 0.027059
1 58 0.001139
1 59 -0.023251
1 60 -0.045229
1 61 -0.064046
1 62 -0.079117
1 63 -0.090082
1 64 -0.096702
1 65 -0.099038
1 66 -0.097170
1 67 -0.091563
1 68 -0.082548
1 69 -0.070938
1 70 -0.057224
1 71 -0.042484
1 72 -0.027254
1 73 -0.012766
1 74 0.000528
1 75 0.011404
1 76 0.019664
1 77 0.024343
1 78 0.025726
1 79 0.023452
1 80 0.018412
1 81 0.011121
1 82 0.002719
1 83 -0.005356
1 84 -0.012828
1 85 -0.017250
1 86 -0.020746
1 87 -0.019509
1 88 -0.018515
1 89 -0.013376
1 90 -0.008452
1 91 -0.004041
1 92 0.004779
1 93 0.005022
1 94 0.014666
1 95 0.014483
1 96 0.015730
1 97 0.018628
1 98 0.016097
1 99 0.000000

2 0 0.000000
2 1 0.014649
2 2 0.004000
2 3 -0.000293
2 4 0.007031
2 5 0.006697
2 6 0.010385
2 7 0.016435
2 8 0.013722
2 9 0.014466
2 10 0.007598
2 11 0.000925
2 12 -0.006832
2 13 -0.014135
2 14 -0.017740
2 15 -0.018794
2 16 -0.014913
2 17 -0.008017
2 18 0.002163
2 19 0.013632
2 20 0.025482
2 21 0.036099
2 22 0.044474
2 23 0.049653
2 24 0.051078
2 25 0.048519
2 26 0.042013
2 27 0.031960
2 28 0.018908
2 29 0.003669
2 30 -0.012935
2 31 -0.029969
2 32 -0.046598
2 33 -0.062018
2 34 -0.075573
2 35 -0.086734
2 36 -0.095125
2 37 -0.100561
2 38 -0.102984
2 39 -0.102569
2 40 -0.099565
2 41 -0.094457
2 42 -0.087733
2 43 -0.080075
2 44 -0.072080
2 45 -0.064473
2 46 -0.057794
2 47 -0.052643
2 48 -0.049345
2 49 -0.048236
2 50 -0.049322
2 51 -0.052601
2 52 -0.057744
2 53 -0.064435
2 54 -0.072074
2 55 -0.080143
2 56 -0.087914
2 57 -0.094823
2 58 -0.100178
2 59 -0.103532
2 60 -0.104377
2 61 -0.102508
2 62 -0.097690
2 63 -0.090021
2 64 -0.079561
2 65 -0.066707
2 66 -0.051783
2 67 -0.035443
2 68 -0.018215
2 69 -0.000942
2 70 0.015729
2 71 0.030883
2 72 0.043883
2 73 0.053914
2 74 0.060513
2 75 0.063151
2 76 0.061707
2 77 0.056156
2 78 0.046894
2 79 0.034648
2 80 0.020387
2 81 0.005703
2 82 -0.008289
2 83 -0.019417
2 84 -0.027570
2 85 -0.030577
2 86 -0.030459
2 87 -0.025730
2 88 -0.019520
2 89 -0.012794
2 90 -0.004594
2 91 -0.002350
2 92 0.004875
2 93 0.003353
2 94 0.005551
2 95 0.010116
2 96 0.004684
2 97 0.012466
2 98 0.018911
2 99 0.000000

3 0 0.000000
3 1 0.013705
3 2 -0.000293
3 3 -0.001936
3 4 0.001233
3 5 0.003671
3 6 0.004575
3 7 0.010850
3 8 0.006277
3 9 0.004321
3 10 -0.004627
3 11 -0.015281
3 12 -0.025258
3 13 -0.035664
3 14 -0.040487
3 15 -0.042386
3 16 -0.037877
3 17 -0.029465
3 18 -0.016970
3 19 -0.002461
3 20 0.012546
3 21 0.026655
3 22 0.038175
3 23 0.046557
3 24 0.050683
3 25 0.050839
3 26 0.046663
3 27 0.039105
3 28 0.028423
3 29 0.015927
3 30 0.002187
3 31 -0.011484
3 32 -0.024529
3 33 -0.035896
3 34 -0.045245
3 35 -0.051904
3 36 -0.055827
3 37 -0.056736
3 38 -0.054890
3 39 -0.050366
3 40 -0.043692
3 41 -0.035221
3 42 -0.025669
3 43 -0.015541
3 44 -0.005618
3 45 0.003589
3 46 0.011375
3 47 0.017370
3 48 0.021074
3 49 0.022373
3 50 0.021065
3 51 0.017343
3 52 0.011319
3 53 0.003475
3 54 -0.005820
3 55 -0.015888
3 56 -0.026217
3 57 -0.036072
3 58 -0.044930
3 59 -0.052145
3 60 -0.057315
3 61 -0.060004
3 62 -0.060013
3 63 -0.057199
3 64 -0.051595
3 65 -0.043385
3 66 -0.032824
3 67 -0.020429
3 68 -0.006651
3 69 0.007676
3 70 0.021969
3 71 0.035156
3 72 0.046661
3 73 0.055344
3 74 0.060839
3 75 0.062173
3 76 0.059414
3 77 0.052062
3 78 0.040852
3 79 0.026121
3 80 0.009352
3 81 -0.008040
3 82 -0.024399
3 83 -0.037392
3 84 -0.046783
3 85 -0.049716
3 86 -0.049217
3 87 -0.042196
3 88 -0.034483
3 89 -0.024255
3 90 -0.014296
3 91 -0.009305
3 92 -0.000007
3 93 -0.001349
3 94 0.004172
3 95 0.006401
3 96 0.005126
3 97 0.010544
3 98 0.019639
3 99 0.000000

4 0 0.000000
4 1 0.014735
4 2 0.007031
4 3 0.001233
4 4 0.013052
4 5 0.016002
4 6 0.020701
4 7 0.030903
4 8 0.025326
4 9 0.024668
4 10 0.011515
4 11 -0.002335
4 12 -0.018064
4 13 -0.033792
4 14 -0.043697
4 15 -0.049812
4 16 -0.047834
4 17 -0.040768
4 18 -0.027771
4 19 -0.011861
4 20 0.005805
4 21 0.022799
4 22 0.037651
4 23 0.048900
4 24 0.055655
4 25 0.057502
4 26 0.054368
4 27 0.046723
4 28 0.035167
4 29 0.020690
4 30 0.004206
4 31 -0.013219
4 32 -0.030725
4 33 -0.047492
4 34 -0.062917
4 35 -0.076549
4 36 -0.088078
4 37 -0.097405
4 38 -0.104470
4 39 -0.109456
4 40 -0.112481
4 41 -0.113923
4 42 -0.113994
4 43 -0.113166
4 44 -0.111665
4 45 -0.109965
4 46 -0.108230
4 47 -0.106862
4 48 -0.105904
4 49 -0.105632
4 50 -0.105933
4 51 -0.106931
4 52 -0.108354
4 53 -0.110180
4 54 -0.112006
4 55 -0.113706
4 56 -0.114798
4 57 -0.115113
4 58 -0.114159
4 59 -0.111800
4 60 -0.107604
4 61 -0.101541
4 62 -0.093305
4 63 -0.083037
4 64 -0.070606
4 65 -0.056372
4 66 -0.040414
4 67 -0.023358
4 68 -0.005530
4 69 0.012161
4 70 0.029159
4 71 0.044348
4 72 0.057068
4 73 0.066210
4 74 0.071242
4 75 0.071369
4 76 0.066469
4 77 0.056440
4 78 0.041866
4 79 0.023764
4 80 0.003522
4 81 -0.016511
4 82 -0.034825
4 83 -0.048114
4 84 -0.056557
4 85 -0.056720
4 86 -0.052279
4 87 -0.040647
4 88 -0.027482
4 89 -0.013758
4 90 0.001140
4 91 0.006002
4 92 0.018055
4 93 0.014228
4 94 0.017955
4 95 0.021025
4 96 0.011321
4 97 0.022116
4 98 0.023259
4 99 0.000000

5 0 0.000000
5 1 0.017685
5 2 0.006697
5 3 0.003671
5 4 0.016002
5 5 0.021023
5 6 0.027971
5 7 0.039384
5 8 0.034859
5 9 0.033304
5 10 0.018791
5 11 0.001840
5 12 -0.017005
5 13 -0.036509
5 14 -0.049524
5 15 -0.058204
5 16 -0.057717
5 17 -0.050905
5 18 -0.037097
5 19 -0.019040
5 20 0.001553
5 21 0.022567
5 22 0.041863
5 23 0.058311
5 24 0.070382
5 25 0.077999
5 26 0.080527
5 27 0.078752
5 28 0.072771
5 29 0.063830
5 30 0.052346
5 31 0.039557
5 32 0.025803
5 33 0.012013
5 34 -0.001729
5 35 -0.014853
5 36 -0.027496
5 37 -0.039337
5 38 -0.050620
5 39 -0.061127
5 40 -0.071100
5 41 -0.080315
5 42 -0.088946
5 43 -0.096707
5 44 -0.103698
5 45 -0.109586
5 46 -0.114440
5 47 -0.117932
5 48 -0.120163
5 49 -0.120866
5 50 -0.120225
5 51 -0.118068
5 52 -0.114671
5 53 -0.109950
5 54 -0.104244
5 55 -0.097515
5 56 -0.090100
5 57 -0.081956
5 58 -0.073353
5 59 -0.064198
5 60 -0.054656
5 61 -0.044586
5 62 -0.034057
5 63 -0.022930
5 64 -0.011227
5 65 0.001087
5 66 0.013945
5 67 0.027144
5 68 0.040456
5 69 0.053320
5 70 0.065293
5 71 0.075455
5 72 0.083256
5 73 0.087609
5 74 0.088108
5 75 0.083837
5 76 0.074867
5 77 0.060894
5 78 0.042814
5 79 0.021440
5 80 -0.001393
5 81 -0.023478
5 82 -0.042839
5 83 -0.056236
5 84 -0.063683
5 85 -0.061722
5 86 -0.054561
5 87 -0.039359
5 88 -0.023161
5 89 -0.006182
5 90 0.010369
5 91 0.016572
5 92 0.028239
5 93 0.023752
5 94 0.025871
5 95 0.027565
5 96 0.016909
5 97 0.025523
5 98 0.029091
5 99 0.000000

6 0 0.000000
6 1 0.012483
6 2 0.010385
6 3 0.004575
6 4 0.020701
6 5 0.027971
6 6 0.034348
6 7 0.048249
6 8 0.040741
6 9 0.038173
6 10 0.018860
6 11 -0.002748
6 12 -0.027541
6 13 -0.053224
6 14 -0.071867
6 15 -0.085872
6 16 -0.089229
6 17 -0.085500
6 18 -0.073135
6 19 -0.055737
6 20 -0.034454
6 21 -0.012222
6 22 0.009227
6 23 0.028074
6 24 0.043152
6 25 0.053838
6 26 0.059843
6 27 0.061502
6 28 0.059209
6 29 0.053778
6 30 0.045836
6 31 0.036142
6 32 0.025156
6 33 0.013272
6 34 0.000662
6 35 -0.012641
6 36 -0.026622
6 37 -0.041413
6 38 -0.056941
6 39 -0.073285
6 40 -0.090149
6 41 -0.107424
6 42 -0.124537
6 43 -0.141184
6 44 -0.156588
6 45 -0.170363
6 46 -0.181705
6 47 -0.190330
6 48 -0.195598
6 49 -0.197495
6 50 -0.195695
6 51 -0.190540
6 52 -0.182049
6 53 -0.170891
6 54 -0.157349
6 55 -0.142279
6 56 -0.126056
6 57 -0.109534
6 58 -0.092986
6 59 -0.077088
6 60 -0.061870
6 61 -0.047744
6 62 -0.034460
6 63 -0.022194
6 64 -0.010491
6 65 0.000564
6 66 0.011456
6 67 0.021968
6 68 0.032388
6 69 0.042160
6 70 0.051218
6 71 0.058615
6 72 0.063983
6 73 0.066183
6 74 0.064807
6 75 0.058926
6 76 0.048478
6 77 0.033284
6 78 0.014052
6 79 -0.008051
6 80 -0.031403
6 81 -0.053190
6 82 -0.071751
6 83 -0.083083
6 84 -0.087799
6 85 -0.081736
6 86 -0.070043
6 87 -0.049577
6 88 -0.028083
6 89 -0.006699
6 90 0.014705
6 91 0.022325
6 92 0.037770
6 93 0.031433
6 94 0.035151
6 95 0.035182
6 96 0.020640
6 97 0.032561
6 98 0.026059
6 99 0.000000

7 0 0.000000
7 1 0.015538
7 2 0.016435
7 3 0.010850
7 4 0.030903
7 5 0.039384
7 6 0.048249
7 7 0.063371
7 8 0.056143
7 9 0.052794
7 10 0.031349
7 11 0.006578
7 12 -0.022084
7 13 -0.052011
7 14 -0.074726
7 15 -0.092248
7 16 -0.098336
7 17 -0.096157
7 18 -0.084382
7 19 -0.066259
7 20 -0.043455
7 21 -0.018580
7 22 0.006023
7 23 0.028864
7 24 0.048193
7 25 0.063724
7 26 0.074635
7 27 0.081578
7 28 0.084421
7 29 0.084235
7 30 0.081081
7 31 0.075903
7 32 0.068539
7 33 0.059526
7 34 0.048399
7 35 0.035376
7 36 0.019897
7 37 0.002162
7 38 -0.018191
7 39 -0.040691
7 40 -0.065290
7 41 -0.091099
7 42 -0.117627
7 43 -0.143618
7 44 -0.168300
7 45 -0.190276
7 46 -0.208793
7 47 -0.222633
7 48 -0.231381
7 49 -0.234289
7 50 -0.231503
7 51 -0.222892
7 52 -0.209217
7 53 -0.190918
7 54 -0.169223
7 55 -0.144927
7 56 -0.119434
7 57 -0.093581
7 58 -0.068612
7 59 -0.045107
7 60 -0.023889
7 61 -0.005113
7 62 0.010929
7 63 0.024497
7 64 0.035749
7 65 0.045170
7 66 0.053134
7 67 0.060028
7 68 0.066125
7 69 0.071393
7 70 0.075766
7 71 0.078664
7 72 0.079691
7 73 0.077888
7 74 0.072811
7 75 0.063551
7 76 0.050067
7 77 0.032110
7 78 0.010538
7 79 -0.013564
7 80 -0.038277
7 81 -0.060850
7 82 -0.079286
7 83 -0.089660
7 84 -0.092444
7 85 -0.083607
7 86 -0.068574
7 87 -0.044346
7 88 -0.019310
7 89 0.005280
7 90 0.029082
7 91 0.037999
7 92 0.053988
7 93 0.047072
7 94 0.049143
7 95 0.048590
7 96 0.029739
7 97 0.042039
7 98 0.031189
7 99 0.000000

8 0 0.000000
8 1 0.009201
8 2 0.013722
8 3 0.006277
8 4 0.025326
8 5 0.034859
8 6 0.040741
8 7 0.056143
8 8 0.045327
8 9 0.039726
8 10 0.014024
8 11 -0.015157
8 12 -0.048560
8 13 -0.083543
8 14 -0.110513
8 15 -0.132085
8 16 -0.140806
8 17 -0.140602
8 18 -0.129251
8 19 -0.110792
8 20 -0.086312
8 21 -0.059169
8 22 -0.031295
8 23 -0.004826
8 24 0.018837
8 25 0.038867
8 26 0.054762
8 27 0.066684
8 28 0.074781
8 29 0.079620
8 30 0.081491
8 31 0.080773
8 32 0.077502
8 33 0.071606
8 34 0.062835
8 35 0.050803
8 36 0.035268
8 37 0.015893
8 38 -0.007191
8 39 -0.033933
8 40 -0.063590
8 41 -0.095571
8 42 -0.128520
8 43 -0.161401
8 44 -0.192479
8 45 -0.220587
8 46 -0.244008
8 47 -0.261854
8 48 -0.272848
8 49 -0.276738
8 50 -0.272980
8 51 -0.262137
8 52 -0.244470
8 53 -0.221291
8 54 -0.193490
8 55 -0.162844
8 56 -0.130508
8 57 -0.098313
8 58 -0.067252
8 59 -0.038809
8 60 -0.013470
8 61 0.007879
8 62 0.025413
8 63 0.038870
8 64 0.049004
8 65 0.055966
8 66 0.060794
8 67 0.063674
8 68 0.065521
8 69 0.066155
8 70 0.066048
8 71 0.064466
8 72 0.061388
8 73 0.055691
8 74 0.047129
8 75 0.034667
8 76 0.018324
8 77 -0.002150
8 78 -0.025922
8 79 -0.051700
8 80 -0.077672
8 81 -0.100656
8 82 -0.118923
8 83 -0.127959
8 84 -0.128811
8 85 -0.116799
8 86 -0.098287
8 87 -0.069700
8 88 -0.040401
8 89 -0.011605
8 90 0.016495
8 91 0.027939
8 92 0.048068
8 93 0.041259
8 94 0.046955
8 95 0.045625
8 96 0.027508
8 97 0.041962
8 98 0.026245
8 99 0.000000

9 0 0.000000
9 1 0.006002
9 2 0.014466
9 3 0.004321
9 4 0.024668
9 5 0.033304
9 6 0.038173
9 7 0.052794
9 8 0.039726
9 9 0.032128
9 10 0.003320
9 11 -0.029036
9 12 -0.065989
9 13 -0.104350
9 14 -0.134401
9 15 -0.158314
9 16 -0.168621
9 17 -0.168838
9 18 -0.157025
9 19 -0.136893
9 20 -0.110050
9 21 -0.079587
9 22 -0.048050
9 23 -0.017309
9 24 0.010636
9 25 0.035259
9 26 0.055500
9 27 0.071850
9 28 0.083911
9 29 0.092592
9 30 0.097618
9 31 0.099728
9 32 0.098371
9 33 0.093873
9 34 0.085399
9 35 0.073040
9 36 0.055995
9 37 0.034522
9 38 0.008239
9 39 -0.022078
9 40 -0.056159
9 41 -0.092578
9 42 -0.130436
9 43 -0.167802
9 44 -0.203423
9 45 -0.235223
9 46 -0.262034
9 47 -0.282090
9 48 -0.294751
9 49 -0.298950
9 50 -0.294876
9 51 -0.282357
9 52 -0.262479
9 53 -0.235909
9 54 -0.204429
9 55 -0.169256
9 56 -0.132475
9 57 -0.095413
9 58 -0.059988
9 59 -0.027202
9 60 0.001600
9 61 0.026032
9 62 0.045530
9 63 0.060372
9 64 0.070724
9 65 0.077320
9 66 0.080755
9 67 0.081806
9 68 0.081059
9 69 0.078883
9 70 0.075487
9 71 0.070590
9 72 0.063950
9 73 0.054765
9 74 0.042614
9 75 0.026669
9 76 0.006862
9 77 -0.016917
9 78 -0.043781
9 79 -0.072324
9 80 -0.100546
9 81 -0.125185
9 82 -0.144295
9 83 -0.153364
9 84 -0.153346
9 85 -0.139652
9 86 -0.118779
9 87 -0.087290
9 88 -0.054816
9 89 -0.022840
9 90 0.008539
9 91 0.022417
9 92 0.045449
9 93 0.039870
9 94 0.047249
9 95 0.047046
9 96 0.027333
9 97 0.044855
9 98 0.023577
9 99 0.000000

10 0 0.000000
10 1 0.000312
10 2 0.007598
10 3 -0.004627
10 4 0.011515
10 5 0.018791
10 6 0.018860
10 7 0.031349
10 8 0.014024
10 9 0.003320
10 10 -0.029106
10 11 -0.064940
10 12 -0.104856
10 13 -0.146176
10 14 -0.178081
10 15 -0.203508
10 16 -0.213897
10 17 -0.213542
10 18 -0.199702
10 19 -0.176877
10 20 -0.146179
10 21 -0.111483
10 22 -0.075022
10 23 -0.039386
10 24 -0.006313
10 25 0.023038
10 26 0.047891
10 27 0.068173
10 28 0.083823
10 29 0.095222
10 30 0.102504
10 31 0.105907
10 32 0.105385
10 33 0.100780
10 34 0.091873
10 35 0.078278
10 36 0.059913
10 37 0.036539
10 38 0.008569
10 39 -0.023773
10 40 -0.059391
10 41 -0.097509
10 42 -0.136410
10 43 -0.174925
10 44 -0.211010
10 45 -0.243447
10 46 -0.270288
10 47 -0.290674
10 48 -0.303159
10 49 -0.307578
10 50 -0.303263
10 51 -0.290907
10 52 -0.270681
10 53 -0.244077
10 54 -0.211953
10 55 -0.176332
10 56 -0.138415
10 57 -0.100359
10 58 -0.063279
10 59 -0.029041
10 60 0.001709
10 61 0.027708
10 62 0.049009
10 63 0.065048
10 64 0.076564
10 65 0.083531
10 66 0.087106
10 67 0.087420
10 68 0.085616
10 69 0.081539
10 70 0.075932
10 71 0.068102
10 72 0.058280
10 73 0.045353
10 74 0.029293
10 75 0.009073
10 76 -0.015059
10 77 -0.043246
10 78 -0.074364
10 79 -0.106842
10 80 -0.138564
10 81 -0.165935
10 82 -0.187118
10 83 -0.197150
10 84 -0.197421
10 85 -0.182782
10 86 -0.160498
10 87 -0.126469
10 88 -0.091228
10 89 -0.055771
10 90 -0.020553
10 91 -0.003202
10 92 0.024638
10 93 0.021510
10 94 0.034212
10 95 0.035380
10 96 0.019628
10 97 0.039421
10 98 0.017747
10 99 0.000000

11 0 0.000000
11 1 -0.006814
11 2 0.000925
11 3 -0.015281
11 4 -0.002335
11 5 0.001840
11 6 -0.002748
11 7 0.006578
11 8 -0.015157
11 9 -0.029036
11 10 -0.064940
11 11 -0.103448
11 12 -0.145744
11 13 -0.188695
11 14 -0.221609
11 15 -0.247071
11 16 -0.256665
11 17 -0.254336
11 18 -0.237687
11 19 -0.210956
11 20 -0.175820
11 21 -0.135984
11 22 -0.094378
11 23 -0.053433
11 24 -0.015599
11 25 0.018198
11 26 0.046514
11 27 0.069625
11 28 0.086869
11 29 0.099119
11 30 0.105982
11 31 0.108353
11 32 0.105733
11 33 0.098789
11 34 0.086886
11 35 0.070586
11 36 0.049363
11 37 0.023970
11 38 -0.005742
11 39 -0.038602
11 40 -0.074269
11 41 -0.111129
11 42 -0.148451
11 43 -0.184341
11 44 -0.217931
11 45 -0.247339
11 46 -0.271871
11 47 -0.289958
11 48 -0.301362
11 49 -0.305059
11 50 -0.301435
11 51 -0.290126
11 52 -0.272175
11 53 -0.247854
11 54 -0.218752
11 55 -0.185615
11 56 -0.150339
11 57 -0.113877
11 58 -0.078106
11 59 -0.043867
11 60 -0.012685
11 61 0.014979
11 62 0.038196
11 63 0.057016
11 64 0.071162
11 65 0.081106
11 66 0.087053
11 67 0.089588
11 68 0.089046
11 69 0.085733
11 70 0.079762
11 71 0.070916
11 72 0.058977
11 73 0.043299
11 74 0.023570
11 75 -0.000790
11 76 -0.029657
11 77 -0.062747
11 78 -0.098903
11 79 -0.136172
11 80 -0.172310
11 81 -0.203446
11 82 -0.227632
11 83 -0.239779
11 84 -0.241256
11 85 -0.226897
11 86 -0.204038
11 87 -0.168577
11 88 -0.131132
11 89 -0.092835
11 90 -0.053918
11 91 -0.032950
11 92 -0.000213
11 93 0.000105
11 94 0.017923
11 95 0.022052
11 96 0.009346
11 97 0.033273
11 98 0.009486
11 99 0.000000

12 0 0.000000
12 1 -0.011127
12 2 -0.006832
12 3 -0.025258
12 4 -0.018064
12 5 -0.017005
12 6 -0.027541
12 7 -0.022084
12 8 -0.048560
12 9 -0.065989
12 10 -0.104856
12 11 -0.145744
12 12 -0.189253
12 13 -0.233051
12 14 -0.265502
12 15 -0.290052
12 16 -0.297366
12 17 -0.292170
12 18 -0.271370
12 19 -0.239993
12 20 -0.199301
12 21 -0.153841
12 22 -0.106320
12 23 -0.060008
12 24 -0.017168
12 25 0.020507
12 26 0.051851
12 27 0.076480
12 28 0.094178
12 29 0.105280
12 30 0.110064
12 31 0.109011
12 32 0.102532
12 33 0.090965
12 34 0.074777
12 35 0.054190
12 36 0.029855
12 37 0.002044
12 38 -0.028276
12 39 -0.060683
12 40 -0.093891
12 41 -0.127371
12 42 -0.159648
12 43 -0.190225
12 44 -0.217632
12 45 -0.241558
12 46 -0.260705
12 47 -0.275064
12 48 -0.283619
12 49 -0.286713
12 50 -0.283664
12 51 -0.275181
12 52 -0.260932
12 53 -0.241986
12 54 -0.218349
12 55 -0.191408
12 56 -0.161450
12 57 -0.130076
12 58 -0.097718
12 59 -0.066020
12 60 -0.035353
12 61 -0.007194
12 62 0.018366
12 63 0.040185
12 64 0.058572
12 65 0.072750
12 66 0.083373
12 67 0.089856
12 68 0.092966
12 69 0.092027
12 70 0.087643
12 71 0.078855
12 72 0.065998
12 73 0.047929
12 74 0.024920
12 75 -0.003877
12 76 -0.037755
12 77 -0.076478
12 78 -0.118368
12 79 -0.161340
12 80 -0.202797
12 81 -0.238635
12 82 -0.266845
12 83 -0.282038
12 84 -0.285852
12 85 -0.272678
12 86 -0.250389
12 87 -0.214217
12 88 -0.175471
12 89 -0.134597
12 90 -0.092354
12 91 -0.067430
12 92 -0.029472
12 93 -0.025101
12 94 -0.000953
12 95 0.006001
12 96 -0.001006
12 97 0.025203
12 98 0.003320
12 99 0.000000

13 0 0.000000
13 1 -0.016349
13 2 -0.014135
13 3 -0.035664
13 4 -0.033792
13 5 -0.036509
13 6 -0.053224
13 7 -0.052011
13 8 -0.083543
13 9 -0.104350
13 10 -0.146176
13 11 -0.188695
13 12 -0.233051
13 13 -0.276639
13 14 -0.308133
13 15 -0.330746
13 16 -0.335413
13 17 -0.326569
13 18 -0.301501
13 19 -0.265003
13 20 -0.218934
13 21 -0.167713
13 22 -0.114821
13 23 -0.063419
13 24 -0.016598
13 25 0.024174
13 26 0.056959
13 27 0.081808
13 28 0.097853
13 29 0.106134
13 30 0.106428
13 31 0.100216
13 32 0.087540
13 33 0.069988
13 34 0.047695
13 35 0.022262
13 36 -0.006111
13 37 -0.035815
13 38 -0.066613
13 39 -0.096936
13 40 -0.126618
13 41 -0.154241
13 42 -0.179847
13 43 -0.202271
13 44 -0.221836
13 45 -0.237641
13 46 -0.250258
13 47 -0.258959
13 48 -0.264446
13 49 -0.266045
13 50 -0.264471
13 51 -0.259034
13 52 -0.250433
13 53 -0.238002
13 54 -0.222494
13 55 -0.203395
13 56 -0.181626
13 57 -0.156951
13 58 -0.130520
13 59 -0.102408
13 60 -0.073930
13 61 -0.045375
13 62 -0.018042
13 63 0.007737
13 64 0.030883
13 65 0.051146
13 66 0.067766
13 67 0.080554
13 68 0.089000
13 69 0.092836
13 70 0.091641
13 71 0.084954
13 72 0.072383
13 73 0.053379
13 74 0.027771
13 75 -0.004622
13 76 -0.043288
13 77 -0.087301
13 78 -0.134997
13 79 -0.183665
13 80 -0.230669
13 81 -0.271454
13 82 -0.304032
13 83 -0.322772
13 84 -0.329396
13 85 -0.318150
13 86 -0.296965
13 87 -0.260899
13 88 -0.221249
13 89 -0.178389
13 90 -0.132904
13 91 -0.104150
13 92 -0.060819
13 93 -0.052075
13 94 -0.021499
13 95 -0.011186
13 96 -0.012771
13 97 0.016530
13 98 -0.004534
13 99 0.000000

14 0 0.000000
14 1 -0.017077
14 2 -0.017740
14 3 -0.040487
14 4 -0.043697
14 5 -0.049524
14 6 -0.071867
14 7 -0.074726
14 8 -0.110513
14 9 -0.134401
14 10 -0.178081
14 11 -0.221609
14 12 -0.265502
14 13 -0.308133
14 14 -0.337435
14 15 -0.357558
14 16 -0.358691
14 17 -0.346042
14 18 -0.316275
14 19 -0.274942
14 20 -0.223503
14 21 -0.167231
14 22 -0.109381
14 23 -0.054019
14 24 -0.004015
14 25 0.038317
14 26 0.071420
14 27 0.094636
14 28 0.107745
14 29 0.111242
14 30 0.105872
14 31 0.092719
14 32 0.073090
14 33 0.048240
14 34 0.019758
14 35 -0.011182
14 36 -0.042910
14 37 -0.074515
14 38 -0.104442
14 39 -0.132221
14 40 -0.156617
14 41 -0.177747
14 42 -0.194822
14 43 -0.208564
14 44 -0.218591
14 45 -0.226055
14 46 -0.230764
14 47 -0.233986
14 48 -0.235415
14 49 -0.236118
14 50 -0.235436
14 51 -0.234061
14 52 -0.230937
14 53 -0.226434
14 54 -0.219277
14 55 -0.209761
14 56 -0.196705
14 57 -0.180639
14 58 -0.160761
14 59 -0.138051
14 60 -0.112203
14 61 -0.084663
14 62 -0.055521
14 63 -0.026525
14 64 0.002071
14 65 0.028446
14 66 0.052401
14 67 0.072188
14 68 0.087761
14 69 0.097469
14 70 0.101399
14 71 0.097996
14 72 0.087482
14 73 0.068550
14 74 0.041746
14 75 0.006457
14 76 -0.036028
14 77 -0.084934
14 78 -0.137864
14 79 -0.192078
14 80 -0.244414
14 81 -0.290235
14 82 -0.327352
14 83 -0.350012
14 84 -0.360041
14 85 -0.351379
14 86 -0.332241
14 87 -0.297069
14 88 -0.257587
14 89 -0.213415
14 90 -0.165676
14 91 -0.133507
14 92 -0.085643
14 93 -0.072851
14 94 -0.036481
14 95 -0.023619
14 96 -0.019863
14 97 0.010564
14 98 -0.008515
14 99 0.000000

15 0 0.000000
15 1 -0.016776
15 2 -0.018794
15 3 -0.042386
15 4 -0.049812
15 5 -0.058204
15 6 -0.085872
15 7 -0.092248
15 8 -0.132085
15 9 -0.158314
15 10 -0.203508
15 11 -0.247071
15 12 -0.290052
15 13 -0.330746
15 14 -0.357558
15 15 -0.374539
15 16 -0.372267
15 17 -0.355704
15 18 -0.321922
15 19 -0.276211
15 20 -0.220617
15 21 -0.160223
15 22 -0.099067
15 23 -0.041013
15 24 0.010216
15 25 0.052674
15 26 0.084018
15 27 0.104248
15 28 0.112492
15 29 0.110240
15 30 0.097718
15 31 0.077319
15 32 0.049898
15 33 0.018233
15 34 -0.016616
15 35 -0.051898
15 36 -0.086718
15 37 -0.118696
15 38 -0.147428
15 39 -0.171183
15 40 -0.190292
15 41 -0.203819
15 42 -0.212893
15 43 -0.217303
15 44 -0.218791
15 45 -0.217553
15 46 -0.215543
15 47 -0.212899
15 48 -0.211314
15 49 -0.210442
15 50 -0.211358
15 51 -0.213017
15 52 -0.215793
15 53 -0.218036
15 54 -0.219637
15 55 -0.218705
15 56 -0.215066
15 57 -0.207073
15 58 -0.194919
15 59 -0.177597
15 60 -0.155924
15 61 -0.129697
15 62 -0.100341
15 63 -0.068360
15 64 -0.035543
15 65 -0.002843
15 66 0.027899
15 67 0.055553
15 68 0.078481
15 69 0.095555
15 70 0.105480
15 71 0.107255
15 72 0.100034
15 73 0.083163
15 74 0.056472
15 75 0.020119
15 76 -0.025003
15 77 -0.077277
15 78 -0.134484
15 79 -0.193109
15 80 -0.250117
15 81 -0.300301
15 82 -0.341668
15 83 -0.368115
15 84 -0.381666
15 85 -0.375972
15 86 -0.359316
15 87 -0.325770
15 88 -0.287000
15 89 -0.242336
15 90 -0.192831
15 91 -0.157964
15 92 -0.106006
15 93 -0.089786
15 94 -0.048127
15 95 -0.033337
15 96 -0.024958
15 97 0.006138
15 98 -0.011950
15 99 0.000000

16 0 0.000000
16 1 -0.012920
16 2 -0.014913
16 3 -0.037877
16 4 -0.047834
16 5 -0.057717
16 6 -0.089229
16 7 -0.098336
16 8 -0.140806
16 9 -0.168621
16 10 -0.213897
16 11 -0.256665
16 12 -0.297366
16 13 -0.335413
16 14 -0.358691
16 15 -0.372267
16 16 -0.366151
16 17 -0.346094
16 18 -0.308584
16 19 -0.259639
16 20 -0.200831
16 21 -0.138056
16 22 -0.074985
16 23 -0.016356
16 24 0.034531
16 25 0.074917
16 26 0.103114
16 27 0.118442
16 28 0.121003
16 29 0.111733
16 30 0.092135
16 31 0.064091
16 32 0.029948
16 33 -0.008124
16 34 -0.047496
16 35 -0.086282
16 36 -0.122085
16 37 -0.153761
16 38 -0.179549
16 39 -0.199343
16 40 -0.212250
16 41 -0.219274
16 42 -0.220370
16 43 -0.217448
16 44 -0.211016
16 45 -0.203441
16 46 -0.195289
16 47 -0.188809
16 48 -0.184103
16 49 -0.182806
16 50 -0.184191
16 51 -0.189022
16 52 -0.195680
16 53 -0.204135
16 54 -0.212129
16 55 -0.219214
16 56 -0.222984
16 57 -0.223102
16 58 -0.217553
16 59 -0.206598
16 60 -0.189010
16 61 -0.165912
16 62 -0.136978
16 63 -0.104183
16 64 -0.067936
16 65 -0.030818
16 66 0.006353
16 67 0.040738
16 68 0.071462
16 69 0.095748
16 70 0.112948
16 71 0.120620
16 72 0.118575
16 73 0.105040
16 74 0.080588
16 75 0.044632
16 76 -0.001096
16 77 -0.055383
16 78 -0.115184
16 79 -0.177176
16 80 -0.237698
16 81 -0.291671
16 82 -0.336788
16 83 -0.367004
16 84 -0.384270
16 85 -0.382050
16 86 -0.368647
16 87 -0.337579
16 88 -0.300664
16 89 -0.256484
16 90 -0.206561
16 91 -0.169970
16 92 -0.115419
16 93 -0.096787
16 94 -0.051439
16 95 -0.035953
16 96 -0.024466
16 97 0.005710
16 98 -0.012205
16 99 0.000000

17 0 0.000000
17 1 -0.007837
17 2 -0.008017
17 3 -0.029465
17 4 -0.040768
17 5 -0.050905
17 6 -0.085500
17 7 -0.096157
17 8 -0.140602
17 9 -0.168838
17 10 -0.213542
17 11 -0.254336
17 12 -0.292170
17 13 -0.326569
17 14 -0.346042
17 15 -0.355704
17 16 -0.346094
17 17 -0.322767
17 18 -0.282663
17 19 -0.231466
17 20 -0.171297
17 21 -0.107695
17 22 -0.045039
17 23 0.012375
17 24 0.060480
17 25 0.097199
17 26 0.120137
17 27 0.129635
17 28 0.125173
17 29 0.109019
17 30 0.082061
17 31 0.047716
17 32 0.007582
17 33 -0.034576
17 34 -0.077162
17 35 -0.116761
17 36 -0.152387
17 37 -0.181485
17 38 -0.204075
17 39 -0.218711
17 40 -0.226543
17 41 -0.227193
17 42 -0.222775
17 43 -0.213667
17 44 -0.202540
17 45 -0.190027
17 46 -0.178813
17 47 -0.169238
17 48 -0.163488
17 49 -0.161177
17 50 -0.163648
17 51 -0.169591
17 52 -0.179429
17 53 -0.191020
17 54 -0.204060
17 55 -0.215930
17 56 -0.226025
17 57 -0.231769
17 58 -0.232765
17 59 -0.227020
17 60 -0.214781
17 61 -0.195023
17 62 -0.168855
17 63 -0.136351
17 64 -0.099431
17 65 -0.059140
17 66 -0.017924
17 67 0.022524
17 68 0.059628
17 69 0.091457
17 70 0.115712
17 71 0.130636
17 72 0.134591
17 73 0.126476
17 74 0.105743
17 75 0.072572
17 76 0.027943
17 77 -0.026073
17 78 -0.086905
17 79 -0.150407
17 80 -0.213297
17 81 -0.269854
17 82 -0.318154
17 83 -0.351686
17 84 -0.372697
17 85 -0.374185
17 86 -0.364524
17 87 -0.336666
17 88 -0.302353
17 89 -0.259673
17 90 -0.210206
17 91 -0.173056
17 92 -0.116886
17 93 -0.097109
17 94 -0.049115
17 95 -0.034230
17 96 -0.020743
17 97 0.007526
17 98 -0.011408
17 99 0.000000

18 0 0.000000
18 1 -0.001631
18 2 0.002163
18 3 -0.016970
18 4 -0.027771
18 5 -0.037097
18 6 -0.073135
18 7 -0.084382
18 8 -0.129251
18 9 -0.157025
18 10 -0.199702
18 11 -0.237687
18 12 -0.271370
18 13 -0.301501
18 14 -0.316275
18 15 -0.321922
18 16 -0.308584
18 17 -0.282663
18 18 -0.240535
18 19 -0.188587
18 20 -0.128327
18 21 -0.066019
18 22 -0.005412
18 23 0.048438
18 24 0.092235
18 25 0.123200
18 26 0.139988
18 27 0.142324
18 28 0.131032
18 29 0.107760
18 30 0.074931
18 31 0.035167
18 32 -0.008358
18 33 -0.053008
18 34 -0.095690
18 35 -0.134542
18 36 -0.167188
18 37 -0.193018
18 38 -0.210690
18 39 -0.220953
18 40 -0.223464
18 41 -0.220104
18 42 -0.211233
18 43 -0.199422
18 44 -0.185278
18 45 -0.171542
18 46 -0.158605
18 47 -0.148902
18 48 -0.142244
18 49 -0.140431
18 50 -0.142488
18 51 -0.149435
18 52 -0.159486
18 53 -0.172912
18 54 -0.187269
18 55 -0.202296
18 56 -0.215204
18 57 -0.225571
18 58 -0.230704
18 59 -0.230476
18 60 -0.222748
18 61 -0.208111
18 62 -0.185328
18 63 -0.155978
18 64 -0.119862
18 65 -0.079571
18 66 -0.035817
18 67 0.008037
18 68 0.050724
18 69 0.088541
18 70 0.120148
18 71 0.142046
18 72 0.153360
18 73 0.151457
18 74 0.136524
18 75 0.107569
18 76 0.066371
18 77 0.014217
18 78 -0.045513
18 79 -0.109190
18 80 -0.172874
18 81 -0.231223
18 82 -0.281896
18 83 -0.318606
18 84 -0.343326
18 85 -0.348962
18 86 -0.343636
18 87 -0.319817
18 88 -0.289146
18 89 -0.249022
18 90 -0.201393
18 91 -0.164868
18 92 -0.108743
18 93 -0.089079
18 94 -0.040233
18 95 -0.027193
18 96 -0.013434
18 97 0.011977
18 98 -0.009544
18 99 0.000000

19 0 0.000000
19 1 0.004250
19 2 0.013632
19 3 -0.002461
19 4 -0.011861
19 5 -0.019040
19 6 -0.055737
19 7 -0.066259
19 8 -0.110792
19 9 -0.136893
19 10 -0.176877
19 11 -0.210956
19 12 -0.239993
19 13 -0.265003
19 14 -0.274942
19 15 -0.276211
19 16 -0.259639
19 17 -0.231466
19 18 -0.188587
19 19 -0.136940
19 20 -0.078535
19 21 -0.019013
19 22 0.037289
19 23 0.086121
19 24 0.123552
19 25 0.147893
19 26 0.157175
19 27 0.152529
19 28 0.134112
19 29 0.105184
19 30 0.067296
19 31 0.024717
19 32 -0.020630
19 33 -0.064564
19 34 -0.105711
19 35 -0.140791
19 36 -0.169573
19 37 -0.190053
19 38 -0.203288
19 39 -0.208467
19 40 -0.207690
19 41 -0.200931
19 42 -0.190870
19 43 -0.177758
19 44 -0.164369
19 45 -0.150795
19 46 -0.139543
19 47 -0.130267
19 48 -0.125007
19 49 -0.122870
19 50 -0.125352
19 51 -0.130995
19 52 -0.140733
19 53 -0.152573
19 54 -0.166903
19 55 -0.181284
19 56 -0.195654
19 57 -0.207335
19 58 -0.216054
19 59 -0.219249
19 60 -0.216802
19 61 -0.206727
19 62 -0.189474
19 63 -0.164068
19 64 -0.131838
19 65 -0.093075
19 66 -0.050046
19 67 -0.004249
19 68 0.041356
19 69 0.084442
19 70 0.121865
19 71 0.151102
19 72 0.169504
19 73 0.175203
19 74 0.166841
19 75 0.144170
19 76 0.107776
19 77 0.059754
19 78 0.002604
19 79 -0.059249
19 80 -0.122563
19 81 -0.181321
19 82 -0.233766
19 83 -0.273018
19 84 -0.301428
19 85 -0.311246
19 86 -0.310680
19 87 -0.291446
19 88 -0.265143
19 89 -0.228505
19 90 -0.183676
19 91 -0.149007
19 92 -0.094069
19 93 -0.075932
19 94 -0.027360
19 95 -0.017541
19 96 -0.004432
19 97 0.017304
19 98 -0.007886
19 99 0.000000

20 0 0.000000
20 1 0.008638
20 2 0.025482
20 3 0.012546
20 4 0.005805
20 5 0.001553
20 6 -0.034454
20 7 -0.043455
20 8 -0.086312
20 9 -0.110050
20 10 -0.146179
20 11 -0.175820
20 12 -0.199301
20 13 -0.218934
20 14 -0.223503
20 15 -0.220617
20 16 -0.200831
20 17 -0.171297
20 18 -0.128327
20 19 -0.078535
20 20 -0.023104
20 21 0.031714
20 22 0.082570
20 23 0.124597
20 24 0.155048
20 25 0.171619
20 26 0.173776
20 27 0.161984
20 28 0.138029
20 29 0.104297
20 30 0.064000
20 31 0.020132
20 32 -0.023829
20 33 -0.065490
20 34 -0.102054
20 35 -0.132501
20 36 -0.155193
20 37 -0.170687
20 38 -0.178445
20 39 -0.180277
20 40 -0.176296
20 41 -0.168971
20 42 -0.158506
20 43 -0.147458
20 44 -0.135705
20 45 -0.125545
20 46 -0.116365
20 47 -0.110111
20 48 -0.105728
20 49 -0.104872
20 50 -0.106169
20 51 -0.111042
20 52 -0.117850
20 53 -0.127742
20 54 -0.138755
20 55 -0.151647
20 56 -0.164058
20 57 -0.176315
20 58 -0.185714
20 59 -0.192300
20 60 -0.193309
20 61 -0.188894
20 62 -0.176699
20 63 -0.157519
20 64 -0.129918
20 65 -0.095785
20 66 -0.054912
20 67 -0.010435
20 68 0.036684
20 69 0.082327
20 70 0.124818
20 71 0.159728
20 72 0.185454
20 73 0.198281
20 74 0.197677
20 75 0.181808
20 76 0.152035
20 77 0.109222
20 78 0.056616
20 79 -0.002276
20 80 -0.063578
20 81 -0.121951
20 82 -0.175135
20 83 -0.216650
20 84 -0.248376
20 85 -0.262570
20 86 -0.266947
20 87 -0.252847
20 88 -0.231563
20 89 -0.199249
20 90 -0.158315
20 91 -0.126567
20 92 -0.074264
20 93 -0.058788
20 94 -0.011984
20 95 -0.006338
20 96 0.004929
20 97 0.022723
20 98 -0.007479
20 99 0.000000

21 0 0.000000
21 1 0.010922
21 2 0.036099
21 3 0.026655
21 4 0.022799
21 5 0.022567
21 6 -0.012222
21 7 -0.018580
21 8 -0.059169
21 9 -0.079587
21 10 -0.111483
21 11 -0.135984
21 12 -0.153841
21 13 -0.167713
21 14 -0.167231
21 15 -0.160223
21 16 -0.138056
21 17 -0.107695
21 18 -0.066019
21 19 -0.019013
21 20 0.031714
21 21 0.080872
21 22 0.124664
21 23 0.159444
21 24 0.181922
21 25 0.191262
21 26 0.186251
21 27 0.169022
21 28 0.140426
21 29 0.104574
21 30 0.063323
21 31 0.021300
21 32 -0.019906
21 33 -0.056395
21 34 -0.087758
21 35 -0.111483
21 36 -0.128643
21 37 -0.138104
21 38 -0.142130
21 39 -0.140438
21 40 -0.135835
21 41 -0.128188
21 42 -0.120215
21 43 -0.111406
21 44 -0.104043
21 45 -0.097060
21 46 -0.092299
21 47 -0.088281
21 48 -0.086625
21 49 -0.085711
21 50 -0.087158
21 51 -0.089388
21 52 -0.094066
21 53 -0.099622
21 54 -0.107583
21 55 -0.116172
21 56 -0.126492
21 57 -0.136350
21 58 -0.146235
21 59 -0.153537
21 60 -0.158234
21 61 -0.157620
21 62 -0.151589
21 63 -0.137952
21 64 -0.117127
21 65 -0.088105
21 66 -0.052346
21 67 -0.010421
21 68 0.035014
21 69 0.081886
21 70 0.126683
21 71 0.166470
21 72 0.197720
21 73 0.217788
21 74 0.224297
21 75 0.216269
21 76 0.193460
21 77 0.157514
21 78 0.110355
21 79 0.056215
21 80 -0.002111
21 81 -0.058611
21 82 -0.111856
21 83 -0.154670
21 84 -0.189424
21 85 -0.207563
21 86 -0.216951
21 87 -0.208047
21 88 -0.192190
21 89 -0.164747
21 90 -0.128473
21 91 -0.100626
21 92 -0.051969
21 93 -0.040339
21 94 0.003825
21 95 0.004237
21 96 0.013349
21 97 0.026833
21 98 -0.008822
21 99 0.000000

22 0 0.000000
22 1 0.010064
22 2 0.044474
22 3 0.038175
22 4 0.037651
22 5 0.041863
22 6 0.009227
22 7 0.006023
22 8 -0.031295
22 9 -0.048050
22 10 -0.075022
22 11 -0.094378
22 12 -0.106320
22 13 -0.114821
22 14 -0.109381
22 15 -0.099067
22 16 -0.074985
22 17 -0.045039
22 18 -0.005412
22 19 0.037289
22 20 0.082570
22 21 0.124664
22 22 0.161163
22 23 0.187907
22 24 0.203171
22 25 0.205445
22 26 0.195197
22 27 0.173607
22 28 0.143234
22 29 0.106808
22 30 0.067813
22 31 0.028954
22 32 -0.006653
22 33 -0.037543
22 34 -0.061764
22 35 -0.079583
22 36 -0.090300
22 37 -0.095677
22 38 -0.095774
22 39 -0.093141
22 40 -0.087860
22 41 -0.082505
22 42 -0.076598
22 43 -0.072270
22 44 -0.068285
22 45 -0.066287
22 46 -0.064476
22 47 -0.064274
22 48 -0.063707
22 49 -0.064319
22 50 -0.064309
22 51 -0.065531
22 52 -0.066456
22 53 -0.069160
22 54 -0.072196
22 55 -0.077526
22 56 -0.083428
22 57 -0.091359
22 58 -0.099014
22 59 -0.107141
22 60 -0.112826
22 61 -0.116271
22 62 -0.114323
22 63 -0.107201
22 64 -0.092191
22 65 -0.070286
22 66 -0.039919
22 67 -0.003459
22 68 0.039115
22 69 0.083925
22 70 0.129608
22 71 0.171313
22 72 0.207105
22 73 0.232371
22 74 0.245894
22 75 0.244830
22 76 0.229820
22 77 0.200869
22 78 0.160607
22 79 0.111909
22 80 0.058151
22 81 0.004308
22 82 -0.047647
22 83 -0.091164
22 84 -0.128006
22 85 -0.149783
22 86 -0.163705
22 87 -0.160027
22 88 -0.149647
22 89 -0.127510
22 90 -0.096526
22 91 -0.073360
22 92 -0.029409
22 93 -0.022461
22 94 0.018062
22 95 0.012705
22 96 0.019276
22 97 0.028705
22 98 -0.012855
22 99 0.000000

23 0 0.000000
23 1 0.006286
23 2 0.049653
23 3 0.046557
23 4 0.048900
23 5 0.058311
23 6 0.028074
23 7 0.028864
23 8 -0.004826
23 9 -0.017309
23 10 -0.039386
23 11 -0.053433
23 12 -0.060008
23 13 -0.063419
23 14 -0.054019
23 15 -0.041013
23 16 -0.016356
23 17 0.012375
23 18 0.048438
23 19 0.086121
23 20 0.124597
23 21 0.159444
23 22 0.187907
23 23 0.207429
23 24 0.215702
23 25 0.212925
23 26 0.198601
23 27 0.175624
23 28 0.145091
23 29 0.111379
23 30 0.075950
23 31 0.043089
23 32 0.013373
23 33 -0.010099
23 34 -0.028251
23 35 -0.039446
23 36 -0.045974
23 37 -0.047229
23 38 -0.046215
23 39 -0.042580
23 40 -0.039275
23 41 -0.035511
23 42 -0.033687
23 43 -0.032272
23 44 -0.033037
23 45 -0.033837
23 46 -0.036091
23 47 -0.037423
23 48 -0.039306
23 49 -0.039540
23 50 -0.039959
23 51 -0.038773
23 52 -0.038229
23 53 -0.036904
23 54 -0.037227
23 55 -0.037842
23 56 -0.040935
23 57 -0.044820
23 58 -0.051001
23 59 -0.057179
23 60 -0.063974
23 61 -0.068525
23 62 -0.070766
23 63 -0.067759
23 64 -0.059357
23 65 -0.043341
23 66 -0.020266
23 67 0.010590
23 68 0.047380
23 69 0.088959
23 70 0.132135
23 71 0.174259
23 72 0.211498
23 73 0.240889
23 74 0.259277
23 75 0.265013
23 76 0.256855
23 77 0.235685
23 78 0.202396
23 79 0.160546
23 80 0.112013
23 81 0.062408
23 82 0.012567
23 83 -0.030224
23 84 -0.068419
23 85 -0.092744
23 86 -0.110718
23 87 -0.111674
23 88 -0.106716
23 89 -0.089921
23 90 -0.064681
23 91 -0.046799
23 92 -0.008322
23 93 -0.006864
23 94 0.029495
23 95 0.017774
23 96 0.022170
23 97 0.027554
23 98 -0.019304
23 99 0.000000

24 0 0.000000
24 1 -0.000864
24 2 0.051078
24 3 0.050683
24 4 0.055655
24 5 0.070382
24 6 0.043152
24 7 0.048193
24 8 0.018837
24 9 0.010636
24 10 -0.006313
24 11 -0.015599
24 12 -0.017168
24 13 -0.016598
24 14 -0.004015
24 15 0.010216
24 16 0.034531
24 17 0.060480
24 18 0.092235
24 19 0.123552
24 20 0.155048
24 21 0.181922
24 22 0.203171
24 23 0.215702
24 24 0.219020
24 25 0.212383
24 26 0.197018
24 27 0.174329
24 28 0.147018
24 29 0.117384
24 30 0.088428
24 31 0.061845
24 32 0.039849
24 33 0.022615
24 34 0.011185
24 35 0.004163
24 36 0.001751
24 37 0.001562
24 38 0.003664
24 39 0.005455
24 40 0.007526
24 41 0.007628
24 42 0.007185
24 43 0.004460
24 44 0.001608
24 45 -0.002784
24 46 -0.006195
24 47 -0.010057
24 48 -0.011887
24 49 -0.013439
24 50 -0.012558
24 51 -0.011457
24 52 -0.008394
24 53 -0.005963
24 54 -0.002700
24 55 -0.001300
24 56 -0.000258
24 57 -0.001963
24 58 -0.004481
24 59 -0.009520
24 60 -0.014445
24 61 -0.020156
24 62 -0.023383
24 63 -0.024501
24 64 -0.020100
24 65 -0.010718
24 66 0.006403
24 67 0.029725
24 68 0.060601
24 69 0.095927
24 70 0.135366
24 71 0.174395
24 72 0.211513
24 73 0.241847
24 74 0.263988
24 75 0.274335
24 76 0.272851
24 77 0.258494
24 78 0.232944
24 79 0.197995
24 80 0.156080
24 81 0.111388
24 82 0.065291
24 83 0.024147
24 84 -0.013848
24 85 -0.039851
24 86 -0.060684
24 87 -0.065740
24 88 -0.065630
24 89 -0.054192
24 90 -0.034861
24 91 -0.022747
24 92 0.009592
24 93 0.005039
24 94 0.036700
24 95 0.018489
24 96 0.021045
24 97 0.022878
24 98 -0.028545
24 99 0.000000

25 0 0.000000
25 1 -0.010508
25 2 0.048519
25 3 0.050839
25 4 0.057502
25 5 0.077999
25 6 0.053838
25 7 0.063724
25 8 0.038867
25 9 0.035259
25 10 0.023038
25 11 0.018198
25 12 0.020507
25 13 0.024174
25 14 0.038317
25 15 0.052674
25 16 0.074917
25 17 0.097199
25 18 0.123200
25 19 0.147893
25 20 0.171619
25 21 0.191262
25 22 0.205445
25 23 0.212925
25 24 0.212383
25 25 0.204841
25 26 0.190040
25 27 0.170991
25 28 0.148230
25 29 0.125590
25 30 0.103363
25 31 0.084906
25 32 0.069397
25 33 0.059053
25 34 0.051792
25 35 0.048842
25 36 0.047332
25 37 0.048134
25 38 0.048277
25 39 0.048916
25 40 0.047477
25 41 0.045741
25 42 0.041660
25 43 0.037603
25 44 0.031863
25 45 0.027126
25 46 0.021729
25 47 0.018363
25 48 0.015164
25 49 0.014604
25 50 0.014493
25 51 0.016976
25 52 0.019526
25 53 0.023962
25 54 0.027533
25 55 0.031842
25 56 0.034160
25 57 0.036116
25 58 0.035367
25 59 0.033876
25 60 0.030042
25 61 0.026367
25 62 0.022132
25 63 0.020259
25 64 0.020655
25 65 0.026118
25 66 0.036517
25 67 0.053695
25 68 0.076682
25 69 0.105644
25 70 0.138286
25 71 0.173017
25 72 0.206507
25 73 0.236278
25 74 0.259049
25 75 0.272983
25 76 0.276065
25 77 0.268422
25 78 0.249711
25 79 0.222489
25 80 0.187321
25 81 0.149020
25 82 0.107478
25 83 0.069758
25 84 0.033066
25 85 0.007075
25 86 -0.015629
25 87 -0.023584
25 88 -0.027837
25 89 -0.021318
25 90 -0.008055
25 91 -0.001946
25 92 0.023727
25 93 0.012742
25 94 0.039469
25 95 0.014617
25 96 0.016182
25 97 0.014619
25 98 -0.039682
25 99 0.000000

26 0 0.000000
26 1 -0.022539
26 2 0.042013
26 3 0.046663
26 4 0.054368
26 5 0.080527
26 6 0.059843
26 7 0.074635
26 8 0.054762
26 9 0.055500
26 10 0.047891
26 11 0.046514
26 12 0.051851
26 13 0.056959
26 14 0.071420
26 15 0.084018
26 16 0.103114
26 17 0.120137
26 18 0.139988
26 19 0.157175
26 20 0.173776
26 21 0.186251
26 22 0.195197
26 23 0.198601
26 24 0.197018
26 25 0.190040
26 26 0.179037
26 27 0.164845
26 28 0.149485
26 29 0.134025
26 30 0.120362
26 31 0.108755
26 32 0.100413
26 33 0.094376
26 34 0.091236
26 35 0.089103
26 36 0.088479
26 37 0.087139
26 38 0.086042
26 39 0.083090
26 40 0.079943
26 41 0.074763
26 42 0.069813
26 43 0.063375
26 44 0.058034
26 45 0.051977
26 46 0.047848
26 47 0.043607
26 48 0.041817
26 49 0.040195
26 50 0.041175
