0 0 0.000000
0 1 0.000000
0 2 0.000000
0 3 0.000000
0 4 0.000000
0 5 0.000000
0 6 0.000000
0 7 0.000000
0 8 0.000000
0 9 0.000000
0 10 0.000000
0 11 0.000000
0 12 0.000000
0 13 0.000000
0 14 0.000000
0 15 0.000000
0 16 0.000000
0 17 0.000000
0 18 0.000000
0 19 0.000000
0 20 0.000000
0 21 0.000000
0 22 0.000000
0 23 0.000000
0 24 0.000000
0 25 0.000000
0 26 0.000000
0 27 0.000000
0 28 0.000000
0 29 0.000000
0 30 0.000000
0 31 0.000000
0 32 0.000000
0 33 0.000000
0 34 0.000000
0 35 0.000000
0 36 0.000000
0 37 0.000000
0 38 0.000000
0 39 0.000000
0 40 0.000000
0 41 0.000000
0 42 0.000000
0 43 0.000000
0 44 0.000000
0 45 0.000000
0 46 0.000000
0 47 0.000000
0 48 0.000000
0 49 0.000000
0 50 0.000000
0 51 0.000000
0 52 0.000000
0 53 0.000000
0 54 0.000000
0 55 0.000000
0 56 0.000000
0 57 0.000000
0 58 0.000000
0 59 0.000000
0 60 0.000000
0 61 0.000000
0 62 0.000000
0 63 0.000000
0 64 0.000000
0 65 0.000000
0 66 0.000000
0 67 0.000000
0 68 0.000000
0 69 0.000000
0 70 0.000000
0 71 0.000000
0 72 0.000000
0 73 0.000000
0 74 0.000000
0 75 0.000000
0 76 0.000000
0 77 0.000000
0 78 0.000000
0 79 0.000000
0 80 0.000000
0 81 0.000000
0 82 0.000000
0 83 0.000000
0 84 0.000000
0 85 0.000000
0 86 0.000000
0 87 0.000000
0 88 0.000000
0 89 0.000000
0 90 0.000000
0 91 0.000000
0 92 0.000000
0 93 0.000000
0 94 0.000000
0 95 0.000000
0 96 0.000000
0 97 0.000000
0 98 0.000000
0 99 0.000000

1 0 0.000000
1 1 0.009783
1 2 0.011227
1 3 0.010893
1 4 0.014306
1 5 0.003491
1 6 0.008955
1 7 -0.000828
1 8 0.004909
1 9 0.012382
1 10 0.027790
1 11 0.058164
1 12 0.091710
1 13 0.137304
1 14 0.179494
1 15 0.219582
1 16 0.245768
1 17 0.255746
1 18 0.244456
1 19 0.212541
1 20 0.162223
1 21 0.098952
1 22 0.029422
1 23 -0.039119
1 24 -0.100201
1 25 -0.148909
1 26 -0.182415
1 27 -0.200035
1 28 -0.202969
1 29 -0.193780
1 30 -0.175791
1 31 -0.152482
1 32 -0.127030
1 33 -0.101983
1 34 -0.079135
1 35 -0.059522
1 36 -0.043544
1 37 -0.031119
1 38 -0.021862
1 39 -0.015235
1 40 -0.010670
1 41 -0.007637
1 42 -0.005694
1 43 -0.004490
1 44 -0.003771
1 45 -0.003354
1 46 -0.003125
1 47 -0.003001
1 48 -0.002944
1 49 -0.002927
1 50 -0.002946
1 51 -0.003003
1 52 -0.003128
1 53 -0.003359
1 54 -0.003778
1 55 -0.004498
1 56 -0.005705
1 57 -0.007650
1 58 -0.010687
1 59 -0.015255
1 60 -0.021886
1 61 -0.031147
1 62 -0.043578
1 63 -0.059560
1 64 -0.079177
1 65 -0.102029
1 66 -0.127079
1 67 -0.152533
1 68 -0.175841
1 69 -0.193829
1 70 -0.203012
1 71 -0.200070
1 72 -0.182435
1 73 -0.148910
1 74 -0.100174
1 75 -0.039059
1 76 0.029533
1 77 0.099104
1 78 0.162470
1 79 0.212772
1 80 0.244903
1 81 0.255875
1 82 0.246563
1 83 0.219111
1 84 0.181022
1 85 0.135470
1 86 0.094319
1 87 0.054875
1 88 0.030270
1 89 0.010240
1 90 0.003291
1 91 0.002827
1 92 0.001180
1 93 0.011983
1 94 0.007505
1 95 0.016705
1 96 0.012376
1 97 0.012532
1 98 0.011387
1 99 0.000000

2 0 0.000000
2 1 0.011227
2 2 0.006028
2 3 0.011243
2 4 -0.001089
2 5 -0.009314
2 6 -0.020077
2 7 -0.043280
2 8 -0.052485
2 9 -0.068535
2 10 -0.067335
2 11 -0.054057
2 12 -0.024010
2 13 0.026058
2 14 0.087591
2 15 0.158892
2 16 0.226942
2 17 0.284725
2 18 0.321937
2 19 0.333725
2 20 0.317593
2 21 0.275883
2 22 0.214071
2 23 0.140132
2 24 0.062821
2 25 -0.009664
2 26 -0.070856
2 27 -0.116672
2 28 -0.145571
2 29 -0.158280
2 30 -0.157209
2 31 -0.145755
2 32 -0.127600
2 33 -0.106169
2 34 -0.084248
2 35 -0.063837
2 36 -0.046126
2 37 -0.031634
2 38 -0.020359
2 39 -0.011986
2 40 -0.006021
2 41 -0.001946
2 42 0.000738
2 43 0.002435
2 44 0.003473
2 45 0.004079
2 46 0.004423
2 47 0.004603
2 48 0.004690
2 49 0.004710
2 50 0.004683
2 51 0.004588
2 52 0.004402
2 53 0.004049
2 54 0.003435
2 55 0.002388
2 56 0.000682
2 57 -0.002013
2 58 -0.006100
2 59 -0.012077
2 60 -0.020465
2 61 -0.031756
2 62 -0.046266
2 63 -0.063997
2 64 -0.084430
2 65 -0.106376
2 66 -0.127833
2 67 -0.146017
2 68 -0.157500
2 69 -0.158603
2 70 -0.145927
2 71 -0.117059
2 72 -0.071271
2 73 -0.010100
2 74 0.062375
2 75 0.139685
2 76 0.213651
2 77 0.275483
2 78 0.317286
2 79 0.333395
2 80 0.321853
2 81 0.284329
2 82 0.227214
2 83 0.158030
2 84 0.088343
2 85 0.024358
2 86 -0.023271
2 87 -0.055869
2 88 -0.069065
2 89 -0.067885
2 90 -0.059824
2 91 -0.039572
2 92 -0.029410
2 93 -0.009898
2 94 -0.002122
2 95 0.002824
2 96 0.011269
2 97 0.005926
2 98 0.012494
2 99 0.000000

3 0 0.000000
3 1 0.010893
3 2 0.011243
3 3 0.012626
3 4 0.009592
3 5 -0.000795
3 6 -0.004817
3 7 -0.025003
3 8 -0.031378
3 9 -0.042114
3 10 -0.040256
3 11 -0.022665
3 12 0.007399
3 13 0.060060
3 14 0.121720
3 15 0.194136
3 16 0.261542
3 17 0.317721
3 18 0.350805
3 19 0.355780
3 20 0.329631
3 21 0.275013
3 22 0.198070
3 23 0.107963
3 24 0.014851
3 25 -0.071635
3 26 -0.143825
3 27 -0.196824
3 28 -0.228779
3 29 -0.240580
3 30 -0.235217
3 31 -0.216916
3 32 -0.190318
3 33 -0.159761
3 34 -0.128827
3 35 -0.100093
3 36 -0.075131
3 37 -0.054615
3 38 -0.038569
3 39 -0.026555
3 40 -0.017933
3 41 -0.011973
3 42 -0.008013
3 43 -0.005466
3 44 -0.003894
3 45 -0.002949
3 46 -0.002412
3 47 -0.002113
3 48 -0.001973
3 49 -0.001928
3 50 -0.001975
3 51 -0.002116
3 52 -0.002417
3 53 -0.002956
3 54 -0.003904
3 55 -0.005477
3 56 -0.008026
3 57 -0.011989
3 58 -0.017952
3 59 -0.026577
3 60 -0.038595
3 61 -0.054646
3 62 -0.075166
3 63 -0.100134
3 64 -0.128875
3 65 -0.159816
3 66 -0.190382
3 67 -0.216990
3 68 -0.235304
3 69 -0.240681
3 70 -0.228896
3 71 -0.196958
3 72 -0.143975
3 73 -0.071796
3 74 0.014687
3 75 0.107802
3 76 0.197939
3 77 0.274893
3 78 0.329620
3 79 0.355707
3 80 0.351068
3 81 0.317523
3 82 0.262356
3 83 0.193308
3 84 0.123510
3 85 0.058015
3 86 0.010089
3 87 -0.025382
3 88 -0.039005
3 89 -0.042567
3 90 -0.035749
3 91 -0.020847
3 92 -0.013715
3 93 0.003361
3 94 0.005014
3 95 0.012447
3 96 0.012828
3 97 0.011021
3 98 0.012165
3 99 0.000000

4 0 0.000000
4 1 0.014306
4 2 -0.001089
4 3 0.009592
4 4 -0.006147
4 5 -0.017955
4 6 -0.023614
4 7 -0.050828
4 8 -0.052772
4 9 -0.065716
4 10 -0.055798
4 11 -0.031140
4 12 0.012376
4 13 0.081277
4 14 0.162759
4 15 0.257432
4 16 0.347560
4 17 0.425339
4 18 0.476316
4 19 0.493674
4 20 0.472715
4 21 0.415457
4 22 0.328239
4 23 0.221401
4 24 0.106976
4 25 -0.003117
4 26 -0.098878
4 27 -0.173382
4 28 -0.223259
4 29 -0.248552
4 30 -0.252030
4 31 -0.238261
4 32 -0.212591
4 33 -0.180286
4 34 -0.145862
4 35 -0.112765
4 36 -0.083233
4 37 -0.058440
4 38 -0.038668
4 39 -0.023628
4 40 -0.012656
4 41 -0.004979
4 42 0.000201
4 43 0.003555
4 44 0.005659
4 45 0.006918
4 46 0.007651
4 47 0.008042
4 48 0.008238
4 49 0.008284
4 50 0.008223
4 51 0.008013
4 52 0.007608
4 53 0.006859
4 54 0.005585
4 55 0.003465
4 56 0.000096
4 57 -0.005100
4 58 -0.012793
4 59 -0.023783
4 60 -0.038839
4 61 -0.058629
4 62 -0.083440
4 63 -0.112991
4 64 -0.146107
4 65 -0.180551
4 66 -0.212877
4 67 -0.238569
4 68 -0.252361
4 69 -0.248911
4 70 -0.223647
4 71 -0.173803
4 72 -0.099333
4 73 -0.003606
4 74 0.106458
4 75 0.220850
4 76 0.327679
4 77 0.414846
4 78 0.472161
4 79 0.492943
4 80 0.475886
4 81 0.424244
4 82 0.347525
4 83 0.255427
4 84 0.163482
4 85 0.077956
4 86 0.013399
4 87 -0.034442
4 88 -0.057819
4 89 -0.064755
4 90 -0.062939
4 91 -0.043451
4 92 -0.038417
4 93 -0.013716
4 94 -0.008893
4 95 -0.000191
4 96 0.012235
4 97 0.002299
4 98 0.016274
4 99 0.000000

5 0 0.000000
5 1 0.003491
5 2 -0.009314
5 3 -0.000795
5 4 -0.017955
5 5 -0.029728
5 6 -0.036471
5 7 -0.061964
5 8 -0.064192
5 9 -0.074982
5 10 -0.065565
5 11 -0.040250
5 12 0.001614
5 13 0.069804
5 14 0.149928
5 15 0.245082
5 16 0.336849
5 17 0.418427
5 18 0.474410
5 19 0.497419
5 20 0.481352
5 21 0.427115
5 22 0.340053
5 23 0.230114
5 24 0.109496
5 25 -0.009137
5 26 -0.114686
5 27 -0.198960
5 28 -0.257444
5 29 -0.289290
5 30 -0.296784
5 31 -0.284391
5 32 -0.257724
5 33 -0.222524
5 34 -0.183944
5 35 -0.146027
5 36 -0.111575
5 37 -0.082145
5 38 -0.058313
5 39 -0.039885
5 40 -0.026250
5 41 -0.016543
5 42 -0.009909
5 43 -0.005523
5 44 -0.002743
5 45 -0.001029
5 46 -0.000031
5 47 0.000535
5 48 0.000802
5 49 0.000888
5 50 0.000791
5 51 0.000513
5 52 -0.000063
5 53 -0.001072
5 54 -0.002797
5 55 -0.005587
5 56 -0.009985
5 57 -0.016629
5 58 -0.026347
5 59 -0.039991
5 60 -0.058429
5 61 -0.082269
5 62 -0.111708
5 63 -0.146165
5 64 -0.184090
5 65 -0.222674
5 66 -0.257879
5 67 -0.284550
5 68 -0.296950
5 69 -0.289462
5 70 -0.257626
5 71 -0.199153
5 72 -0.114894
5 73 -0.009361
5 74 0.109258
5 75 0.229852
5 76 0.339787
5 77 0.426781
5 78 0.481071
5 79 0.496889
5 80 0.474208
5 81 0.417381
5 82 0.337035
5 83 0.242907
5 84 0.150975
5 85 0.066060
5 86 0.003252
5 87 -0.044113
5 88 -0.066379
5 89 -0.074491
5 90 -0.072348
5 91 -0.054757
5 92 -0.048853
5 93 -0.025059
5 94 -0.018464
5 95 -0.009294
5 96 0.004406
5 97 -0.003048
5 98 0.006875
5 99 0.000000

6 0 0.000000
6 1 0.008955
6 2 -0.020077
6 3 -0.004817
6 4 -0.023614
6 5 -0.036471
6 6 -0.032644
6 7 -0.055478
6 8 -0.043615
6 9 -0.045218
6 10 -0.022692
6 11 0.012714
6 12 0.063134
6 13 0.137139
6 14 0.220134
6 15 0.316505
6 16 0.408016
6 17 0.489324
6 18 0.545081
6 19 0.568200
6 20 0.551895
6 21 0.496354
6 22 0.406023
6 23 0.290273
6 24 0.161153
6 25 0.031700
6 26 -0.086150
6 27 -0.183115
6 28 -0.253507
6 29 -0.295486
6 30 -0.310623
6 31 -0.303085
6 32 -0.278517
6 33 -0.243045
6 34 -0.202340
6 35 -0.161105
6 36 -0.122707
6 37 -0.089245
6 38 -0.061622
6 39 -0.039915
6 40 -0.023566
6 41 -0.011768
6 42 -0.003555
6 43 0.001928
6 44 0.005481
6 45 0.007673
6 46 0.008995
6 47 0.009722
6 48 0.010096
6 49 0.010189
6 50 0.010077
6 51 0.009684
6 52 0.008938
6 53 0.007597
6 54 0.005387
6 55 0.001815
6 56 -0.003686
6 57 -0.011918
6 58 -0.023732
6 59 -0.040099
6 60 -0.061822
6 61 -0.089461
6 62 -0.122936
6 63 -0.161346
6 64 -0.202591
6 65 -0.243306
6 66 -0.278786
6 67 -0.303363
6 68 -0.310909
6 69 -0.295783
6 70 -0.253817
6 71 -0.183444
6 72 -0.086500
6 73 0.031321
6 74 0.160745
6 75 0.289812
6 76 0.405528
6 77 0.495729
6 78 0.551276
6 79 0.567206
6 80 0.544387
6 81 0.487556
6 82 0.407557
6 83 0.313309
6 84 0.220406
6 85 0.132187
6 86 0.063825
6 87 0.008056
6 88 -0.024815
6 89 -0.043680
6 90 -0.054139
6 91 -0.043702
6 92 -0.049128
6 93 -0.025351
6 94 -0.025936
6 95 -0.014894
6 96 0.002024
6 97 -0.011475
6 98 0.011173
6 99 0.000000

7 0 0.000000
7 1 -0.000828
7 2 -0.043280
7 3 -0.025003
7 4 -0.050828
7 5 -0.061964
7 6 -0.055478
7 7 -0.073000
7 8 -0.053799
7 9 -0.046886
7 10 -0.016917
7 11 0.024744
7 12 0.077851
7 13 0.151911
7 14 0.231572
7 15 0.323385
7 16 0.409832
7 17 0.487757
7 18 0.542442
7 19 0.567449
7 20 0.555308
7 21 0.505162
7 22 0.419885
7 23 0.307447
7 24 0.178837
7 25 0.046698
7 26 -0.076800
7 27 -0.181559
7 28 -0.260783
7 29 -0.311412
7 30 -0.333999
7 31 -0.331959
7 32 -0.310626
7 33 -0.276115
7 34 -0.234452
7 35 -0.190782
7 36 -0.149072
7 37 -0.111885
7 38 -0.080599
7 39 -0.055523
7 40 -0.036333
7 41 -0.022213
7 42 -0.012252
7 43 -0.005453
7 44 -0.001012
7 45 0.001814
7 46 0.003507
7 47 0.004493
7 48 0.004969
7 49 0.005124
7 50 0.004950
7 51 0.004455
7 52 0.003450
7 53 0.001739
7 54 -0.001107
7 55 -0.005565
7 56 -0.012383
7 57 -0.022360
7 58 -0.036498
7 59 -0.055703
7 60 -0.080794
7 61 -0.112093
7 62 -0.149293
7 63 -0.191013
7 64 -0.234694
7 65 -0.276365
7 66 -0.310886
7 67 -0.332228
7 68 -0.334282
7 69 -0.311708
7 70 -0.261100
7 71 -0.181902
7 72 -0.077177
7 73 0.046278
7 74 0.178366
7 75 0.306896
7 76 0.419270
7 77 0.504363
7 78 0.554483
7 79 0.566144
7 80 0.541438
7 81 0.485485
7 82 0.408991
7 83 0.319473
7 84 0.231454
7 85 0.146077
7 86 0.078227
7 87 0.019237
7 88 -0.019007
7 89 -0.045644
7 90 -0.063603
7 91 -0.060324
7 92 -0.070808
7 93 -0.049951
7 94 -0.050563
7 95 -0.040308
7 96 -0.015771
7 97 -0.031564
7 98 0.000382
7 99 0.000000

8 0 0.000000
8 1 0.004909
8 2 -0.052485
8 3 -0.031378
8 4 -0.052772
8 5 -0.064192
8 6 -0.043615
8 7 -0.053799
8 8 -0.019517
8 9 -0.000763
8 10 0.040643
8 11 0.089841
8 12 0.145569
8 13 0.217238
8 14 0.289371
8 15 0.370724
8 16 0.445259
8 17 0.512666
8 18 0.559706
8 19 0.581280
8 20 0.569735
8 21 0.523345
8 22 0.443296
8 23 0.335728
8 24 0.210018
8 25 0.077767
8 26 -0.049133
8 27 -0.160188
8 28 -0.247633
8 29 -0.307226
8 30 -0.338287
8 31 -0.343289
8 32 -0.326914
8 33 -0.295104
8 34 -0.253962
8 35 -0.209075
8 36 -0.164863
8 37 -0.124494
8 38 -0.089748
8 39 -0.061381
8 40 -0.039222
8 41 -0.022666
8 42 -0.010736
8 43 -0.002500
8 44 0.003023
8 45 0.006547
8 46 0.008745
8 47 0.009995
8 48 0.010658
8 49 0.010833
8 50 0.010642
8 51 0.009963
8 52 0.008698
8 53 0.006484
8 54 0.002945
8 55 -0.002592
8 56 -0.010842
8 57 -0.022787
8 58 -0.039355
8 59 -0.061528
8 60 -0.089906
8 61 -0.124664
8 62 -0.165043
8 63 -0.209267
8 64 -0.254164
8 65 -0.295320
8 66 -0.327145
8 67 -0.343541
8 68 -0.338562
8 69 -0.307536
8 70 -0.247982
8 71 -0.160590
8 72 -0.049595
8 73 0.077228
8 74 0.209395
8 75 0.334984
8 76 0.442457
8 77 0.522276
8 78 0.568637
8 79 0.579640
8 80 0.558443
8 81 0.510038
8 82 0.444303
8 83 0.366552
8 84 0.289446
8 85 0.211419
8 86 0.146508
8 87 0.084848
8 88 0.039412
8 89 0.002106
8 90 -0.028821
8 91 -0.036875
8 92 -0.060964
8 93 -0.045131
8 94 -0.057022
8 95 -0.045685
8 96 -0.023297
8 97 -0.041884
8 98 0.002510
8 99 0.000000

9 0 0.000000
9 1 0.012382
9 2 -0.068535
9 3 -0.042114
9 4 -0.065716
9 5 -0.074982
9 6 -0.045218
9 7 -0.046886
9 8 -0.000763
9 9 0.029316
9 10 0.079942
9 11 0.135270
9 12 0.191849
9 13 0.259480
9 14 0.322441
9 15 0.391728
9 16 0.452941
9 17 0.508794
9 18 0.547791
9 19 0.566445
9 20 0.557090
9 21 0.517202
9 22 0.446109
9 23 0.347839
9 24 0.229679
9 25 0.101746
9 26 -0.024825
9 27 -0.139403
9 28 -0.233454
9 29 -0.301463
9 30 -0.341421
9 31 -0.354527
9 32 -0.344610
9 33 -0.317063
9 34 -0.277976
9 35 -0.233100
9 36 -0.187383
9 37 -0.144434
9 38 -0.106643
9 39 -0.075088
9 40 -0.050014
9 41 -0.030882
9 42 -0.016915
9 43 -0.007049
9 44 -0.000389
9 45 0.003993
9 46 0.006700
9 47 0.008328
9 48 0.009134
9 49 0.009405
9 50 0.009115
9 51 0.008291
9 52 0.006645
9 53 0.003920
9 54 -0.000482
9 55 -0.007158
9 56 -0.017044
9 57 -0.031028
9 58 -0.050180
9 59 -0.075271
9 60 -0.106848
9 61 -0.144658
9 62 -0.187632
9 63 -0.233374
9 64 -0.278282
9 65 -0.317403
9 66 -0.344995
9 67 -0.354965
9 68 -0.341927
9 69 -0.302046
9 70 -0.234132
9 71 -0.140189
9 72 -0.025736
9 73 0.100691
9 74 0.228470
9 75 0.346437
9 76 0.444553
9 77 0.515351
9 78 0.555201
9 79 0.563959
9 80 0.545783
9 81 0.505365
9 82 0.451473
9 83 0.386981
9 84 0.322443
9 85 0.253499
9 86 0.193211
9 87 0.130451
9 88 0.079413
9 89 0.032403
9 90 -0.009807
9 91 -0.029504
9 92 -0.064684
9 93 -0.055788
9 94 -0.074601
9 95 -0.064814
9 96 -0.037935
9 97 -0.061563
9 98 0.004003
9 99 0.000000

10 0 0.000000
10 1 0.027790
10 2 -0.067335
10 3 -0.040256
10 4 -0.055798
10 5 -0.065565
10 6 -0.022692
10 7 -0.016917
10 8 0.040643
10 9 0.079942
10 10 0.137210
10 11 0.195430
10 12 0.249491
10 13 0.309560
10 14 0.359983
10 15 0.413928
10 16 0.458807
10 17 0.500393
10 18 0.529139
10 19 0.543357
10 20 0.535598
10 21 0.502653
10 22 0.442023
10 23 0.355436
10 24 0.247822
10 25 0.127371
10 26 0.004105
10 27 -0.111619
10 28 -0.210648
10 29 -0.286360
10 30 -0.335263
10 31 -0.357220
10 32 -0.354866
10 33 -0.332950
10 34 -0.297184
10 35 -0.253505
10 36 -0.207116
10 37 -0.162245
10 38 -0.121689
10 39 -0.087132
10 40 -0.059044
10 41 -0.037278
10 42 -0.021024
10 43 -0.009419
10 44 -0.001371
10 45 0.003929
10 46 0.007343
10 47 0.009340
10 48 0.010426
10 49 0.010722
10 50 0.010415
10 51 0.009317
10 52 0.007310
10 53 0.003884
10 54 -0.001428
10 55 -0.009490
10 56 -0.021106
10 57 -0.037377
10 58 -0.059157
10 59 -0.087265
10 60 -0.121841
10 61 -0.162423
10 62 -0.207322
10 63 -0.253748
10 64 -0.297468
10 65 -0.333290
10 66 -0.355269
10 67 -0.357705
10 68 -0.335841
10 69 -0.287052
10 70 -0.211466
10 71 -0.112583
10 72 0.002986
10 73 0.126075
10 74 0.246355
10 75 0.353759
10 76 0.440210
10 77 0.500564
10 78 0.533574
10 79 0.540803
10 80 0.527305
10 81 0.497228
10 82 0.458034
10 83 0.409978
10 84 0.361383
10 85 0.305055
10 86 0.252894
10 87 0.192469
10 88 0.138779
10 89 0.084460
10 90 0.032250
10 91 0.001508
10 92 -0.046167
10 93 -0.044392
10 94 -0.075414
10 95 -0.064905
10 96 -0.043283
10 97 -0.067852
10 98 0.012618
10 99 0.000000

11 0 0.000000
11 1 0.058164
11 2 -0.054057
11 3 -0.022665
11 4 -0.031140
11 5 -0.040250
11 6 0.012714
11 7 0.024744
11 8 0.089841
11 9 0.135270
11 10 0.195430
11 11 0.253406
11 12 0.302387
11 13 0.353121
11 14 0.390061
11 15 0.428303
11 16 0.456897
11 17 0.484423
11 18 0.503175
11 19 0.513287
11 20 0.507629
11 21 0.482518
11 22 0.433722
11 23 0.360746
11 24 0.266006
11 25 0.155597
11 26 0.038066
11 27 -0.076717
11 28 -0.179308
11 29 -0.261988
11 30 -0.319911
11 31 -0.351361
11 32 -0.357757
11 33 -0.342817
11 34 -0.311878
11 35 -0.270681
11 36 -0.224817
11 37 -0.178820
11 38 -0.136174
11 39 -0.098901
11 40 -0.068067
11 41 -0.043629
11 42 -0.025159
11 43 -0.011657
11 44 -0.002252
11 45 0.004137
11 46 0.008197
11 47 0.010706
11 48 0.011973
11 49 0.012407
11 50 0.011950
11 51 0.010660
11 52 0.008126
11 53 0.004042
11 54 -0.002375
11 55 -0.011806
11 56 -0.025342
11 57 -0.043843
11 58 -0.068321
11 59 -0.099194
11 60 -0.136518
11 61 -0.179214
11 62 -0.225277
11 63 -0.271210
11 64 -0.312493
11 65 -0.343525
11 66 -0.358579
11 67 -0.352307
11 68 -0.321004
11 69 -0.263238
11 70 -0.180732
11 71 -0.078320
11 72 0.036275
11 73 0.153618
11 74 0.263855
11 75 0.358407
11 76 0.431301
11 77 0.479888
11 78 0.505212
11 79 0.510454
11 80 0.501339
11 81 0.481364
11 82 0.456623
11 83 0.424895
11 84 0.392433
11 85 0.349512
11 86 0.306941
11 87 0.251070
11 88 0.197485
11 89 0.138739
11 90 0.079597
11 91 0.039735
11 92 -0.017833
11 93 -0.023245
11 94 -0.064456
11 95 -0.054732
11 96 -0.036922
11 97 -0.066004
11 98 0.034784
11 99 0.000000

12 0 0.000000
12 1 0.091710
12 2 -0.024010
12 3 0.007399
12 4 0.012376
12 5 0.001614
12 6 0.063134
12 7 0.077851
12 8 0.145569
12 9 0.191849
12 10 0.249491
12 11 0.302387
12 12 0.342523
12 13 0.381368
12 14 0.403605
12 15 0.425922
12 16 0.438722
12 17 0.452938
12 18 0.462455
12 19 0.469076
12 20 0.466075
12 21 0.449436
12 22 0.413443
12 23 0.355472
12 24 0.275511
12 25 0.177373
12 26 0.067992
12 27 -0.043626
12 28 -0.147885
12 29 -0.236295
12 30 -0.302576
12 31 -0.343584
12 32 -0.359206
12 33 -0.352184
12 34 -0.327041
12 35 -0.289438
12 36 -0.244923
12 37 -0.198594
12 38 -0.154244
12 39 -0.114626
12 40 -0.081032
12 41 -0.054010
12 42 -0.033097
12 43 -0.017681
12 44 -0.006642
12 45 0.000834
12 46 0.005787
12 47 0.008744
12 48 0.010385
12 49 0.010829
12 50 0.010356
12 51 0.008684
12 52 0.005697
12 53 0.000709
12 54 -0.006800
12 55 -0.017880
12 56 -0.033336
12 57 -0.054299
12 58 -0.081370
12 59 -0.115026
12 60 -0.154707
12 61 -0.199135
12 62 -0.245543
12 63 -0.290157
12 64 -0.327861
12 65 -0.353126
12 66 -0.360273
12 67 -0.344795
12 68 -0.303933
12 69 -0.237812
12 70 -0.149554
12 71 -0.045446
12 72 0.066045
12 73 0.175309
12 74 0.273385
12 75 0.353279
12 76 0.411339
12 77 0.447287
12 78 0.464389
12 79 0.467150
12 80 0.461845
12 81 0.451198
12 82 0.440076
12 83 0.424036
12 84 0.407648
12 85 0.379060
12 86 0.348185
12 87 0.300264
12 88 0.251144
12 89 0.192934
12 90 0.131888
12 91 0.087307
12 92 0.023528
12 93 0.013409
12 94 -0.037793
12 95 -0.026740
12 96 -0.019362
12 97 -0.048799
12 98 0.061532
12 99 0.000000

13 0 0.000000
13 1 0.137304
13 2 0.026058
13 3 0.060060
13 4 0.081277
13 5 0.069804
13 6 0.137139
13 7 0.151911
13 8 0.217238
13 9 0.259480
13 10 0.309560
13 11 0.353121
13 12 0.381368
13 13 0.406657
13 14 0.413942
13 15 0.421121
13 16 0.419528
13 17 0.421937
13 18 0.423425
13 19 0.427299
13 20 0.427223
13 21 0.419106
13 22 0.395974
13 23 0.353412
13 24 0.289054
13 25 0.204538
13 26 0.104936
13 27 -0.001712
13 28 -0.106077
13 29 -0.198950
13 30 -0.272966
13 31 -0.323368
13 32 -0.348709
13 33 -0.350341
13 34 -0.332127
13 35 -0.299132
13 36 -0.257113
13 37 -0.211223
13 38 -0.165965
13 39 -0.124339
13 40 -0.088404
13 41 -0.058786
13 42 -0.035618
13 43 -0.018105
13 44 -0.005544
13 45 0.003247
13 46 0.008968
13 47 0.012588
13 48 0.014437
13 49 0.015074
13 50 0.014380
13 51 0.012475
13 52 0.008795
13 53 0.003015
13 54 -0.005843
13 55 -0.018468
13 56 -0.036058
13 57 -0.059299
13 58 -0.089004
13 59 -0.125025
13 60 -0.166752
13 61 -0.212109
13 62 -0.258114
13 63 -0.300247
13 64 -0.333371
13 65 -0.351710
13 66 -0.350216
13 67 -0.325003
13 68 -0.274733
13 69 -0.200827
13 70 -0.108052
13 71 -0.003749
13 72 0.102875
13 73 0.202499
13 74 0.287108
13 75 0.351577
13 76 0.394426
13 77 0.417696
13 78 0.426495
13 79 0.426445
13 80 0.424083
13 81 0.421378
13 82 0.422099
13 83 0.420012
13 84 0.418445
13 85 0.403980
13 86 0.385900
13 87 0.348547
13 88 0.307767
13 89 0.254876
13 90 0.197138
13 91 0.152462
13 92 0.087000
13 93 0.074218
13 94 0.015099
13 95 0.026521
13 96 0.020607
13 97 -0.011829
13 98 0.102574
13 99 0.000000

14 0 0.000000
14 1 0.179494
14 2 0.087591
14 3 0.121720
14 4 0.162759
14 5 0.149928
14 6 0.220134
14 7 0.231572
14 8 0.289371
14 9 0.322441
14 10 0.359983
14 11 0.390061
14 12 0.403605
14 13 0.413942
14 14 0.406326
14 15 0.399446
14 16 0.385150
14 17 0.377457
14 18 0.372269
14 19 0.374106
14 20 0.377083
14 21 0.377174
14 22 0.366544
14 23 0.339233
14 24 0.290870
14 25 0.220895
14 26 0.132590
14 27 0.032662
14 28 -0.069899
14 29 -0.165657
14 30 -0.246114
14 31 -0.305293
14 32 -0.340094
14 33 -0.350758
14 34 -0.339954
14 35 -0.312436
14 36 -0.273548
14 37 -0.228914
14 38 -0.183120
14 39 -0.139995
14 40 -0.101728
14 41 -0.069744
14 42 -0.044083
14 43 -0.024567
14 44 -0.010151
14 45 -0.000132
14 46 0.006682
14 47 0.010823
14 48 0.013159
14 49 0.013778
14 50 0.013082
14 51 0.010667
14 52 0.006448
14 53 -0.000450
14 54 -0.010550
14 55 -0.025056
14 56 -0.044659
14 57 -0.070419
14 58 -0.102495
14 59 -0.140868
14 60 -0.184091
14 61 -0.229996
14 62 -0.274731
14 63 -0.313731
14 64 -0.341345
14 65 -0.352252
14 66 -0.341667
14 67 -0.306941
14 68 -0.247801
14 69 -0.167363
14 70 -0.071571
14 71 0.031061
14 72 0.131130
14 73 0.219619
14 74 0.289875
14 75 0.338509
14 76 0.366277
14 77 0.377135
14 78 0.377822
14 79 0.374634
14 80 0.374257
14 81 0.377829
14 82 0.388313
14 83 0.398079
14 84 0.409771
14 85 0.408933
14 86 0.404578
14 87 0.380360
14 88 0.351933
14 89 0.309542
14 90 0.260902
14 91 0.221730
14 92 0.159954
14 93 0.147932
14 94 0.083473
14 95 0.096123
14 96 0.072545
14 97 0.039523
14 98 0.144104
14 99 0.000000

15 0 0.000000
15 1 0.219582
15 2 0.158892
15 3 0.194136
15 4 0.257432
15 5 0.245082
15 6 0.316505
15 7 0.323385
15 8 0.370724
15 9 0.391728
15 10 0.413928
15 11 0.428303
15 12 0.425922
15 13 0.421121
15 14 0.399446
15 15 0.380029
15 16 0.354827
15 17 0.338641
15 18 0.327791
15 19 0.327860
15 20 0.333362
15 21 0.340635
15 22 0.341237
15 23 0.328166
15 24 0.295226
15 25 0.239986
15 26 0.163755
15 27 0.071962
15 28 -0.027247
15 29 -0.124216
15 30 -0.209876
15 31 -0.276838
15 32 -0.320811
15 33 -0.340442
15 34 -0.337598
15 35 -0.316039
15 36 -0.281153
15 37 -0.238271
15 38 -0.192684
15 39 -0.148260
15 40 -0.108118
15 41 -0.073649
15 42 -0.045732
15 43 -0.023901
15 44 -0.007787
15 45 0.003829
15 46 0.011562
15 47 0.016575
15 48 0.019162
15 49 0.020064
15 50 0.019066
15 51 0.016383
15 52 0.011271
15 53 0.003444
15 54 -0.008274
15 55 -0.024481
15 56 -0.046415
15 57 -0.074423
15 58 -0.108994
15 59 -0.149221
15 60 -0.193740
15 61 -0.239399
15 62 -0.282360
15 63 -0.317298
15 64 -0.338908
15 65 -0.341767
15 66 -0.322141
15 67 -0.278127
15 68 -0.211100
15 69 -0.125315
15 70 -0.028185
15 71 0.071249
15 72 0.163314
15 73 0.239863
15 74 0.295479
15 75 0.328751
15 76 0.342284
15 77 0.341807
15 78 0.335147
15 79 0.329056
15 80 0.330051
15 81 0.338534
15 82 0.356802
15 83 0.376308
15 84 0.399430
15 85 0.411223
15 86 0.420686
15 87 0.411041
15 88 0.397577
15 89 0.369314
15 90 0.333914
15 91 0.304261
15 92 0.250061
15 93 0.240630
15 94 0.172687
15 95 0.185013
15 96 0.140436
15 97 0.105560
15 98 0.188313
15 99 0.000000

16 0 0.000000
16 1 0.245768
16 2 0.226942
16 3 0.261542
16 4 0.347560
16 5 0.336849
16 6 0.408016
16 7 0.409832
16 8 0.445259
16 9 0.452941
16 10 0.458807
16 11 0.456897
16 12 0.438722
16 13 0.419528
16 14 0.385150
16 15 0.354827
16 16 0.320354
16 17 0.296877
16 18 0.280909
16 19 0.278856
16 20 0.285752
16 21 0.298423
16 22 0.308289
16 23 0.307577
16 24 0.288788
16 25 0.247653
16 26 0.183790
16 27 0.100973
16 28 0.006573
16 29 -0.090171
16 30 -0.179504
16 31 -0.253273
16 32 -0.305611
16 33 -0.334136
16 34 -0.339234
16 35 -0.324229
16 36 -0.293684
16 37 -0.253320
16 38 -0.208183
16 39 -0.163053
16 40 -0.120976
16 41 -0.084371
16 42 -0.053876
16 43 -0.029935
16 44 -0.011673
16 45 0.001358
16 46 0.010473
16 47 0.016119
16 48 0.019374
16 49 0.020239
16 50 0.019280
16 51 0.015930
16 52 0.010195
16 53 0.000985
16 54 -0.012129
16 55 -0.030480
16 56 -0.054493
16 57 -0.085067
16 58 -0.121728
16 59 -0.163865
16 60 -0.209024
16 61 -0.254194
16 62 -0.294552
16 63 -0.325089
16 64 -0.340042
16 65 -0.334881
16 66 -0.306242
16 67 -0.253772
16 68 -0.179815
16 69 -0.090271
16 70 0.006737
16 71 0.101413
16 72 0.184543
16 73 0.248689
16 74 0.290128
16 75 0.309064
16 76 0.309989
16 77 0.299826
16 78 0.287284
16 79 0.279056
16 80 0.281431
16 81 0.293955
16 82 0.318550
16 83 0.346021
16 84 0.378926
16 85 0.402184
16 86 0.425061
16 87 0.430524
16 88 0.433428
16 89 0.421524
16 90 0.402063
16 91 0.384744
16 92 0.341007
16 93 0.335664
16 94 0.266195
16 95 0.277336
16 96 0.209986
16 97 0.174752
16 98 0.223136
16 99 0.000000

17 0 0.000000
17 1 0.255746
17 2 0.284725
17 3 0.317721
17 4 0.425339
17 5 0.418427
17 6 0.489324
17 7 0.487757
17 8 0.512666
17 9 0.508794
17 10 0.500393
17 11 0.484423
17 12 0.452938
17 13 0.421937
17 14 0.377457
17 15 0.338641
17 16 0.296877
17 17 0.267435
17 18 0.246764
17 19 0.242077
17 20 0.248884
17 21 0.264840
17 22 0.281439
17 23 0.290718
17 24 0.284057
17 25 0.255864
17 26 0.203896
17 27 0.130538
17 28 0.041816
17 29 -0.053294
17 30 -0.145115
17 31 -0.224423
17 32 -0.284532
17 33 -0.321405
17 34 -0.334665
17 35 -0.326282
17 36 -0.300781
17 37 -0.263176
17 38 -0.219230
17 39 -0.173446
17 40 -0.129977
17 41 -0.090987
17 42 -0.058256
17 43 -0.031741
17 44 -0.011583
17 45 0.003409
17 46 0.013635
17 47 0.020444
17 48 0.024018
17 49 0.025310
17 50 0.023954
17 51 0.020322
17 52 0.013451
17 53 0.003175
17 54 -0.011870
17 55 -0.032060
17 56 -0.058613
17 57 -0.091352
17 58 -0.130354
17 59 -0.173798
17 60 -0.219560
17 61 -0.263440
17 62 -0.300979
17 63 -0.326366
17 64 -0.334633
17 65 -0.321208
17 66 -0.284167
17 67 -0.223846
17 68 -0.144329
17 69 -0.052268
17 70 0.043059
17 71 0.131990
17 72 0.205498
17 73 0.257531
17 74 0.285696
17 75 0.292080
17 76 0.282474
17 77 0.264898
17 78 0.248311
17 79 0.239217
17 80 0.243309
17 81 0.259402
17 82 0.289052
17 83 0.322768
17 84 0.363472
17 85 0.396295
17 86 0.430868
17 87 0.450112
17 88 0.468388
17 89 0.472301
17 90 0.468476
17 91 0.463421
17 92 0.430322
17 93 0.428458
17 94 0.358078
17 95 0.365969
17 96 0.275546
17 97 0.240467
17 98 0.245577
17 99 0.000000

18 0 0.000000
18 1 0.244456
18 2 0.321937
18 3 0.350805
18 4 0.476316
18 5 0.474410
18 6 0.545081
18 7 0.542442
18 8 0.559706
18 9 0.547791
18 10 0.529139
18 11 0.503175
18 12 0.462455
18 13 0.423425
18 14 0.372269
18 15 0.327791
18 16 0.280909
18 17 0.246764
18 18 0.221722
18 19 0.213630
18 20 0.218672
18 21 0.235388
18 22 0.255846
18 23 0.272088
18 24 0.275009
18 25 0.257707
18 26 0.216582
18 27 0.152235
18 28 0.069659
18 29 -0.023191
18 30 -0.116402
18 31 -0.200581
18 32 -0.267658
18 33 -0.312851
18 34 -0.334107
18 35 -0.332982
18 36 -0.312762
18 37 -0.278835
18 38 -0.236304
18 39 -0.190702
18 40 -0.145788
18 41 -0.105028
18 42 -0.069707
18 43 -0.041058
18 44 -0.018463
18 45 -0.001895
18 46 0.010044
18 47 0.017598
18 48 0.022069
18 49 0.023297
18 50 0.022060
18 51 0.017578
18 52 0.010023
18 53 -0.001920
18 54 -0.018471
18 55 -0.041056
18 56 -0.069663
18 57 -0.104950
18 58 -0.145638
18 59 -0.190488
18 60 -0.235983
18 61 -0.278416
18 62 -0.312202
18 63 -0.332295
18 64 -0.333255
18 65 -0.311856
18 66 -0.266494
18 67 -0.199288
18 68 -0.114979
18 69 -0.021706
18 70 0.071164
18 71 0.153637
18 72 0.217775
18 73 0.258477
18 74 0.275203
18 75 0.271320
18 76 0.254025
18 77 0.231721
18 78 0.213532
18 79 0.205218
18 80 0.211911
18 81 0.231475
18 82 0.265330
18 83 0.303728
18 84 0.350206
18 85 0.390197
18 86 0.433849
18 87 0.464125
18 88 0.494976
18 89 0.512058
18 90 0.521380
18 91 0.526539
18 92 0.502581
18 93 0.502766
18 94 0.431945
18 95 0.435264
18 96 0.324062
18 97 0.291318
18 98 0.248743
18 99 0.000000

19 0 0.000000
19 1 0.212541
19 2 0.333725
19 3 0.355780
19 4 0.493674
19 5 0.497419
19 6 0.568200
19 7 0.567449
19 8 0.581280
19 9 0.566445
19 10 0.543357
19 11 0.513287
19 12 0.469076
19 13 0.427299
19 14 0.374106
19 15 0.327860
19 16 0.278856
19 17 0.242077
19 18 0.213630
19 19 0.202082
19 20 0.204193
19 21 0.219737
19 22 0.241423
19 23 0.261919
19 24 0.271708
19 25 0.263260
19 26 0.231409
19 27 0.175513
19 28 0.098895
19 29 0.008929
19 30 -0.085187
19 31 -0.173327
19 32 -0.247119
19 33 -0.300148
19 34 -0.329811
19 35 -0.335994
19 36 -0.321985
19 37 -0.292004
19 38 -0.251949
19 39 -0.206647
19 40 -0.161198
19 41 -0.118467
19 42 -0.081249
19 43 -0.049986
19 44 -0.025510
19 45 -0.006728
19 46 0.006393
19 47 0.015371
19 48 0.020164
19 49 0.021976
19 50 0.020217
19 51 0.015483
19 52 0.006561
19 53 -0.006489
19 54 -0.025209
19 55 -0.049597
19 56 -0.080785
19 57 -0.117896
19 58 -0.160537
19 59 -0.205862
19 60 -0.251065
19 61 -0.290989
19 62 -0.320876
19 63 -0.334769
19 64 -0.328524
19 65 -0.298797
19 66 -0.245783
19 67 -0.172036
19 68 -0.084055
19 69 0.009823
19 70 0.099387
19 71 0.175454
19 72 0.230574
19 73 0.261400
19 74 0.268572
19 75 0.257095
19 76 0.234789
19 77 0.210497
19 78 0.192811
19 79 0.186781
19 80 0.196570
19 81 0.219269
19 82 0.256016
19 83 0.297045
19 84 0.346455
19 85 0.390167
19 86 0.438809
19 87 0.475585
19 88 0.514085
19 89 0.539396
19 90 0.557025
19 91 0.568227
19 92 0.550063
19 93 0.549805
19 94 0.478473
19 95 0.476200
19 96 0.348529
19 97 0.320534
19 98 0.231368
19 99 0.000000

20 0 0.000000
20 1 0.162223
20 2 0.317593
20 3 0.329631
20 4 0.472715
20 5 0.481352
20 6 0.551895
20 7 0.555308
20 8 0.569735
20 9 0.557090
20 10 0.535598
20 11 0.507629
20 12 0.466075
20 13 0.427223
20 14 0.377083
20 15 0.333362
20 16 0.285752
20 17 0.248884
20 18 0.218672
20 19 0.204193
20 20 0.202983
20 21 0.215937
20 22 0.236884
20 23 0.259112
20 24 0.273402
20 25 0.271488
20 26 0.247375
20 27 0.198712
20 28 0.127796
20 29 0.040531
20 30 -0.053947
20 31 -0.145960
20 32 -0.225939
20 33 -0.287152
20 34 -0.325165
20 35 -0.339629
20 36 -0.332168
20 37 -0.307467
20 38 -0.270260
20 39 -0.226591
20 40 -0.180713
20 41 -0.137135
20 42 -0.097772
20 43 -0.064800
20 44 -0.037917
20 45 -0.017701
20 46 -0.002716
20 47 0.006936
20 48 0.012789
20 49 0.014422
20 50 0.012883
20 51 0.007118
20 52 -0.002435
20 53 -0.017335
20 54 -0.037447
20 55 -0.064249
20 56 -0.097117
20 57 -0.136409
20 58 -0.179892
20 59 -0.225721
20 60 -0.269324
20 61 -0.306530
20 62 -0.331226
20 63 -0.338770
20 64 -0.324410
20 65 -0.286617
20 66 -0.225683
20 67 -0.146136
20 68 -0.054656
20 69 0.039089
20 70 0.125466
20 71 0.195237
20 72 0.242550
20 73 0.264986
20 74 0.265028
20 75 0.248431
20 76 0.223911
20 77 0.199919
20 78 0.184655
20 79 0.181886
20 80 0.195000
20 81 0.220038
20 82 0.258093
20 83 0.299256
20 84 0.348352
20 85 0.391713
20 86 0.440566
20 87 0.478416
20 88 0.518709
20 89 0.546311
20 90 0.566525
20 91 0.578920
20 92 0.562784
20 93 0.559798
20 94 0.488324
20 95 0.480707
20 96 0.342983
20 97 0.322941
20 98 0.193589
20 99 0.000000

21 0 0.000000
21 1 0.098952
21 2 0.275883
21 3 0.275013
21 4 0.415457
21 5 0.427115
21 6 0.496354
21 7 0.505162
21 8 0.523345
21 9 0.517202
21 10 0.502653
21 11 0.482518
21 12 0.449436
21 13 0.419106
21 14 0.377174
21 15 0.340635
21 16 0.298423
21 17 0.264840
21 18 0.235388
21 19 0.219737
21 20 0.215937
21 21 0.226294
21 22 0.245569
21 23 0.268268
21 24 0.285320
21 25 0.288537
21 26 0.270740
21 27 0.228713
21 28 0.162965
21 29 0.078752
21 30 -0.016030
21 31 -0.111189
21 32 -0.197419
21 33 -0.266363
21 34 -0.313399
21 35 -0.336191
21 36 -0.336539
21 37 -0.317444
21 38 -0.284603
21 39 -0.242808
21 40 -0.197952
21 41 -0.153455
21 42 -0.113189
21 43 -0.078091
21 44 -0.049859
21 45 -0.027540
21 46 -0.011652
21 47 -0.000517
21 48 0.005465
21 49 0.007785
21 50 0.005542
21 51 -0.000360
21 52 -0.011430
21 53 -0.027245
21 54 -0.049520
21 55 -0.077696
21 56 -0.112786
21 57 -0.153033
21 58 -0.197578
21 59 -0.242479
21 60 -0.284409
21 61 -0.317399
21 62 -0.336761
21 63 -0.336717
21 64 -0.314378
21 65 -0.267865
21 66 -0.199627
21 67 -0.114210
21 68 -0.020080
21 69 0.073527
21 70 0.156322
21 71 0.220469
21 72 0.260651
21 73 0.276386
21 74 0.270952
21 75 0.251408
21 76 0.226386
21 77 0.204256
21 78 0.192088
21 79 0.192663
21 80 0.208182
21 81 0.233963
21 82 0.270833
21 83 0.309001
21 84 0.353847
21 85 0.392287
21 86 0.436051
21 87 0.469175
21 88 0.505074
21 89 0.528856
21 90 0.545865
21 91 0.554746
21 92 0.537112
21 93 0.529743
21 94 0.458996
21 95 0.447384
21 96 0.307186
21 97 0.298261
21 98 0.139294
21 99 0.000000

22 0 0.000000
22 1 0.029422
22 2 0.214071
22 3 0.198070
22 4 0.328239
22 5 0.340053
22 6 0.406023
22 7 0.419885
22 8 0.443296
22 9 0.446109
22 10 0.442023
22 11 0.433722
22 12 0.413443
22 13 0.395974
22 14 0.366544
22 15 0.341237
22 16 0.308289
22 17 0.281439
22 18 0.255846
22 19 0.241423
22 20 0.236884
22 21 0.245569
22 22 0.263576
22 23 0.286322
22 24 0.305618
22 25 0.312996
22 26 0.301044
22 27 0.265029
22 28 0.204682
22 29 0.123505
22 30 0.029251
22 31 -0.068900
22 32 -0.160538
22 33 -0.237502
22 34 -0.293172
22 35 -0.325289
22 36 -0.333531
22 37 -0.321573
22 38 -0.293348
22 39 -0.255134
22 40 -0.211379
22 41 -0.167567
22 42 -0.126140
22 43 -0.090327
22 44 -0.060158
22 45 -0.036992
22 46 -0.019379
22 47 -0.007928
22 48 -0.000859
22 49 0.001030
22 50 -0.000879
22 51 -0.007979
22 52 -0.019458
22 53 -0.037133
22 54 -0.060358
22 55 -0.090642
22 56 -0.126570
22 57 -0.168194
22 58 -0.212211
22 59 -0.256279
22 60 -0.294831
22 61 -0.323529
22 62 -0.336005
22 63 -0.328446
22 64 -0.297082
22 65 -0.242357
22 66 -0.166429
22 67 -0.076038
22 68 0.020756
22 69 0.113439
22 70 0.192936
22 71 0.251404
22 72 0.285474
22 73 0.295318
22 74 0.285919
22 75 0.264458
22 76 0.240044
22 77 0.220031
22 78 0.210818
22 79 0.213627
22 80 0.229936
22 81 0.254045
22 82 0.286898
22 83 0.318630
22 84 0.355396
22 85 0.384551
22 86 0.418497
22 87 0.441805
22 88 0.468128
22 89 0.483093
22 90 0.492401
22 91 0.494375
22 92 0.472998
22 93 0.460899
22 94 0.392591
22 95 0.379457
22 96 0.244758
22 97 0.249741
22 98 0.074223
22 99 0.000000

23 0 0.000000
23 1 -0.039119
23 2 0.140132
23 3 0.107963
23 4 0.221401
23 5 0.230114
23 6 0.290273
23 7 0.307447
23 8 0.335728
23 9 0.347839
23 10 0.355436
23 11 0.360746
23 12 0.355472
23 13 0.353412
23 14 0.339233
23 15 0.328166
23 16 0.307577
23 17 0.290718
23 18 0.272088
23 19 0.261919
23 20 0.259112
23 21 0.268268
23 22 0.286322
23 23 0.310160
23 24 0.331993
23 25 0.343992
23 26 0.337882
23 27 0.308546
23 28 0.253918
23 29 0.177008
23 30 0.083906
23 31 -0.015743
23 32 -0.112374
23 33 -0.196145
23 34 -0.260722
23 35 -0.301517
23 36 -0.318698
23 37 -0.313666
23 38 -0.291599
23 39 -0.256846
23 40 -0.215879
23 41 -0.172436
23 42 -0.131458
23 43 -0.094308
23 44 -0.063679
23 45 -0.038770
23 46 -0.020811
23 47 -0.007965
23 48 -0.001131
23 49 0.001517
23 50 -0.001334
23 51 -0.008370
23 52 -0.021448
23 53 -0.039640
23 54 -0.064840
23 55 -0.095763
23 56 -0.133295
23 57 -0.174664
23 58 -0.218616
23 59 -0.260111
23 60 -0.295537
23 61 -0.318310
23 62 -0.324216
23 63 -0.307958
23 64 -0.268269
23 65 -0.204854
23 66 -0.122428
23 67 -0.027195
23 68 0.070894
23 69 0.162409
23 70 0.237625
23 71 0.290585
23 72 0.318258
23 73 0.322811
23 74 0.309490
23 75 0.286491
23 76 0.262218
23 77 0.243689
23 78 0.235847
23 79 0.238999
23 80 0.253474
23 81 0.273130
23 82 0.298774
23 83 0.320856
23 84 0.346086
23 85 0.362489
23 86 0.382987
23 87 0.392910
23 88 0.406164
23 89 0.409233
23 90 0.408270
23 91 0.401816
23 92 0.376056
23 93 0.360253
23 94 0.296719
23 95 0.285173
23 96 0.163272
23 97 0.183981
23 98 0.005468
23 99 0.000000

24 0 0.000000
24 1 -0.100201
24 2 0.062821
24 3 0.014851
24 4 0.106976
24 5 0.109496
24 6 0.161153
24 7 0.178837
24 8 0.210018
24 9 0.229679
24 10 0.247822
24 11 0.266006
24 12 0.275511
24 13 0.289054
24 14 0.290870
24 15 0.295226
24 16 0.288788
24 17 0.284057
24 18 0.275009
24 19 0.271708
24 20 0.273402
24 21 0.285320
24 22 0.305618
24 23 0.331993
24 24 0.357835
24 25 0.375243
24 26 0.376225
24 27 0.354303
24 28 0.307005
24 29 0.235382
24 30 0.145476
24 31 0.045390
24 32 -0.054188
24 33 -0.144205
24 34 -0.216113
24 35 -0.265863
24 36 -0.290999
24 37 -0.293947
24 38 -0.277425
24 39 -0.247643
24 40 -0.208885
24 41 -0.167463
24 42 -0.126159
24 43 -0.089293
24 44 -0.057174
24 45 -0.032081
24 46 -0.012537
24 47 0.000186
24 48 0.008152
24 49 0.010064
24 50 0.007714
24 51 -0.000706
24 52 -0.013883
24 53 -0.033930
24 54 -0.059527
24 55 -0.092231
24 56 -0.129684
24 57 -0.171685
24 58 -0.213811
24 59 -0.253408
24 60 -0.284037
24 61 -0.301559
24 62 -0.299621
24 63 -0.275652
24 64 -0.227070
24 65 -0.156472
24 66 -0.067740
24 67 0.030452
24 68 0.129226
24 69 0.217793
24 70 0.288237
24 71 0.334436
24 72 0.355562
24 73 0.353994
24 74 0.336558
24 75 0.310973
24 76 0.285917
24 77 0.267004
24 78 0.258579
24 79 0.259408
24 80 0.269451
24 81 0.281779
24 82 0.297637
24 83 0.307536
24 84 0.319066
24 85 0.320697
24 86 0.326060
24 87 0.321113
24 88 0.320188
24 89 0.310643
24 90 0.299206
24 91 0.284868
24 92 0.255789
24 93 0.238492
24 94 0.182402
24 95 0.175661
24 96 0.072357
24 97 0.109298
24 98 -0.059959
24 99 0.000000

25 0 0.000000
25 1 -0.148909
25 2 -0.009664
25 3 -0.071635
25 4 -0.003117
25 5 -0.009137
25 6 0.031700
25 7 0.046698
25 8 0.077767
25 9 0.101746
25 10 0.127371
25 11 0.155597
25 12 0.177373
25 13 0.204538
25 14 0.220895
25 15 0.239986
25 16 0.247653
25 17 0.255864
25 18 0.257707
25 19 0.263260
25 20 0.271488
25 21 0.288537
25 22 0.312996
25 23 0.343992
25 24 0.375243
25 25 0.399836
25 26 0.409043
25 27 0.396473
25 28 0.357821
25 29 0.293926
25 30 0.208776
25 31 0.111020
25 32 0.009879
25 33 -0.083792
25 34 -0.162336
25 35 -0.219002
25 36 -0.252303
25 37 -0.261750
25 38 -0.251732
25 39 -0.225737
25 40 -0.190577
25 41 -0.149994
25 42 -0.109923
25 43 -0.072003
25 44 -0.039998
25 45 -0.013206
25 46 0.006291
25 47 0.020522
25 48 0.027954
25 49 0.030813
25 50 0.027274
25 51 0.019164
25 52 0.004221
25 53 -0.015979
25 54 -0.043540
25 55 -0.076300
25 56 -0.115068
25 57 -0.155967
25 58 -0.197492
25 59 -0.233565
25 60 -0.260596
25 61 -0.271610
25 62 -0.263276
25 63 -0.231022
25 64 -0.175494
25 65 -0.097980
25 66 -0.005372
25 67 0.094879
25 68 0.191799
25 69 0.276376
25 70 0.339881
25 71 0.378521
25 72 0.391442
25 73 0.383083
25 74 0.359973
25 75 0.330727
25 76 0.302870
25 77 0.281740
25 78 0.270168
25 79 0.266385
25 80 0.269451
25 81 0.272461
25 82 0.276736
25 83 0.273368
25 84 0.270496
25 85 0.257310
25 86 0.247870
25 87 0.228905
25 88 0.214988
25 89 0.194453
25 90 0.174422
25 91 0.154521
25 92 0.124443
25 93 0.108555
25 94 0.062390
25 95 0.063187
25 96 -0.017847
25 97 0.034355
25 98 -0.116085
25 99 0.000000

26 0 0.000000
26 1 -0.182415
26 2 -0.070856
26 3 -0.143825
26 4 -0.098878
26 5 -0.114686
26 6 -0.086150
26 7 -0.076800
26 8 -0.049133
26 9 -0.024825
26 10 0.004105
26 11 0.038066
26 12 0.067992
26 13 0.104936
26 14 0.132590
26 15 0.163755
26 16 0.183790
26 17 0.203896
26 18 0.216582
26 19 0.231409
26 20 0.247375
26 21 0.270740
26 22 0.301044
26 23 0.337882
26 24 0.376225
26 25 0.409043
26 26 0.428285
26 27 0.426222
26 28 0.398548
26 29 0.343917
26 30 0.266479
26 31 0.172787
26 32 0.073295
26 33 -0.022625
26 34 -0.104852
26 35 -0.167809
26 36 -0.206858
26 37 -0.223067
26 38 -0.217598
26 39 -0.196340
26 40 -0.163033
26 41 -0.124640
26 42 -0.084038
26 43 -0.046617
26 44 -0.012852
26 45 0.013963
26 46 0.035380
26 47 0.049335
26 48 0.058228
26 49 0.060145
26 50 0.057382
26 51 0.047629
26 52 0.032829
26 53 0.010524
26 54 -0.017148
26 55 -0.051837
26 56 -0.090132
26 57 -0.131691
26 58 -0.170970
26 59 -0.205250
26 60 -0.227383
26 61 -0.233798
26 62 -0.218401
26 63 -0.180200
26 64 -0.117902
26 65 -0.036308
26 66 0.059243
26 67 0.158482
26 68 0.252280
26 69 0.330056
26 70 0.385501
26 71 0.414350
26 72 0.418216
26 73 0.401246
26 74 0.371546
