0 0 0.000000
0 1 0.000000
0 2 0.000000
0 3 0.000000
0 4 0.000000
0 5 0.000000
0 6 0.000000
0 7 0.000000
0 8 0.000000
0 9 0.000000
0 10 0.000000
0 11 0.000000
0 12 0.000000
0 13 0.000000
0 14 0.000000
0 15 0.000000
0 16 0.000000
0 17 0.000000
0 18 0.000000
0 19 0.000000
0 20 0.000000
0 21 0.000000
0 22 0.000000
0 23 0.000000
0 24 0.000000
0 25 0.000000
0 26 0.000000
0 27 0.000000
0 28 0.000000
0 29 0.000000
0 30 0.000000
0 31 0.000000
0 32 0.000000
0 33 0.000000
0 34 0.000000
0 35 0.000000
0 36 0.000000
0 37 0.000000
0 38 0.000000
0 39 0.000000
0 40 0.000000
0 41 0.000000
0 42 0.000000
0 43 0.000000
0 44 0.000000
0 45 0.000000
0 46 0.000000
0 47 0.000000
0 48 0.000000
0 49 0.000000
0 50 0.000000
0 51 0.000000
0 52 0.000000
0 53 0.000000
0 54 0.000000
0 55 0.000000
0 56 0.000000
0 57 0.000000
0 58 0.000000
0 59 0.000000
0 60 0.000000
0 61 0.000000
0 62 0.000000
0 63 0.000000
0 64 0.000000
0 65 0.000000
0 66 0.000000
0 67 0.000000
0 68 0.000000
0 69 0.000000
0 70 0.000000
0 71 0.000000
0 72 0.000000
0 73 0.000000
0 74 0.000000
0 75 0.000000
0 76 0.000000
0 77 0.000000
0 78 0.000000
0 79 0.000000
0 80 0.000000
0 81 0.000000
0 82 0.000000
0 83 0.000000
0 84 0.000000
0 85 0.000000
0 86 0.000000
0 87 0.000000
0 88 0.000000
0 89 0.000000
0 90 0.000000
0 91 0.000000
0 92 0.000000
0 93 0.000000
0 94 0.000000
0 95 0.000000
0 96 0.000000
0 97 0.000000
0 98 0.000000
0 99 0.000000

1 0 0.000000
1 1 -0.032012
1 2 -0.038178
1 3 -0.055683
1 4 -0.070020
1 5 -0.086345
1 6 -0.102250
1 7 -0.117727
1 8 -0.131462
1 9 -0.142521
1 10 -0.149486
1 11 -0.151351
1 12 -0.147226
1 13 -0.136711
1 14 -0.120380
1 15 -0.099047
1 16 -0.075205
1 17 -0.050840
1 18 -0.029708
1 19 -0.013891
1 20 -0.006662
1 21 -0.008509
1 22 -0.020399
1 23 -0.040179
1 24 -0.066067
1 25 -0.094010
1 26 -0.121041
1 27 -0.143518
1 28 -0.159758
1 29 -0.168639
1 30 -0.171060
1 31 -0.168511
1 32 -0.163487
1 33 -0.158178
1 34 -0.154492
1 35 -0.153306
1 36 -0.154728
1 37 -0.158027
1 38 -0.162186
1 39 -0.166121
1 40 -0.169122
1 41 -0.170872
1 42 -0.171540
1 43 -0.171505
1 44 -0.171263
1 45 -0.171137
1 46 -0.171289
1 47 -0.171625
1 48 -0.171988
1 49 -0.172174
1 50 -0.172137
1 51 -0.171924
1 52 -0.171742
1 53 -0.171750
1 54 -0.172043
1 55 -0.172460
1 56 -0.172680
1 57 -0.172210
1 58 -0.170667
1 59 -0.167891
1 60 -0.164191
1 61 -0.160290
1 62 -0.157253
1 63 -0.156129
1 64 -0.157598
1 65 -0.161625
1 66 -0.167227
1 67 -0.172645
1 68 -0.175480
1 69 -0.173520
1 70 -0.164894
1 71 -0.149193
1 72 -0.126913
1 73 -0.100505
1 74 -0.072673
1 75 -0.047489
1 76 -0.027718
1 77 -0.016588
1 78 -0.014652
1 79 -0.022651
1 80 -0.038314
1 81 -0.060153
1 82 -0.084351
1 83 -0.108754
1 84 -0.129959
1 85 -0.146639
1 86 -0.157094
1 87 -0.161337
1 88 -0.159471
1 89 -0.152434
1 90 -0.141395
1 91 -0.127490
1 92 -0.112057
1 93 -0.095888
1 94 -0.080050
1 95 -0.064371
1 96 -0.050911
1 97 -0.034778
1 98 -0.029117
1 99 0.000000

2 0 0.000000
2 1 -0.038178
2 2 -0.043511
2 3 -0.063025
2 4 -0.077252
2 5 -0.093093
2 6 -0.107135
2 7 -0.119265
2 8 -0.128053
2 9 -0.132402
2 10 -0.131108
2 11 -0.123625
2 12 -0.109564
2 13 -0.089855
2 14 -0.065728
2 15 -0.039910
2 16 -0.015239
2 17 0.004620
2 18 0.016567
2 19 0.018004
2 20 0.007737
2 21 -0.013765
2 22 -0.044417
2 23 -0.080427
2 24 -0.117360
2 25 -0.150347
2 26 -0.175598
2 27 -0.190497
2 28 -0.194648
2 29 -0.189332
2 30 -0.177570
2 31 -0.162984
2 32 -0.149232
2 33 -0.138999
2 34 -0.133662
2 35 -0.133115
2 36 -0.136096
2 37 -0.140757
2 38 -0.145238
2 39 -0.148255
2 40 -0.149238
2 41 -0.148434
2 42 -0.146507
2 43 -0.144359
2 44 -0.142641
2 45 -0.141750
2 46 -0.141610
2 47 -0.141968
2 48 -0.142366
2 49 -0.142527
2 50 -0.142272
2 51 -0.141781
2 52 -0.141337
2 53 -0.141398
2 54 -0.142221
2 55 -0.143885
2 56 -0.145993
2 57 -0.147900
2 58 -0.148700
2 59 -0.147740
2 60 -0.144764
2 61 -0.140358
2 62 -0.135790
2 63 -0.132948
2 64 -0.133640
2 65 -0.139183
2 66 -0.149611
2 67 -0.163642
2 68 -0.178469
2 69 -0.190588
2 70 -0.196188
2 71 -0.192473
2 72 -0.177895
2 73 -0.153148
2 74 -0.120513
2 75 -0.084129
2 76 -0.048502
2 77 -0.018406
2 78 0.002674
2 79 0.012422
2 80 0.010518
2 81 -0.001870
2 82 -0.022238
2 83 -0.047246
2 84 -0.073590
2 85 -0.097948
2 86 -0.118149
2 87 -0.132365
2 88 -0.140248
2 89 -0.141670
2 90 -0.137599
2 91 -0.128948
2 92 -0.117066
2 93 -0.103016
2 94 -0.088080
2 95 -0.072189
2 96 -0.058386
2 97 -0.040055
2 98 -0.035044
2 99 0.000000

3 0 0.000000
3 1 -0.055683
3 2 -0.063025
3 3 -0.091580
3 4 -0.112257
3 5 -0.135772
3 6 -0.156865
3 7 -0.175819
3 8 -0.190476
3 9 -0.199471
3 10 -0.201139
3 11 -0.194497
3 12 -0.179168
3 13 -0.155720
3 14 -0.126128
3 15 -0.093006
3 16 -0.060657
3 17 -0.032826
3 18 -0.014373
3 19 -0.007828
3 20 -0.015785
3 21 -0.037158
3 22 -0.070428
3 23 -0.110565
3 24 -0.152951
3 25 -0.191293
3 26 -0.221460
3 27 -0.239884
3 28 -0.246261
3 29 -0.241709
3 30 -0.229847
3 31 -0.214622
3 32 -0.200352
3 33 -0.189944
3 34 -0.185049
3 35 -0.185387
3 36 -0.189585
3 37 -0.195424
3 38 -0.200917
3 39 -0.204549
3 40 -0.205851
3 41 -0.205055
3 42 -0.203070
3 43 -0.200810
3 44 -0.199119
3 45 -0.198293
3 46 -0.198350
3 47 -0.198854
3 48 -0.199419
3 49 -0.199596
3 50 -0.199323
3 51 -0.198666
3 52 -0.198075
3 53 -0.197942
3 54 -0.198704
3 55 -0.200347
3 56 -0.202580
3 57 -0.204558
3 58 -0.205371
3 59 -0.204115
3 60 -0.200554
3 61 -0.195174
3 62 -0.189468
3 63 -0.185462
3 64 -0.185320
3 65 -0.190498
3 66 -0.201156
3 67 -0.215814
3 68 -0.231332
3 69 -0.243703
3 70 -0.248574
3 71 -0.242845
3 72 -0.224742
3 73 -0.195368
3 74 -0.157327
3 75 -0.115868
3 76 -0.075996
3 77 -0.043752
3 78 -0.022612
3 79 -0.015723
3 80 -0.022493
3 81 -0.041978
3 82 -0.070060
3 83 -0.103320
3 84 -0.136746
3 85 -0.167060
3 86 -0.190868
3 87 -0.206706
3 88 -0.213735
3 89 -0.212397
3 90 -0.203785
3 91 -0.189339
3 92 -0.170865
3 93 -0.149675
3 94 -0.127696
3 95 -0.104404
3 96 -0.084559
3 97 -0.057838
3 98 -0.051083
3 99 0.000000

4 0 0.000000
4 1 -0.070020
4 2 -0.077252
4 3 -0.112257
4 4 -0.136127
4 5 -0.163403
4 6 -0.186956
4 7 -0.207227
4 8 -0.221547
4 9 -0.228332
4 10 -0.225535
4 11 -0.212487
4 12 -0.188556
4 13 -0.155490
4 14 -0.115305
4 15 -0.072557
4 16 -0.031800
4 17 0.001093
4 18 0.021264
4 19 0.024739
4 20 0.009760
4 21 -0.022716
4 22 -0.069337
4 23 -0.124031
4 24 -0.179954
4 25 -0.229565
4 26 -0.267203
4 27 -0.288955
4 28 -0.294422
4 29 -0.285642
4 30 -0.267294
4 31 -0.244830
4 32 -0.223707
4 33 -0.207850
4 34 -0.199214
4 35 -0.197571
4 36 -0.201008
4 37 -0.206831
4 38 -0.212346
4 39 -0.215767
4 40 -0.216312
4 41 -0.214408
4 42 -0.211008
4 43 -0.207421
4 44 -0.204528
4 45 -0.202893
4 46 -0.202364
4 47 -0.202609
4 48 -0.202963
4 49 -0.203076
4 50 -0.202672
4 51 -0.202031
4 52 -0.201506
4 53 -0.201768
4 54 -0.203150
4 55 -0.205814
4 56 -0.209190
4 57 -0.212411
4 58 -0.214162
4 59 -0.213506
4 60 -0.210001
4 61 -0.204459
4 62 -0.198633
4 63 -0.195271
4 64 -0.196998
4 65 -0.205823
4 66 -0.221850
4 67 -0.243292
4 68 -0.266008
4 69 -0.284820
4 70 -0.293932
4 71 -0.289083
4 72 -0.267739
4 73 -0.230863
4 74 -0.181736
4 75 -0.126688
4 76 -0.072562
4 77 -0.026871
4 78 0.004931
4 79 0.018995
4 80 0.014716
4 81 -0.006283
4 82 -0.040115
4 83 -0.081562
4 84 -0.125350
4 85 -0.166080
4 86 -0.200206
4 87 -0.224580
4 88 -0.238598
4 89 -0.241824
4 90 -0.235853
4 91 -0.221992
4 92 -0.202559
4 93 -0.179112
4 94 -0.154118
4 95 -0.126814
4 96 -0.103787
4 97 -0.070900
4 98 -0.064358
4 99 0.000000

5 0 0.000000
5 1 -0.086345
5 2 -0.093093
5 3 -0.135772
5 4 -0.163403
5 5 -0.195816
5 6 -0.223247
5 7 -0.246873
5 8 -0.263387
5 9 -0.270951
5 10 -0.267529
5 11 -0.252012
5 12 -0.224371
5 13 -0.186024
5 14 -0.140185
5 15 -0.091277
5 16 -0.045398
5 17 -0.008296
5 18 0.013795
5 19 0.017375
5 20 -0.000014
5 21 -0.036358
5 22 -0.088207
5 23 -0.148055
5 24 -0.208588
5 25 -0.261059
5 26 -0.299650
5 27 -0.320029
5 28 -0.322332
5 29 -0.308969
5 30 -0.285600
5 31 -0.258266
5 32 -0.233217
5 33 -0.214550
5 34 -0.204424
5 35 -0.202219
5 36 -0.205810
5 37 -0.211915
5 38 -0.217681
5 39 -0.220947
5 40 -0.221087
5 41 -0.218423
5 42 -0.214264
5 43 -0.209862
5 44 -0.206418
5 45 -0.204316
5 46 -0.203609
5 47 -0.203680
5 48 -0.204033
5 49 -0.204029
5 50 -0.203617
5 51 -0.202852
5 52 -0.202378
5 53 -0.202692
5 54 -0.204420
5 55 -0.207509
5 56 -0.211581
5 57 -0.215437
5 58 -0.217830
5 59 -0.217458
5 60 -0.213995
5 61 -0.208088
5 62 -0.201872
5 63 -0.198251
5 64 -0.200438
5 65 -0.210666
5 66 -0.229407
5 67 -0.254711
5 68 -0.282207
5 69 -0.306012
5 70 -0.319619
5 71 -0.317957
5 72 -0.297893
5 73 -0.260159
5 74 -0.208063
5 75 -0.148591
5 76 -0.089176
5 77 -0.038550
5 78 -0.002713
5 79 0.013353
5 80 0.009166
5 81 -0.014270
5 82 -0.052102
5 83 -0.099267
5 84 -0.149029
5 85 -0.196038
5 86 -0.235328
5 87 -0.264011
5 88 -0.280500
5 89 -0.284866
5 90 -0.278281
5 91 -0.262607
5 92 -0.240230
5 93 -0.212981
5 94 -0.183959
5 95 -0.151618
5 96 -0.125115
5 97 -0.085084
5 98 -0.079266
5 99 0.000000

6 0 0.000000
6 1 -0.102250
6 2 -0.107135
6 3 -0.156865
6 4 -0.186956
6 5 -0.223247
6 6 -0.252973
6 7 -0.278218
6 8 -0.294763
6 9 -0.300977
6 10 -0.294124
6 11 -0.273697
6 12 -0.239044
6 13 -0.192812
6 14 -0.137834
6 15 -0.080247
6 16 -0.026009
6 17 0.017375
6 18 0.043841
6 19 0.048662
6 20 0.029950
6 21 -0.010609
6 22 -0.068465
6 23 -0.135652
6 24 -0.203530
6 25 -0.262671
6 26 -0.306266
6 27 -0.329710
6 28 -0.332865
6 29 -0.318517
6 30 -0.292659
6 31 -0.262082
6 32 -0.233491
6 33 -0.211633
6 34 -0.198808
6 35 -0.194687
6 36 -0.196895
6 37 -0.202186
6 38 -0.207291
6 39 -0.210088
6 40 -0.209598
6 41 -0.206338
6 42 -0.201377
6 43 -0.196281
6 44 -0.192043
6 45 -0.189380
6 46 -0.188090
6 47 -0.187855
6 48 -0.187876
6 49 -0.187805
6 50 -0.187284
6 51 -0.186676
6 52 -0.186331
6 53 -0.187055
6 54 -0.189165
6 55 -0.192873
6 56 -0.197458
6 57 -0.201943
6 58 -0.204750
6 59 -0.204836
6 60 -0.201659
6 61 -0.196244
6 62 -0.190662
6 63 -0.188260
6 64 -0.192189
6 65 -0.204960
6 66 -0.226728
6 67 -0.255430
6 68 -0.286022
6 69 -0.312188
6 70 -0.326661
6 71 -0.324033
6 72 -0.300832
6 73 -0.257987
6 74 -0.199220
6 75 -0.132290
6 76 -0.065635
6 77 -0.008867
6 78 0.030956
6 79 0.048519
6 80 0.042705
6 81 0.015115
6 82 -0.029545
6 83 -0.084820
6 84 -0.143938
6 85 -0.199853
6 86 -0.247775
6 87 -0.283323
6 88 -0.305457
6 89 -0.313262
6 90 -0.308695
6 91 -0.293166
6 92 -0.269849
6 93 -0.240384
6 94 -0.208821
6 95 -0.172609
6 96 -0.143911
6 97 -0.097344
6 98 -0.093630
6 99 0.000000

7 0 0.000000
7 1 -0.117727
7 2 -0.119265
7 3 -0.175819
7 4 -0.207227
7 5 -0.246873
7 6 -0.278218
7 7 -0.304556
7 8 -0.321044
7 9 -0.325716
7 10 -0.316169
7 11 -0.291305
7 12 -0.251353
7 13 -0.198521
7 14 -0.136932
7 15 -0.072513
7 16 -0.012639
7 17 0.035347
7 18 0.064242
7 19 0.069741
7 20 0.049427
7 21 0.005836
7 22 -0.056381
7 23 -0.128138
7 24 -0.200410
7 25 -0.262791
7 26 -0.308287
7 27 -0.331806
7 28 -0.333494
7 29 -0.316177
7 30 -0.286495
7 31 -0.251519
7 32 -0.218646
7 33 -0.192777
7 34 -0.176692
7 35 -0.169924
7 36 -0.170321
7 37 -0.174261
7 38 -0.178574
7 39 -0.180684
7 40 -0.179752
7 41 -0.175890
7 42 -0.170432
7 43 -0.164621
7 44 -0.159820
7 45 -0.156451
7 46 -0.154712
7 47 -0.153962
7 48 -0.153787
7 49 -0.153481
7 50 -0.153057
7 51 -0.152503
7 52 -0.152533
7 53 -0.153560
7 54 -0.156232
7 55 -0.160351
7 56 -0.165501
7 57 -0.170322
7 58 -0.173574
7 59 -0.173930
7 60 -0.171275
7 61 -0.166470
7 62 -0.162064
7 63 -0.161285
7 64 -0.167676
7 65 -0.183516
7 66 -0.209101
7 67 -0.241899
7 68 -0.276690
7 69 -0.306505
7 70 -0.323741
7 71 -0.322435
7 72 -0.298947
7 73 -0.254102
7 74 -0.191875
7 75 -0.120518
7 76 -0.049066
7 77 0.012004
7 78 0.055096
7 79 0.074088
7 80 0.067844
7 81 0.037521
7 82 -0.011493
7 83 -0.072841
7 84 -0.138562
7 85 -0.201645
7 86 -0.255990
7 87 -0.297477
7 88 -0.323980
7 89 -0.335144
7 90 -0.332234
7 91 -0.317343
7 92 -0.293427
7 93 -0.262471
7 94 -0.229196
7 95 -0.189768
7 96 -0.160116
7 97 -0.107375
7 98 -0.107262
7 99 0.000000

8 0 0.000000
8 1 -0.131462
8 2 -0.128053
8 3 -0.190476
8 4 -0.221547
8 5 -0.263387
8 6 -0.294763
8 7 -0.321044
8 8 -0.335868
8 9 -0.338064
8 10 -0.324278
8 11 -0.294341
8 12 -0.247709
8 13 -0.187871
8 14 -0.118405
8 15 -0.046694
8 16 0.020237
8 17 0.073743
8 18 0.106968
8 19 0.114771
8 20 0.095259
8 21 0.050708
8 22 -0.013520
8 23 -0.088196
8 24 -0.163565
8 25 -0.228989
8 26 -0.276930
8 27 -0.302225
8 28 -0.304729
8 29 -0.287426
8 30 -0.256855
8 31 -0.220425
8 32 -0.185520
8 33 -0.157488
8 34 -0.139093
8 35 -0.130339
8 36 -0.128958
8 37 -0.131720
8 38 -0.135150
8 39 -0.136934
8 40 -0.135760
8 41 -0.131953
8 42 -0.126340
8 43 -0.120469
8 44 -0.115272
8 45 -0.111617
8 46 -0.109338
8 47 -0.108305
8 48 -0.107729
8 49 -0.107396
8 50 -0.106885
8 51 -0.106619
8 52 -0.106813
8 53 -0.108262
8 54 -0.111093
8 55 -0.115482
8 56 -0.120552
8 57 -0.125392
8 58 -0.128432
8 59 -0.128881
8 60 -0.126376
8 61 -0.122288
8 62 -0.118865
8 63 -0.119680
8 64 -0.127842
8 65 -0.145793
8 66 -0.173308
8 67 -0.207925
8 68 -0.243923
8 69 -0.274405
8 70 -0.291375
8 71 -0.289023
8 72 -0.263515
8 73 -0.215987
8 74 -0.150504
8 75 -0.075802
8 76 -0.001280
8 77 0.062069
8 78 0.106172
8 79 0.124662
8 80 0.116024
8 81 0.081708
8 82 0.026914
8 83 -0.041125
8 84 -0.114575
8 85 -0.185175
8 86 -0.247120
8 87 -0.294989
8 88 -0.327264
8 89 -0.342505
8 90 -0.342844
8 91 -0.329587
8 92 -0.306713
8 93 -0.275444
8 94 -0.242078
8 95 -0.200615
8 96 -0.171701
8 97 -0.113815
8 98 -0.118869
8 99 0.000000

9 0 0.000000
9 1 -0.142521
9 2 -0.132402
9 3 -0.199471
9 4 -0.228332
9 5 -0.270951
9 6 -0.300977
9 7 -0.325716
9 8 -0.338064
9 9 -0.336583
9 10 -0.318448
9 11 -0.282857
9 12 -0.230246
9 13 -0.163613
9 14 -0.087685
9 15 -0.009544
9 16 0.062715
9 17 0.120716
9 18 0.156840
9 19 0.166356
9 20 0.147004
9 21 0.101642
9 22 0.035552
9 23 -0.041398
9 24 -0.119451
9 25 -0.187410
9 26 -0.237777
9 27 -0.264932
9 28 -0.268835
9 29 -0.252073
9 30 -0.221368
9 31 -0.183819
9 32 -0.147163
9 33 -0.116608
9 34 -0.095497
9 35 -0.083818
9 36 -0.079976
9 37 -0.080619
9 38 -0.082790
9 39 -0.083754
9 40 -0.082477
9 41 -0.078632
9 42 -0.073276
9 43 -0.067314
9 44 -0.062080
9 45 -0.057948
9 46 -0.055343
9 47 -0.053726
9 48 -0.052951
9 49 -0.052346
9 50 -0.052056
9 51 -0.051935
9 52 -0.052658
9 53 -0.054369
9 54 -0.057615
9 55 -0.061963
9 56 -0.067048
9 57 -0.071533
9 58 -0.074516
9 59 -0.074944
9 60 -0.073141
9 61 -0.070162
9 62 -0.068709
9 63 -0.071807
9 64 -0.082713
9 65 -0.103171
9 66 -0.132994
9 67 -0.169128
9 68 -0.205994
9 69 -0.236355
9 70 -0.252498
9 71 -0.248479
9 72 -0.220792
9 73 -0.170571
9 74 -0.102205
9 75 -0.024571
9 76 0.052599
9 77 0.118015
9 78 0.163322
9 79 0.181787
9 80 0.171840
9 81 0.134658
9 82 0.075780
9 83 0.002312
9 84 -0.077166
9 85 -0.154484
9 86 -0.222856
9 87 -0.277121
9 88 -0.314769
9 89 -0.334898
9 90 -0.338832
9 91 -0.328562
9 92 -0.307680
9 93 -0.277657
9 94 -0.245643
9 95 -0.203605
9 96 -0.177311
9 97 -0.115606
9 98 -0.127479
9 99 0.000000

10 0 0.000000
10 1 -0.149486
10 2 -0.131108
10 3 -0.201139
10 4 -0.225535
10 5 -0.267529
10 6 -0.294124
10 7 -0.316169
10 8 -0.324278
10 9 -0.318448
10 10 -0.294702
10 11 -0.253411
10 12 -0.194210
10 13 -0.121327
10 14 -0.038894
10 15 0.044860
10 16 0.122334
10 17 0.184306
10 18 0.223652
10 19 0.235179
10 20 0.217128
10 21 0.172155
10 22 0.105956
10 23 0.028248
10 24 -0.050943
10 25 -0.120591
10 26 -0.172959
10 27 -0.202524
10 28 -0.208844
10 29 -0.194460
10 30 -0.165528
10 31 -0.129127
10 32 -0.092517
10 33 -0.061222
10 34 -0.038424
10 35 -0.024833
10 36 -0.018870
10 37 -0.018002
10 38 -0.019078
10 39 -0.019911
10 40 -0.018861
10 41 -0.015878
10 42 -0.011197
10 43 -0.006036
10 44 -0.001013
10 45 0.002930
10 46 0.005890
10 47 0.007649
10 48 0.008832
10 49 0.009368
10 50 0.009710
10 51 0.009407
10 52 0.008531
10 53 0.006453
10 54 0.003401
10 55 -0.000735
10 56 -0.004994
10 57 -0.008784
10 58 -0.010856
10 59 -0.011012
10 60 -0.009258
10 61 -0.007299
10 62 -0.007238
10 63 -0.012342
10 64 -0.024999
10 65 -0.046992
10 66 -0.077348
10 67 -0.113241
10 68 -0.148706
10 69 -0.177058
10 70 -0.190523
10 71 -0.183807
10 72 -0.153371
10 73 -0.100827
10 74 -0.030408
10 75 0.048731
10 76 0.127021
10 77 0.192963
10 78 0.238206
10 79 0.255841
10 80 0.244129
10 81 0.204256
10 82 0.141527
10 83 0.063427
10 84 -0.021706
10 85 -0.104921
10 86 -0.179763
10 87 -0.240037
10 88 -0.283784
10 89 -0.309024
10 90 -0.317918
10 91 -0.311419
10 92 -0.294332
10 93 -0.266740
10 94 -0.238151
10 95 -0.196937
10 96 -0.175469
10 97 -0.111684
10 98 -0.131748
10 99 0.000000

11 0 0.000000
11 1 -0.151351
11 2 -0.123625
11 3 -0.194497
11 4 -0.212487
11 5 -0.252012
11 6 -0.273697
11 7 -0.291305
11 8 -0.294341
11 9 -0.282857
11 10 -0.253411
11 11 -0.205871
11 12 -0.140804
11 13 -0.061997
11 14 0.025521
11 15 0.113890
11 16 0.194862
11 17 0.259640
11 18 0.300761
11 19 0.313529
11 20 0.296008
11 21 0.251282
11 22 0.184788
11 23 0.106473
11 24 0.025940
11 25 -0.045647
11 26 -0.100942
11 27 -0.134064
11 28 -0.144661
11 29 -0.134528
11 30 -0.109653
11 31 -0.076230
11 32 -0.041530
11 33 -0.010523
11 34 0.013026
11 35 0.028471
11 36 0.036358
11 37 0.039188
11 38 0.039161
11 39 0.038842
11 40 0.039338
11 41 0.041559
11 42 0.044970
11 43 0.049322
11 44 0.053530
11 45 0.057405
11 46 0.060258
11 47 0.062435
11 48 0.063645
11 49 0.064424
11 50 0.064426
11 51 0.064001
11 52 0.062611
11 53 0.060557
11 54 0.057487
11 55 0.054101
11 56 0.050579
11 57 0.048017
11 58 0.046659
11 59 0.047043
11 60 0.048266
11 61 0.049202
11 62 0.047323
11 63 0.040360
11 64 0.025918
11 65 0.003287
11 66 -0.026659
11 67 -0.060481
11 68 -0.092785
11 69 -0.116864
11 70 -0.125829
11 71 -0.114567
11 72 -0.080254
11 73 -0.024465
11 74 0.048283
11 75 0.129123
11 76 0.208477
11 77 0.275102
11 78 0.320615
11 79 0.338114
11 80 0.325733
11 81 0.284453
11 82 0.219534
11 83 0.138236
11 84 0.049139
11 85 -0.038977
11 86 -0.119079
11 87 -0.185189
11 88 -0.234563
11 89 -0.265618
11 90 -0.279739
11 91 -0.278387
11 92 -0.265995
11 93 -0.242558
11 94 -0.218842
11 95 -0.180239
11 96 -0.165412
11 97 -0.101688
11 98 -0.130754
11 99 0.000000

12 0 0.000000
12 1 -0.147226
12 2 -0.109564
12 3 -0.179168
12 4 -0.188556
12 5 -0.224371
12 6 -0.239044
12 7 -0.251353
12 8 -0.247709
12 9 -0.230246
12 10 -0.194210
12 11 -0.140804
12 12 -0.069841
12 13 0.013793
12 14 0.105660
12 15 0.197102
12 16 0.280487
12 17 0.346615
12 18 0.388689
12 19 0.401885
12 20 0.384810
12 21 0.340375
12 22 0.274219
12 23 0.195843
12 24 0.114742
12 25 0.041495
12 26 -0.016573
12 27 -0.053895
12 28 -0.069618
12 29 -0.065356
12 30 -0.046080
12 31 -0.017649
12 32 0.013654
12 33 0.042711
12 34 0.066178
12 35 0.082506
12 36 0.092183
12 37 0.096470
12 38 0.097653
12 39 0.097353
12 40 0.097355
12 41 0.098091
12 42 0.100129
12 43 0.102825
12 44 0.106147
12 45 0.109200
12 46 0.112070
12 47 0.114089
12 48 0.115623
12 49 0.116183
12 50 0.116236
12 51 0.115318
12 52 0.113927
12 53 0.111691
12 54 0.109295
12 55 0.106639
12 56 0.104643
12 57 0.103314
12 58 0.103337
12 59 0.104097
12 60 0.105227
12 61 0.104866
12 62 0.101495
12 63 0.092693
12 64 0.077382
12 65 0.054830
12 66 0.026902
12 67 -0.003471
12 68 -0.030652
12 69 -0.049019
12 70 -0.051909
12 71 -0.035339
12 72 0.003453
12 73 0.062277
12 74 0.137037
12 75 0.218793
12 76 0.298623
12 77 0.365355
12 78 0.411033
12 79 0.428638
12 80 0.416293
12 81 0.374726
12 82 0.308890
12 83 0.225957
12 84 0.134145
12 85 0.042550
12 86 -0.042140
12 87 -0.113220
12 88 -0.168387
12 89 -0.205076
12 90 -0.225397
12 91 -0.229601
12 92 -0.223488
12 93 -0.205030
12 94 -0.188167
12 95 -0.153315
12 96 -0.147104
12 97 -0.085498
12 98 -0.123805
12 99 0.000000

13 0 0.000000
13 1 -0.136711
13 2 -0.089855
13 3 -0.155720
13 4 -0.155490
13 5 -0.186024
13 6 -0.192812
13 7 -0.198521
13 8 -0.187871
13 9 -0.163613
13 10 -0.121327
13 11 -0.061997
13 12 0.013793
13 13 0.101472
13 14 0.195992
13 15 0.289102
13 16 0.372932
13 17 0.438873
13 18 0.480182
13 19 0.492681
13 20 0.474981
13 21 0.430381
13 22 0.364116
13 23 0.285647
13 24 0.203653
13 25 0.128517
13 26 0.066795
13 27 0.024288
13 28 0.001649
13 29 -0.001748
13 30 0.009482
13 31 0.030865
13 32 0.056368
13 33 0.081886
13 34 0.103543
13 35 0.120056
13 36 0.130613
13 37 0.136416
13 38 0.138363
13 39 0.138425
13 40 0.137487
13 41 0.136990
13 42 0.137002
13 43 0.138167
13 44 0.139848
13 45 0.142241
13 46 0.144440
13 47 0.146602
13 48 0.147890
13 49 0.148652
13 50 0.148278
13 51 0.147386
13 52 0.145625
13 53 0.143848
13 54 0.141889
13 55 0.140673
13 56 0.139993
13 57 0.140504
13 58 0.141555
13 59 0.143091
13 60 0.143676
13 61 0.142412
13 62 0.137371
13 63 0.127584
13 64 0.111970
13 65 0.091163
13 66 0.066704
13 67 0.042114
13 68 0.021974
13 69 0.011694
13 70 0.016529
13 71 0.040124
13 72 0.084256
13 73 0.146919
13 74 0.223820
13 75 0.306740
13 76 0.387019
13 77 0.454217
13 78 0.500524
13 79 0.519197
13 80 0.508125
13 81 0.467838
13 82 0.402876
13 83 0.320054
13 84 0.227369
13 85 0.133671
13 86 0.045830
13 87 -0.029584
13 88 -0.089737
13 89 -0.132235
13 90 -0.158565
13 91 -0.169145
13 92 -0.169634
13 93 -0.157336
13 94 -0.148052
13 95 -0.118344
13 96 -0.121468
13 97 -0.064320
13 98 -0.110713
13 99 0.000000

14 0 0.000000
14 1 -0.120380
14 2 -0.065728
14 3 -0.126128
14 4 -0.115305
14 5 -0.140185
14 6 -0.137834
14 7 -0.136932
14 8 -0.118405
14 9 -0.087685
14 10 -0.038894
14 11 0.025521
14 12 0.105660
14 13 0.195992
14 14 0.292036
14 15 0.385052
14 16 0.467896
14 17 0.531931
14 18 0.571258
14 19 0.581850
14 20 0.562952
14 21 0.517720
14 22 0.451481
14 23 0.372995
14 24 0.290566
14 25 0.213599
14 26 0.148404
14 27 0.100178
14 28 0.070113
14 29 0.057736
14 30 0.059795
14 31 0.072335
14 32 0.090810
14 33 0.111128
14 34 0.130236
14 35 0.145869
14 36 0.157319
14 37 0.164191
14 38 0.167462
14 39 0.167695
14 40 0.166485
14 41 0.164424
14 42 0.162900
14 43 0.161938
14 44 0.162307
14 45 0.163314
14 46 0.165178
14 47 0.166794
14 48 0.168278
14 49 0.168654
14 50 0.168418
14 51 0.167077
14 52 0.165620
14 53 0.163922
14 54 0.163111
14 55 0.162949
14 56 0.164166
14 57 0.165957
14 58 0.168351
14 59 0.169907
14 60 0.170113
14 61 0.167285
14 62 0.160985
14 63 0.150082
14 64 0.135184
14 65 0.116727
14 66 0.097340
14 67 0.079614
14 68 0.068235
14 69 0.067009
14 70 0.080805
14 71 0.111772
14 72 0.161678
14 73 0.227840
14 74 0.306715
14 75 0.390194
14 76 0.470725
14 77 0.538143
14 78 0.585411
14 79 0.605675
14 80 0.596923
14 81 0.559181
14 82 0.496604
14 83 0.415516
14 84 0.323443
14 85 0.229155
14 86 0.139178
14 87 0.060527
14 88 -0.004269
14 89 -0.051950
14 90 -0.084589
14 91 -0.101265
14 92 -0.109128
14 93 -0.102896
14 94 -0.102199
14 95 -0.077808
14 96 -0.090854
14 97 -0.039679
14 98 -0.092334
14 99 0.000000

15 0 0.000000
15 1 -0.099047
15 2 -0.039910
15 3 -0.093006
15 4 -0.072557
15 5 -0.091277
15 6 -0.080247
15 7 -0.072513
15 8 -0.046694
15 9 -0.009544
15 10 0.044860
15 11 0.113890
15 12 0.197102
15 13 0.289102
15 14 0.385052
15 15 0.476629
15 16 0.556762
15 17 0.617551
15 18 0.653439
15 19 0.661207
15 20 0.640240
15 21 0.594117
15 22 0.527649
15 23 0.449416
15 24 0.366581
15 25 0.288133
15 26 0.219236
15 27 0.165205
15 28 0.126797
15 29 0.104659
15 30 0.095886
15 31 0.098295
15 32 0.107722
15 33 0.121578
15 34 0.136352
15 35 0.150425
15 36 0.161630
15 37 0.169678
15 38 0.173750
15 39 0.174793
15 40 0.173017
15 41 0.170120
15 42 0.166607
15 43 0.164067
15 44 0.162415
15 45 0.162442
15 46 0.163153
15 47 0.164657
15 48 0.165592
15 49 0.166171
15 50 0.165487
15 51 0.164456
15 52 0.162859
15 53 0.162077
15 54 0.161988
15 55 0.163610
15 56 0.166137
15 57 0.169679
15 58 0.172634
15 59 0.174518
15 60 0.173634
15 61 0.169765
15 62 0.162009
15 63 0.151115
15 64 0.137502
15 65 0.123151
15 66 0.109964
15 67 0.101071
15 68 0.099590
15 69 0.109008
15 70 0.132373
15 71 0.171535
15 72 0.227117
15 73 0.296888
15 74 0.377194
15 75 0.461063
15 76 0.541389
15 77 0.609119
15 78 0.657442
15 79 0.679979
15 80 0.674350
15 81 0.640384
15 82 0.581509
15 83 0.503602
15 84 0.413601
15 85 0.319991
15 86 0.229165
15 87 0.148117
15 88 0.079667
15 89 0.027186
15 90 -0.011010
15 91 -0.033705
15 92 -0.048312
15 93 -0.048183
15 94 -0.055385
15 95 -0.036556
15 96 -0.058157
15 97 -0.014497
15 98 -0.069731
15 99 0.000000

16 0 0.000000
16 1 -0.075205
16 2 -0.015239
16 3 -0.060657
16 4 -0.031800
16 5 -0.045398
16 6 -0.026009
16 7 -0.012639
16 8 0.020237
16 9 0.062715
16 10 0.122334
16 11 0.194862
16 12 0.280487
16 13 0.372932
16 14 0.467896
16 15 0.556762
16 16 0.633263
16 17 0.689703
16 18 0.721522
16 19 0.725812
16 20 0.702709
16 21 0.655645
16 22 0.589513
16 23 0.511985
16 24 0.429717
16 25 0.350374
16 26 0.278726
16 27 0.219140
16 28 0.172884
16 29 0.140553
16 30 0.120807
16 31 0.111963
16 32 0.111768
16 33 0.117737
16 34 0.127685
16 35 0.139028
16 36 0.150086
16 37 0.158746
16 38 0.164434
16 39 0.166221
16 40 0.165081
16 41 0.161339
16 42 0.156966
16 43 0.152526
16 44 0.149678
16 45 0.148047
16 46 0.148218
16 47 0.148791
16 48 0.149808
16 49 0.149850
16 50 0.149504
16 51 0.148183
16 52 0.147320
16 53 0.146860
16 54 0.148228
16 55 0.150815
16 56 0.155034
16 57 0.159186
16 58 0.162769
16 59 0.163747
16 60 0.161890
16 61 0.156116
16 62 0.147507
16 63 0.136452
16 64 0.125316
16 65 0.115467
16 66 0.109906
16 67 0.110303
16 68 0.119814
16 69 0.139872
16 70 0.173185
16 71 0.219876
16 72 0.280795
16 73 0.353034
16 74 0.434061
16 75 0.517138
16 76 0.596647
16 77 0.663907
16 78 0.713138
16 79 0.737806
16 80 0.735716
16 81 0.705985
16 82 0.651626
16 83 0.577727
16 84 0.490715
16 85 0.398714
16 86 0.307818
16 87 0.225267
16 88 0.153718
16 89 0.097335
16 90 0.053972
16 91 0.026311
16 92 0.005331
16 93 0.000665
16 94 -0.013825
16 95 0.000693
16 96 -0.027823
16 97 0.008274
16 98 -0.045616
16 99 0.000000

17 0 0.000000
17 1 -0.050840
17 2 0.004620
17 3 -0.032826
17 4 0.001093
17 5 -0.008296
17 6 0.017375
17 7 0.035347
17 8 0.073743
17 9 0.120716
17 10 0.184306
17 11 0.259640
17 12 0.346615
17 13 0.438873
17 14 0.531931
17 15 0.617551
17 16 0.689703
17 17 0.741513
17 18 0.768895
17 19 0.769870
17 20 0.744752
17 21 0.697467
17 22 0.632286
17 23 0.556678
17 24 0.475906
17 25 0.397120
17 26 0.323603
17 27 0.259747
17 28 0.206049
17 29 0.164251
17 30 0.133141
17 31 0.113053
17 32 0.102076
17 33 0.099696
17 34 0.103335
17 35 0.111595
17 36 0.121307
17 37 0.130859
17 38 0.137581
17 39 0.141096
17 40 0.140449
17 41 0.137154
17 42 0.131730
17 43 0.126517
17 44 0.121900
17 45 0.119412
17 46 0.118144
17 47 0.118449
17 48 0.118622
17 49 0.118930
17 50 0.118182
17 51 0.117574
17 52 0.116832
17 53 0.117677
17 54 0.119740
17 55 0.123953
17 56 0.128760
17 57 0.133807
17 58 0.136732
17 59 0.137041
17 60 0.133216
17 61 0.126208
17 62 0.116434
17 63 0.106495
17 64 0.098137
17 65 0.094334
17 66 0.096788
17 67 0.107670
17 68 0.128067
17 69 0.159163
17 70 0.201570
17 71 0.255359
17 72 0.320175
17 73 0.393929
17 74 0.474040
17 75 0.555281
17 76 0.632546
17 77 0.698556
17 78 0.747742
17 79 0.774202
17 80 0.775250
17 81 0.749845
17 82 0.700065
17 83 0.630548
17 84 0.546898
17 85 0.457002
17 86 0.366613
17 87 0.283108
17 88 0.209249
17 89 0.149620
17 90 0.102194
17 91 0.070463
17 92 0.044670
17 93 0.036407
17 94 0.016896
17 95 0.028240
17 96 -0.003539
17 97 0.025060
17 98 -0.022083
17 99 0.000000

18 0 0.000000
18 1 -0.029708
18 2 0.016567
18 3 -0.014373
18 4 0.021264
18 5 0.013795
18 6 0.043841
18 7 0.064242
18 8 0.106968
18 9 0.156840
18 10 0.223652
18 11 0.300761
18 12 0.388689
18 13 0.480182
18 14 0.571258
18 15 0.653439
18 16 0.721522
18 17 0.768895
18 18 0.792540
18 19 0.790814
18 20 0.764855
18 21 0.718386
18 22 0.655804
18 23 0.583509
18 24 0.506249
18 25 0.429581
18 26 0.356337
18 27 0.289602
18 28 0.230334
18 29 0.179856
18 30 0.138584
18 31 0.107113
18 32 0.085747
18 33 0.074036
18 34 0.071278
18 35 0.075170
18 36 0.083630
18 37 0.093141
18 38 0.101684
18 39 0.106609
18 40 0.107890
18 41 0.105037
18 42 0.100148
18 43 0.093934
18 44 0.088820
18 45 0.084765
18 46 0.082969
18 47 0.082007
18 48 0.082184
18 49 0.081814
18 50 0.081693
18 51 0.081022
18 52 0.081500
18 53 0.082798
18 54 0.086374
18 55 0.090988
18 56 0.096730
18 57 0.101118
18 58 0.103516
18 59 0.101740
18 60 0.096394
18 61 0.087368
18 62 0.077490
18 63 0.068562
18 64 0.064386
18 65 0.066690
18 66 0.078244
18 67 0.099175
18 68 0.130679
18 69 0.171545
18 70 0.222312
18 71 0.281232
18 72 0.348567
18 73 0.421572
18 74 0.499175
18 75 0.576406
18 76 0.649949
18 77 0.712867
18 78 0.760827
18 79 0.787678
18 80 0.791037
18 81 0.769011
18 82 0.723324
18 83 0.657664
18 84 0.577187
18 85 0.489268
18 86 0.399466
18 87 0.315308
18 88 0.239527
18 89 0.177489
18 90 0.126781
18 91 0.092492
18 92 0.063186
18 93 0.053512
18 94 0.031083
18 95 0.041630
18 96 0.010151
18 97 0.033011
18 98 -0.002854
18 99 0.000000

19 0 0.000000
19 1 -0.013891
19 2 0.018004
19 3 -0.007828
19 4 0.024739
19 5 0.017375
19 6 0.048662
19 7 0.069741
19 8 0.114771
19 9 0.166356
19 10 0.235179
19 11 0.313529
19 12 0.401885
19 13 0.492681
19 14 0.581850
19 15 0.661207
19 16 0.725812
19 17 0.769870
19 18 0.790814
19 19 0.787964
19 20 0.762567
19 21 0.718898
19 22 0.660614
19 23 0.593971
19 24 0.522142
19 25 0.450199
19 26 0.379195
19 27 0.312210
19 28 0.249026
19 29 0.192074
19 30 0.141488
19 31 0.099979
19 32 0.067945
19 33 0.047303
19 34 0.036940
19 35 0.036394
19 36 0.042149
19 37 0.051840
19 38 0.061194
19 39 0.068507
19 40 0.071311
19 41 0.070458
19 42 0.065880
19 43 0.060233
19 44 0.054058
19 45 0.049636
19 46 0.046301
19 47 0.045019
19 48 0.044059
19 49 0.044057
19 50 0.043596
19 51 0.044095
19 52 0.044906
19 53 0.047778
19 54 0.051715
19 55 0.057418
19 56 0.062565
19 57 0.066654
19 58 0.066995
19 59 0.063687
19 60 0.055859
19 61 0.045983
19 62 0.035789
19 63 0.029485
19 64 0.029564
19 65 0.039339
19 66 0.059590
19 67 0.090994
19 68 0.132243
19 69 0.182163
19 70 0.239051
19 71 0.301552
19 72 0.368725
19 73 0.439082
19 74 0.511489
19 75 0.582813
19 76 0.650180
19 77 0.708272
19 78 0.752868
19 79 0.778603
19 80 0.782501
19 81 0.762634
19 82 0.719688
19 83 0.657015
19 84 0.578843
19 85 0.492442
19 86 0.402917
19 87 0.318127
19 88 0.240752
19 89 0.176897
19 90 0.123984
19 91 0.088375
19 92 0.057517
19 93 0.048230
19 94 0.026025
19 95 0.037637
19 96 0.011227
19 97 0.029993
19 98 0.010176
19 99 0.000000

20 0 0.000000
20 1 -0.006662
20 2 0.007737
20 3 -0.015785
20 4 0.009760
20 5 -0.000014
20 6 0.029950
20 7 0.049427
20 8 0.095259
20 9 0.147004
20 10 0.217128
20 11 0.296008
20 12 0.384810
20 13 0.474981
20 14 0.562952
20 15 0.640240
20 16 0.702709
20 17 0.744752
20 18 0.764855
20 19 0.762567
20 20 0.739980
20 21 0.701042
20 22 0.649606
20 23 0.590729
20 24 0.527170
20 25 0.462210
20 26 0.396510
20 27 0.331503
20 28 0.267401
20 29 0.205733
20 30 0.148229
20 31 0.097402
20 32 0.056038
20 33 0.025887
20 34 0.008238
20 35 0.001746
20 36 0.004745
20 37 0.013001
20 38 0.023573
20 39 0.032215
20 40 0.037758
20 41 0.038404
20 42 0.035825
20 43 0.030278
20 44 0.024609
20 45 0.018946
20 46 0.015290
20 47 0.012471
20 48 0.011488
20 49 0.010651
20 50 0.011122
20 51 0.011731
20 52 0.014182
20 53 0.017446
20 54 0.022728
20 55 0.027976
20 56 0.033122
20 57 0.035244
20 58 0.034173
20 59 0.028130
20 60 0.019042
20 61 0.007916
20 62 -0.000801
20 63 -0.004423
20 64 0.001604
20 65 0.018543
20 66 0.048255
20 67 0.088807
20 68 0.139268
20 69 0.195854
20 70 0.257284
20 71 0.320374
20 72 0.385314
20 73 0.449953
20 74 0.515035
20 75 0.577586
20 76 0.636752
20 77 0.687412
20 78 0.726745
20 79 0.749024
20 80 0.751736
20 81 0.732029
20 82 0.690397
20 83 0.629188
20 84 0.552328
20 85 0.466526
20 86 0.376820
20 87 0.291184
20 88 0.212359
20 89 0.147262
20 90 0.092934
20 91 0.057417
20 92 0.026539
20 93 0.019758
20 94 0.000321
20 95 0.015367
20 96 -0.002191
20 97 0.015364
20 98 0.014089
20 99 0.000000

21 0 0.000000
21 1 -0.008509
21 2 -0.013765
21 3 -0.037158
21 4 -0.022716
21 5 -0.036358
21 6 -0.010609
21 7 0.005836
21 8 0.050708
21 9 0.101642
21 10 0.172155
21 11 0.251282
21 12 0.340375
21 13 0.430381
21 14 0.517720
21 15 0.594117
21 16 0.655645
21 17 0.697467
21 18 0.718386
21 19 0.718898
21 20 0.701042
21 21 0.669364
21 22 0.626842
21 23 0.578518
21 24 0.525444
21 25 0.470566
21 26 0.412538
21 27 0.352848
21 28 0.290105
21 29 0.226892
21 30 0.164089
21 31 0.106309
21 32 0.055956
21 33 0.017424
21 34 -0.008591
21 35 -0.020920
21 36 -0.022606
21 37 -0.015872
21 38 -0.005942
21 39 0.004566
21 40 0.011627
21 41 0.015122
21 42 0.013795
21 43 0.010049
21 44 0.004064
21 45 -0.001307
21 46 -0.006474
21 47 -0.009531
21 48 -0.011908
21 49 -0.012256
21 50 -0.012143
21 51 -0.010000
21 52 -0.007193
21 53 -0.002270
21 54 0.002824
21 55 0.008541
21 56 0.011976
21 57 0.012999
21 58 0.009154
21 59 0.001741
21 60 -0.009159
21 61 -0.019509
21 62 -0.026675
21 63 -0.025501
21 64 -0.013640
21 65 0.011741
21 66 0.049794
21 67 0.099365
21 68 0.156692
21 69 0.218545
21 70 0.281374
21 71 0.342993
21 72 0.402399
21 73 0.459160
21 74 0.513856
21 75 0.565611
21 76 0.613819
21 77 0.655140
21 78 0.686695
21 79 0.703706
21 80 0.702979
21 81 0.681816
21 82 0.639646
21 83 0.578661
21 84 0.501823
21 85 0.415900
21 86 0.325387
21 87 0.238771
21 88 0.158565
21 89 0.092686
21 90 0.037721
21 91 0.003295
21 92 -0.026028
21 93 -0.028979
21 94 -0.043007
21 95 -0.023240
21 96 -0.028299
21 97 -0.009781
21 98 0.008845
21 99 0.000000

22 0 0.000000
22 1 -0.020399
22 2 -0.044417
22 3 -0.070428
22 4 -0.069337
22 5 -0.088207
22 6 -0.068465
22 7 -0.056381
22 8 -0.013520
22 9 0.035552
22 10 0.105956
22 11 0.184788
22 12 0.274219
22 13 0.364116
22 14 0.451481
22 15 0.527649
22 16 0.589513
22 17 0.632286
22 18 0.655804
22 19 0.660614
22 20 0.649606
22 21 0.626842
22 22 0.595601
22 23 0.559612
22 24 0.519716
22 25 0.476933
22 26 0.429703
22 27 0.377564
22 28 0.319589
22 29 0.256915
22 30 0.191936
22 31 0.128418
22 32 0.071193
22 33 0.024017
22 34 -0.009589
22 35 -0.029464
22 36 -0.035975
22 37 -0.033157
22 38 -0.023979
22 39 -0.013733
22 40 -0.004497
22 41 0.000400
22 42 0.001766
22 43 -0.001235
22 44 -0.005822
22 45 -0.012062
22 46 -0.017152
22 47 -0.021864
22 48 -0.024157
22 49 -0.025512
22 50 -0.024249
22 51 -0.022059
22 52 -0.017443
22 53 -0.012477
22 54 -0.006348
22 55 -0.001918
22 56 0.000949
22 57 -0.000618
22 58 -0.005679
22 59 -0.015174
22 60 -0.025621
22 61 -0.035135
22 62 -0.038199
22 63 -0.032130
22 64 -0.012543
22 65 0.020478
22 66 0.067337
22 67 0.123801
22 68 0.186998
22 69 0.251007
22 70 0.313387
22 71 0.370163
22 72 0.422045
22 73 0.467860
22 74 0.510407
22 75 0.548747
22 76 0.584458
22 77 0.614157
22 78 0.636505
22 79 0.646211
22 80 0.640736
22 81 0.616403
22 82 0.572654
22 83 0.510653
22 84 0.433220
22 85 0.346519
22 86 0.255057
22 87 0.167388
22 88 0.086082
22 89 0.019860
22 90 -0.035115
22 91 -0.067614
22 92 -0.094386
22 93 -0.092499
22 94 -0.099562
22 95 -0.074061
22 96 -0.064888
22 97 -0.042847
22 98 -0.006017
22 99 0.000000

23 0 0.000000
23 1 -0.040179
23 2 -0.080427
23 3 -0.110565
23 4 -0.124031
23 5 -0.148055
23 6 -0.135652
23 7 -0.128138
23 8 -0.088196
23 9 -0.041398
23 10 0.028248
23 11 0.106473
23 12 0.195843
23 13 0.285647
23 14 0.372995
23 15 0.449416
23 16 0.511985
23 17 0.556678
23 18 0.583509
23 19 0.593971
23 20 0.590729
23 21 0.578518
23 22 0.559612
23 23 0.537930
23 24 0.512516
23 25 0.484323
23 26 0.449615
23 27 0.408153
23 28 0.356998
23 29 0.298316
23 30 0.232982
23 31 0.166767
23 32 0.103418
23 33 0.049462
23 34 0.007394
23 35 -0.019528
23 36 -0.033121
23 37 -0.034460
23 38 -0.028770
23 39 -0.018782
23 40 -0.009694
23 41 -0.002539
23 42 -0.000126
23 43 -0.000788
23 44 -0.005288
23 45 -0.010554
23 46 -0.016954
23 47 -0.021547
23 48 -0.025332
23 49 -0.026021
23 50 -0.025310
23 51 -0.021498
23 52 -0.016897
23 53 -0.010479
23 54 -0.005228
23 55 -0.000725
23 56 -0.000103
23 57 -0.002538
23 58 -0.009765
23 59 -0.018916
23 60 -0.029012
23 61 -0.034829
23 62 -0.033639
23 63 -0.020271
23 64 0.006462
23 65 0.048166
23 66 0.101906
23 67 0.164710
23 68 0.230700
23 69 0.295261
23 70 0.353731
23 71 0.403850
23 72 0.445109
23 73 0.478512
23 74 0.506475
23 75 0.530366
23 76 0.551707
23 77 0.569008
23 78 0.580634
23 79 0.582397
23 80 0.570961
23 81 0.543004
23 82 0.496851
23 83 0.433691
23 84 0.355306
23 85 0.268036
23 86 0.175694
23 87 0.087443
23 88 0.005380
23 89 -0.060628
23 90 -0.115141
23 91 -0.145291
23 92 -0.168900
23 93 -0.162157
23 94 -0.161358
23 95 -0.130468
23 96 -0.106524
23 97 -0.079682
23 98 -0.027910
23 99 0.000000

24 0 0.000000
24 1 -0.066067
24 2 -0.117360
24 3 -0.152951
24 4 -0.179954
24 5 -0.208588
24 6 -0.203530
24 7 -0.200410
24 8 -0.163565
24 9 -0.119451
24 10 -0.050943
24 11 0.025940
24 12 0.114742
24 13 0.203653
24 14 0.290566
24 15 0.366581
24 16 0.429717
24 17 0.475906
24 18 0.506249
24 19 0.522142
24 20 0.527170
24 21 0.525444
24 22 0.519716
24 23 0.512516
24 24 0.502976
24 25 0.490047
24 26 0.470080
24 27 0.440639
24 28 0.399377
24 29 0.346456
24 30 0.284190
24 31 0.216711
24 32 0.150109
24 33 0.089549
24 34 0.040599
24 35 0.005125
24 36 -0.015274
24 37 -0.023532
24 38 -0.021590
24 39 -0.014905
24 40 -0.005793
24 41 0.001098
24 42 0.005638
24 43 0.005475
24 44 0.002871
24 45 -0.002923
24 46 -0.008565
24 47 -0.014599
24 48 -0.017896
24 49 -0.019719
24 50 -0.017795
24 51 -0.014407
24 52 -0.008270
24 53 -0.002553
24 54 0.003342
24 55 0.006001
24 56 0.006261
24 57 0.001753
24 58 -0.005047
24 59 -0.014163
24 60 -0.020769
24 61 -0.022771
24 62 -0.014451
24 63 0.005803
24 64 0.041322
24 65 0.090005
24 66 0.150605
24 67 0.216771
24 68 0.284298
24 69 0.345911
24 70 0.398898
24 71 0.439245
24 72 0.468758
24 73 0.487528
24 74 0.500480
24 75 0.508578
24 76 0.515642
24 77 0.519797
24 78 0.521063
24 79 0.514518
24 80 0.497651
24 81 0.466051
24 82 0.418229
24 83 0.354257
24 84 0.275869
24 85 0.188677
24 86 0.096486
24 87 0.008397
24 88 -0.073548
24 89 -0.138775
24 90 -0.192322
24 91 -0.220008
24 92 -0.240366
24 93 -0.229320
24 94 -0.220954
24 95 -0.185584
24 96 -0.148439
24 97 -0.115811
24 98 -0.054742
24 99 0.000000

25 0 0.000000
25 1 -0.094010
25 2 -0.150347
25 3 -0.191293
25 4 -0.229565
25 5 -0.261059
25 6 -0.262671
25 7 -0.262791
25 8 -0.228989
25 9 -0.187410
25 10 -0.120591
25 11 -0.045647
25 12 0.041495
25 13 0.128517
25 14 0.213599
25 15 0.288133
25 16 0.350374
25 17 0.397120
25 18 0.429581
25 19 0.450199
25 20 0.462210
25 21 0.470566
25 22 0.476933
25 23 0.484323
25 24 0.490047
25 25 0.493366
25 26 0.488354
25 27 0.473097
25 28 0.442869
25 29 0.398926
25 30 0.341348
25 31 0.276148
25 32 0.207441
25 33 0.143134
25 34 0.087042
25 35 0.044518
25 36 0.015367
25 37 0.000488
25 38 -0.004386
25 39 -0.001057
25 40 0.004883
25 41 0.012022
25 42 0.016098
25 43 0.017904
25 44 0.015307
25 45 0.011173
25 46 0.004707
25 47 -0.000398
25 48 -0.004960
25 49 -0.005807
25 50 -0.004836
25 51 -0.000145
25 52 0.005073
25 53 0.011671
25 54 0.015908
25 55 0.018641
25 56 0.016933
25 57 0.012996
25 58 0.005953
25 59 0.000143
25 60 -0.003093
25 61 0.001882
25 62 0.016853
25 63 0.046049
25 64 0.088674
25 65 0.144718
25 66 0.209150
25 67 0.277669
25 68 0.343037
25 69 0.400234
25 70 0.444398
25 71 0.474001
25 72 0.489517
25 73 0.493633
25 74 0.490547
25 75 0.483680
25 76 0.476369
25 77 0.468710
25 78 0.460087
25 79 0.446801
25 80 0.425343
25 81 0.391805
25 82 0.343441
25 83 0.280460
25 84 0.203378
25 85 0.118021
25 86 0.027238
25 87 -0.059247
25 88 -0.140185
25 89 -0.203833
25 90 -0.256146
25 91 -0.281523
25 92 -0.299032
25 93 -0.284970
25 94 -0.270142
25 95 -0.232192
25 96 -0.184637
25 97 -0.146578
25 98 -0.082376
25 99 0.000000

26 0 0.000000
26 1 -0.121041
26 2 -0.175598
26 3 -0.221460
26 4 -0.267203
26 5 -0.299650
26 6 -0.306266
26 7 -0.308287
26 8 -0.276930
26 9 -0.237777
26 10 -0.172959
26 11 -0.100942
26 12 -0.016573
26 13 0.066795
26 14 0.148404
26 15 0.219236
26 16 0.278726
26 17 0.323603
26 18 0.356337
26 19 0.379195
26 20 0.396510
26 21 0.412538
26 22 0.429703
26 23 0.449615
26 24 0.470080
26 25 0.488354
26 26 0.499032
26 27 0.497831
26 28 0.480884
26 29 0.446926
26 30 0.397470
26 31 0.336023
26 32 0.268911
26 33 0.201715
26 34 0.141379
26 35 0.091148
26 36 0.054769
26 37 0.030949
26 38 0.019691
26 39 0.016350
26 40 0.019359
26 41 0.023450
26 42 0.028005
26 43 0.029190
26 44 0.028559
26 45 0.024204
26 46 0.019520
26 47 0.013629
26 48 0.010370
26 49 0.008381
26 50 0.010478
26 51 0.013835
26 52 0.019843
26 53 0.024617
26 54 0.029101
26 55 0.029817
26 56 0.028780
26 57 0.024311
26 58 0.020390
26 59 0.017461
26 60 0.020996
26 61 0.032313
26 62 0.056356
26 63 0.092756
26 64 0.143252
