0 0 0.000000
0 1 0.000000
0 2 0.000000
0 3 0.000000
0 4 0.000000
0 5 0.000000
0 6 0.000000
0 7 0.000000
0 8 0.000000
0 9 0.000000
0 10 0.000000
0 11 0.000000
0 12 0.000000
0 13 0.000000
0 14 0.000000
0 15 0.000000
0 16 0.000000
0 17 0.000000
0 18 0.000000
0 19 0.000000
0 20 0.000000
0 21 0.000000
0 22 0.000000
0 23 0.000000
0 24 0.000000
0 25 0.000000
0 26 0.000000
0 27 0.000000
0 28 0.000000
0 29 0.000000
0 30 0.000000
0 31 0.000000
0 32 0.000000
0 33 0.000000
0 34 0.000000
0 35 0.000000
0 36 0.000000
0 37 0.000000
0 38 0.000000
0 39 0.000000
0 40 0.000000
0 41 0.000000
0 42 0.000000
0 43 0.000000
0 44 0.000000
0 45 0.000000
0 46 0.000000
0 47 0.000000
0 48 0.000000
0 49 0.000000
0 50 0.000000
0 51 0.000000
0 52 0.000000
0 53 0.000000
0 54 0.000000
0 55 0.000000
0 56 0.000000
0 57 0.000000
0 58 0.000000
0 59 0.000000
0 60 0.000000
0 61 0.000000
0 62 0.000000
0 63 0.000000
0 64 0.000000
0 65 0.000000
0 66 0.000000
0 67 0.000000
0 68 0.000000
0 69 0.000000
0 70 0.000000
0 71 0.000000
0 72 0.000000
0 73 0.000000
0 74 0.000000
0 75 0.000000
0 76 0.000000
0 77 0.000000
0 78 0.000000
0 79 0.000000
0 80 0.000000
0 81 0.000000
0 82 0.000000
0 83 0.000000
0 84 0.000000
0 85 0.000000
0 86 0.000000
0 87 0.000000
0 88 0.000000
0 89 0.000000
0 90 0.000000
0 91 0.000000
0 92 0.000000
0 93 0.000000
0 94 0.000000
0 95 0.000000
0 96 0.000000
0 97 0.000000
0 98 0.000000
0 99 0.000000

1 0 0.000000
1 1 0.034381
1 2 -0.001422
1 3 0.001791
1 4 0.046988
1 5 0.050892
1 6 0.112874
1 7 0.154365
1 8 0.201379
1 9 0.248845
1 10 0.270273
1 11 0.284157
1 12 0.266703
1 13 0.232626
1 14 0.175558
1 15 0.106460
1 16 0.029762
1 17 -0.045455
1 18 -0.112836
1 19 -0.166762
1 20 -0.204179
1 21 -0.224178
1 22 -0.227954
1 23 -0.218203
1 24 -0.198509
1 25 -0.172691
1 26 -0.144277
1 27 -0.116145
1 28 -0.090349
1 29 -0.068110
1 30 -0.049924
1 31 -0.035737
1 32 -0.025138
1 33 -0.017532
1 34 -0.012278
1 35 -0.008777
1 36 -0.006523
1 37 -0.005116
1 38 -0.004265
1 39 -0.003762
1 40 -0.003473
1 41 -0.003307
1 42 -0.003214
1 43 -0.003161
1 44 -0.003131
1 45 -0.003112
1 46 -0.003102
1 47 -0.003094
1 48 -0.003091
1 49 -0.003088
1 50 -0.003088
1 51 -0.003089
1 52 -0.003093
1 53 -0.003099
1 54 -0.003113
1 55 -0.003137
1 56 -0.003184
1 57 -0.003267
1 58 -0.003422
1 59 -0.003698
1 60 -0.004187
1 61 -0.005020
1 62 -0.006408
1 63 -0.008641
1 64 -0.012120
1 65 -0.017351
1 66 -0.024935
1 67 -0.035513
1 68 -0.049684
1 69 -0.067860
1 70 -0.090097
1 71 -0.115903
1 72 -0.144060
1 73 -0.172515
1 74 -0.198395
1 75 -0.218172
1 76 -0.228027
1 77 -0.224376
1 78 -0.204504
1 79 -0.167228
1 80 -0.113373
1 81 -0.046143
1 82 0.029283
1 83 0.105602
1 84 0.175922
1 85 0.231391
1 86 0.269674
1 87 0.281855
1 88 0.277989
1 89 0.246042
1 90 0.211296
1 91 0.158867
1 92 0.110260
1 93 0.074997
1 94 0.021557
1 95 0.021434
1 96 -0.010196
1 97 -0.014481
1 98 0.017107
1 99 0.000000

2 0 0.000000
2 1 -0.001422
2 2 -0.092805
2 3 -0.064437
2 4 -0.064352
2 5 -0.059668
2 6 0.005523
2 7 0.047481
2 8 0.127141
2 9 0.202795
2 10 0.273588
2 11 0.336221
2 12 0.370747
2 13 0.382148
2 14 0.360638
2 15 0.313555
2 16 0.243947
2 17 0.161729
2 18 0.075555
2 19 -0.005391
2 20 -0.074150
2 21 -0.126072
2 22 -0.159314
2 23 -0.174492
2 24 -0.174133
2 25 -0.161910
2 26 -0.141896
2 27 -0.117935
2 28 -0.093212
2 29 -0.070046
2 30 -0.049858
2 31 -0.033290
2 32 -0.020386
2 33 -0.010805
2 34 -0.004002
2 35 0.000622
2 36 0.003635
2 37 0.005510
2 38 0.006623
2 39 0.007244
2 40 0.007567
2 41 0.007710
2 42 0.007758
2 43 0.007753
2 44 0.007728
2 45 0.007691
2 46 0.007659
2 47 0.007628
2 48 0.007608
2 49 0.007593
2 50 0.007590
2 51 0.007591
2 52 0.007604
2 53 0.007619
2 54 0.007638
2 55 0.007648
2 56 0.007638
2 57 0.007577
2 58 0.007423
2 59 0.007091
2 60 0.006464
2 61 0.005347
2 62 0.003473
2 63 0.000464
2 64 -0.004152
2 65 -0.010944
2 66 -0.020511
2 67 -0.033400
2 68 -0.049953
2 69 -0.070130
2 70 -0.093291
2 71 -0.118022
2 72 -0.142009
2 73 -0.162074
2 74 -0.174381
2 75 -0.174867
2 76 -0.159866
2 77 -0.126862
2 78 -0.075226
2 79 -0.006823
2 80 0.073798
2 81 0.159480
2 82 0.241577
2 83 0.310330
2 84 0.358257
2 85 0.377760
2 86 0.369833
2 87 0.331083
2 88 0.275293
2 89 0.200971
2 90 0.127255
2 91 0.060218
2 92 -0.005915
2 93 -0.030746
2 94 -0.074325
2 95 -0.071504
2 96 -0.058194
2 97 -0.081870
2 98 -0.014304
2 99 0.000000

3 0 0.000000
3 1 0.001791
3 2 -0.064437
3 3 -0.047534
3 4 -0.032842
3 5 -0.032046
3 6 0.033545
3 7 0.077117
3 8 0.152163
3 9 0.230217
3 10 0.296396
3 11 0.358895
3 12 0.387858
3 13 0.393917
3 14 0.362752
3 15 0.304042
3 16 0.219994
3 17 0.122186
3 18 0.020266
3 19 -0.074979
3 20 -0.155343
3 21 -0.215179
3 22 -0.252169
3 23 -0.266945
3 24 -0.262507
3 25 -0.243324
3 26 -0.214439
3 27 -0.180678
3 28 -0.146102
3 29 -0.113707
3 30 -0.085371
3 31 -0.061963
3 32 -0.043579
3 33 -0.029783
3 34 -0.019866
3 35 -0.013016
3 36 -0.008470
3 37 -0.005561
3 38 -0.003774
3 39 -0.002712
3 40 -0.002111
3 41 -0.001780
3 42 -0.001613
3 43 -0.001529
3 44 -0.001498
3 45 -0.001484
3 46 -0.001486
3 47 -0.001487
3 48 -0.001494
3 49 -0.001495
3 50 -0.001499
3 51 -0.001497
3 52 -0.001501
3 53 -0.001503
3 54 -0.001521
3 55 -0.001556
3 56 -0.001642
3 57 -0.001810
3 58 -0.002140
3 59 -0.002739
3 60 -0.003798
3 61 -0.005580
3 62 -0.008480
3 63 -0.013015
3 64 -0.019852
3 65 -0.029752
3 66 -0.043530
3 67 -0.061894
3 68 -0.085281
3 69 -0.113597
3 70 -0.145976
3 71 -0.180543
3 72 -0.214308
3 73 -0.243212
3 74 -0.262436
3 75 -0.266944
3 76 -0.252272
3 77 -0.215430
3 78 -0.155768
3 79 -0.075643
3 80 0.019444
3 81 0.120989
3 82 0.218980
3 83 0.302134
3 84 0.362371
3 85 0.390807
3 86 0.389943
3 87 0.354220
3 88 0.302402
3 89 0.227088
3 90 0.157152
3 91 0.087159
3 92 0.024344
3 93 -0.002753
3 94 -0.048604
3 95 -0.042271
3 96 -0.043722
3 97 -0.056796
3 98 -0.009018
3 99 0.000000

4 0 0.000000
4 1 0.046988
4 2 -0.064352
4 3 -0.032842
4 4 -0.017171
4 5 -0.019568
4 6 0.068196
4 7 0.117390
4 8 0.217919
4 9 0.313967
4 10 0.403888
4 11 0.487259
4 12 0.533851
4 13 0.552703
4 14 0.526744
4 15 0.465786
4 16 0.371273
4 17 0.256196
4 18 0.131702
4 19 0.010990
4 20 -0.095352
4 21 -0.179409
4 22 -0.237111
4 23 -0.267983
4 24 -0.274609
4 25 -0.261667
4 26 -0.234867
4 27 -0.199984
4 28 -0.162110
4 29 -0.125218
4 30 -0.091983
4 31 -0.063868
4 32 -0.041328
4 33 -0.024113
4 34 -0.011535
4 35 -0.002732
4 36 0.003185
4 37 0.006997
4 38 0.009357
4 39 0.010746
4 40 0.011529
4 41 0.011934
4 42 0.012131
4 43 0.012201
4 44 0.012218
4 45 0.012200
4 46 0.012180
4 47 0.012151
4 48 0.012136
4 49 0.012118
4 50 0.012117
4 51 0.012114
4 52 0.012124
4 53 0.012126
4 54 0.012126
4 55 0.012090
4 56 0.012002
4 57 0.011787
4 58 0.011363
4 59 0.010561
4 60 0.009153
4 61 0.006772
4 62 0.002940
4 63 -0.003001
4 64 -0.011828
4 65 -0.024434
4 66 -0.041681
4 67 -0.064259
4 68 -0.092418
4 69 -0.125707
4 70 -0.162663
4 71 -0.200617
4 72 -0.235598
4 73 -0.262519
4 74 -0.275606
4 75 -0.269152
4 76 -0.238481
4 77 -0.181016
4 78 -0.097202
4 79 0.008842
4 80 0.129394
4 81 0.253484
4 82 0.368901
4 83 0.462458
4 84 0.525416
4 85 0.548381
4 86 0.535512
4 87 0.481850
4 88 0.408987
4 89 0.311644
4 90 0.217762
4 91 0.131293
4 92 0.044539
4 93 0.013076
4 94 -0.051953
4 95 -0.043387
4 96 -0.041496
4 97 -0.068930
4 98 0.023765
4 99 0.000000

5 0 0.000000
5 1 0.050892
5 2 -0.059668
5 3 -0.032046
5 4 -0.019568
5 5 -0.024414
5 6 0.056750
5 7 0.102868
5 8 0.197938
5 9 0.292566
5 10 0.381233
5 11 0.468015
5 12 0.518915
5 13 0.545012
5 14 0.525676
5 15 0.470657
5 16 0.379062
5 17 0.263557
5 18 0.134794
5 19 0.006632
5 20 -0.109360
5 21 -0.203869
5 22 -0.271460
5 23 -0.310482
5 24 -0.322748
5 25 -0.312605
5 26 -0.285865
5 27 -0.248725
5 28 -0.206912
5 29 -0.165077
5 30 -0.126543
5 31 -0.093278
5 32 -0.066104
5 33 -0.044955
5 34 -0.029220
5 35 -0.017987
5 36 -0.010289
5 37 -0.005207
5 38 -0.001985
5 39 -0.000011
5 40 0.001142
5 41 0.001799
5 42 0.002144
5 43 0.002326
5 44 0.002403
5 45 0.002442
5 46 0.002446
5 47 0.002451
5 48 0.002441
5 49 0.002443
5 50 0.002434
5 51 0.002436
5 52 0.002424
5 53 0.002412
5 54 0.002365
5 55 0.002280
5 56 0.002088
5 57 0.001733
5 58 0.001064
5 59 -0.000102
5 60 -0.002093
5 61 -0.005332
5 62 -0.010438
5 63 -0.018161
5 64 -0.029427
5 65 -0.045198
5 66 -0.066394
5 67 -0.093621
5 68 -0.126949
5 69 -0.165555
5 70 -0.207474
5 71 -0.249382
5 72 -0.286630
5 73 -0.313490
5 74 -0.323763
5 75 -0.311634
5 76 -0.272749
5 77 -0.205302
5 78 -0.110902
5 79 0.004942
5 80 0.133160
5 81 0.261679
5 82 0.377862
5 83 0.468515
5 84 0.526095
5 85 0.541940
5 86 0.522751
5 87 0.463347
5 88 0.388355
5 89 0.289790
5 90 0.198653
5 91 0.113943
5 92 0.031892
5 93 0.001632
5 94 -0.059211
5 95 -0.049815
5 96 -0.046194
5 97 -0.070093
5 98 0.024978
5 99 0.000000

6 0 0.000000
6 1 0.112874
6 2 0.005523
6 3 0.033545
6 4 0.068196
6 5 0.056750
6 6 0.148012
6 7 0.188711
6 8 0.283113
6 9 0.371953
6 10 0.456054
6 11 0.539255
6 12 0.587820
6 13 0.614197
6 14 0.595672
6 15 0.541972
6 16 0.449996
6 17 0.331769
6 18 0.196974
6 19 0.059632
6 20 -0.068122
6 21 -0.175821
6 22 -0.256696
6 23 -0.307795
6 24 -0.329896
6 25 -0.326723
6 26 -0.303904
6 27 -0.267863
6 28 -0.224821
6 29 -0.180103
6 30 -0.137706
6 31 -0.100228
6 32 -0.068949
6 33 -0.044143
6 34 -0.025345
6 35 -0.011710
6 36 -0.002208
6 37 0.004142
6 38 0.008233
6 39 0.010749
6 40 0.012245
6 41 0.013078
6 42 0.013529
6 43 0.013740
6 44 0.013840
6 45 0.013862
6 46 0.013869
6 47 0.013850
6 48 0.013845
6 49 0.013826
6 50 0.013828
6 51 0.013816
6 52 0.013818
6 53 0.013792
6 54 0.013750
6 55 0.013628
6 56 0.013393
6 57 0.012913
6 58 0.012049
6 59 0.010515
6 60 0.007957
6 61 0.003816
6 62 -0.002591
6 63 -0.012161
6 64 -0.025872
6 65 -0.044760
6 66 -0.069666
6 67 -0.101059
6 68 -0.138663
6 69 -0.181196
6 70 -0.226059
6 71 -0.269252
6 72 -0.305444
6 73 -0.328409
6 74 -0.331711
6 75 -0.309713
6 76 -0.258668
6 77 -0.177803
6 78 -0.070013
6 79 0.057831
6 80 0.195553
6 81 0.330370
6 82 0.449716
6 83 0.540823
6 84 0.597594
6 85 0.612088
6 86 0.592960
6 87 0.534470
6 88 0.462442
6 89 0.367088
6 90 0.278326
6 91 0.196020
6 92 0.109784
6 93 0.080458
6 94 0.005198
6 95 0.018546
6 96 0.002258
6 97 -0.024125
6 98 0.079659
6 99 0.000000

7 0 0.000000
7 1 0.154365
7 2 0.047481
7 3 0.077117
7 4 0.117390
7 5 0.102868
7 6 0.188711
7 7 0.221346
7 8 0.304118
7 9 0.381270
7 10 0.454142
7 11 0.529849
7 12 0.574522
7 13 0.602560
7 14 0.589202
7 15 0.543814
7 16 0.460439
7 17 0.349578
7 18 0.218939
7 19 0.081801
7 20 -0.049874
7 21 -0.164874
7 22 -0.255222
7 23 -0.316485
7 24 -0.348062
7 25 -0.352578
7 26 -0.335024
7 27 -0.301621
7 28 -0.258808
7 29 -0.212368
7 30 -0.166928
7 31 -0.125681
7 32 -0.090469
7 33 -0.061939
7 34 -0.039907
7 35 -0.023611
7 36 -0.012070
7 37 -0.004206
7 38 0.000921
7 39 0.004146
7 40 0.006068
7 41 0.007176
7 42 0.007757
7 43 0.008057
7 44 0.008171
7 45 0.008218
7 46 0.008205
7 47 0.008197
7 48 0.008167
7 49 0.008163
7 50 0.008142
7 51 0.008147
7 52 0.008128
7 53 0.008113
7 54 0.008034
7 55 0.007887
7 56 0.007548
7 57 0.006925
7 58 0.005767
7 59 0.003791
7 60 0.000501
7 61 -0.004698
7 62 -0.012647
7 63 -0.024282
7 64 -0.040686
7 65 -0.062838
7 66 -0.091503
7 67 -0.126860
7 68 -0.168264
7 69 -0.213866
7 70 -0.260472
7 71 -0.303444
7 72 -0.336995
7 73 -0.354671
7 74 -0.350239
7 75 -0.318691
7 76 -0.257374
7 77 -0.166892
7 78 -0.051613
7 79 0.080346
7 80 0.218117
7 81 0.348917
7 82 0.461172
7 83 0.543521
7 84 0.592215
7 85 0.600678
7 86 0.579821
7 87 0.523321
7 88 0.457912
7 89 0.371077
7 90 0.292406
7 91 0.218557
7 92 0.139465
7 93 0.113447
7 94 0.039050
7 95 0.053227
7 96 0.031845
7 97 0.002865
7 98 0.115514
7 99 0.000000

8 0 0.000000
8 1 0.201379
8 2 0.127141
8 3 0.152163
8 4 0.217919
8 5 0.197938
8 6 0.283113
8 7 0.304118
8 8 0.371531
8 9 0.430040
8 10 0.484253
8 11 0.544177
8 12 0.577532
8 13 0.600926
8 14 0.588487
8 15 0.549375
8 16 0.474793
8 17 0.373332
8 18 0.250091
8 19 0.116876
8 20 -0.015216
8 21 -0.134773
8 22 -0.232910
8 23 -0.303801
8 24 -0.345315
8 25 -0.358743
8 26 -0.348090
8 27 -0.319093
8 28 -0.278128
8 29 -0.231310
8 30 -0.183776
8 31 -0.139369
8 32 -0.100484
8 33 -0.068285
8 34 -0.042884
8 35 -0.023753
8 36 -0.009931
8 37 -0.000375
8 38 0.005986
8 39 0.010017
8 40 0.012483
8 41 0.013888
8 42 0.014664
8 43 0.015027
8 44 0.015195
8 45 0.015223
8 46 0.015224
8 47 0.015179
8 48 0.015160
8 49 0.015121
8 50 0.015120
8 51 0.015098
8 52 0.015102
8 53 0.015057
8 54 0.014983
8 55 0.014763
8 56 0.014345
8 57 0.013508
8 58 0.012038
8 59 0.009498
8 60 0.005387
8 61 -0.001064
8 62 -0.010715
8 63 -0.024644
8 64 -0.043885
8 65 -0.069406
8 66 -0.101726
8 67 -0.140734
8 68 -0.185261
8 69 -0.232906
8 70 -0.279817
8 71 -0.320851
8 72 -0.349878
8 73 -0.360516
8 74 -0.347011
8 75 -0.305347
8 76 -0.234205
8 77 -0.135736
8 78 -0.015694
8 79 0.116835
8 80 0.250833
8 81 0.374185
8 82 0.477062
8 83 0.550129
8 84 0.592406
8 85 0.598779
8 86 0.582084
8 87 0.535022
8 88 0.484162
8 89 0.414028
8 90 0.352267
8 91 0.293068
8 92 0.223852
8 93 0.204488
8 94 0.125397
8 95 0.143428
8 96 0.097160
8 97 0.070922
8 98 0.163848
8 99 0.000000

9 0 0.000000
9 1 0.248845
9 2 0.202795
9 3 0.230217
9 4 0.313967
9 5 0.292566
9 6 0.371953
9 7 0.381270
9 8 0.430040
9 9 0.467828
9 10 0.500721
9 11 0.542309
9 12 0.562219
9 13 0.579423
9 14 0.567473
9 15 0.535478
9 16 0.471889
9 17 0.383192
9 18 0.271455
9 19 0.146501
9 20 0.017987
9 21 -0.102910
9 22 -0.206712
9 23 -0.286272
9 24 -0.337869
9 25 -0.361198
9 26 -0.359014
9 27 -0.336220
9 28 -0.298898
9 29 -0.253252
9 30 -0.204876
9 31 -0.158160
9 32 -0.116160
9 33 -0.080534
9 34 -0.051859
9 35 -0.029819
9 36 -0.013647
9 37 -0.002255
9 38 0.005396
9 39 0.010337
9 40 0.013338
9 41 0.015088
9 42 0.015996
9 43 0.016442
9 44 0.016578
9 45 0.016602
9 46 0.016527
9 47 0.016470
9 48 0.016385
9 49 0.016355
9 50 0.016311
9 51 0.016322
9 52 0.016302
9 53 0.016299
9 54 0.016193
9 55 0.015973
9 56 0.015437
9 57 0.014438
9 58 0.012588
9 59 0.009487
9 60 0.004437
9 61 -0.003322
9 62 -0.014829
9 63 -0.031113
9 64 -0.053266
9 65 -0.082044
9 66 -0.117769
9 67 -0.159849
9 68 -0.206628
9 69 -0.255037
9 70 -0.300683
9 71 -0.337958
9 72 -0.360657
9 73 -0.362688
9 74 -0.339146
9 75 -0.287277
9 76 -0.207374
9 77 -0.103201
9 78 0.018156
9 79 0.146949
9 80 0.272442
9 81 0.383745
9 82 0.473314
9 83 0.534268
9 84 0.568632
9 85 0.572797
9 86 0.561288
9 87 0.525658
9 88 0.491821
9 89 0.441245
9 90 0.399584
9 91 0.357686
9 92 0.302673
9 93 0.290917
9 94 0.213470
9 95 0.232172
9 96 0.168609
9 97 0.138805
9 98 0.214872
9 99 0.000000

10 0 0.000000
10 1 0.270273
10 2 0.273588
10 3 0.296396
10 4 0.403888
10 5 0.381233
10 6 0.456054
10 7 0.454142
10 8 0.484253
10 9 0.500721
10 10 0.511179
10 11 0.532549
10 12 0.536910
10 13 0.545660
10 14 0.532448
10 15 0.506636
10 16 0.454267
10 17 0.379768
10 18 0.282008
10 19 0.168462
10 20 0.046889
10 21 -0.072247
10 22 -0.179229
10 23 -0.265832
10 24 -0.326768
10 25 -0.360074
10 26 -0.367002
10 27 -0.351419
10 28 -0.318809
10 29 -0.275329
10 30 -0.226823
10 31 -0.178259
10 32 -0.133255
10 33 -0.094120
10 34 -0.061847
10 35 -0.036532
10 36 -0.017522
10 37 -0.003895
10 38 0.005500
10 39 0.011653
10 40 0.015539
10 41 0.017816
10 42 0.019106
10 43 0.019721
10 44 0.020005
10 45 0.020045
10 46 0.020033
10 47 0.019940
10 48 0.019894
10 49 0.019818
10 50 0.019810
10 51 0.019771
10 52 0.019778
10 53 0.019703
10 54 0.019577
10 55 0.019202
10 56 0.018500
10 57 0.017118
10 58 0.014754
10 59 0.010779
10 60 0.004544
10 61 -0.004931
10 62 -0.018625
10 63 -0.037696
10 64 -0.063049
10 65 -0.095345
10 66 -0.134471
10 67 -0.179437
10 68 -0.227921
10 69 -0.276308
10 70 -0.319619
10 71 -0.352013
10 72 -0.367328
10 73 -0.360091
10 74 -0.326443
10 75 -0.265162
10 76 -0.178215
10 77 -0.070977
10 78 0.048392
10 79 0.169820
10 80 0.283360
10 81 0.379795
10 82 0.454276
10 83 0.502566
10 84 0.529713
10 85 0.533425
10 86 0.529540
10 87 0.508229
10 88 0.494223
10 89 0.466000
10 90 0.446794
10 91 0.424305
10 92 0.385112
10 93 0.382113
10 94 0.305970
10 95 0.326109
10 96 0.238053
10 97 0.211536
10 98 0.246742
10 99 0.000000

11 0 0.000000
11 1 0.284157
11 2 0.336221
11 3 0.358895
11 4 0.487259
11 5 0.468015
11 6 0.539255
11 7 0.529849
11 8 0.544177
11 9 0.542309
11 10 0.532549
11 11 0.534820
11 12 0.523774
11 13 0.523175
11 14 0.507320
11 15 0.486196
11 16 0.443926
11 17 0.383191
11 18 0.299753
11 19 0.198663
11 20 0.085485
11 21 -0.030358
11 22 -0.139289
11 23 -0.232242
11 24 -0.302529
11 25 -0.346469
11 26 -0.363741
11 27 -0.356904
11 28 -0.330697
11 29 -0.290943
11 30 -0.243688
11 31 -0.194284
11 32 -0.147018
11 33 -0.104738
11 34 -0.069068
11 35 -0.040417
11 36 -0.018502
11 37 -0.002418
11 38 0.008831
11 39 0.016416
11 40 0.021238
11 41 0.024207
11 42 0.025860
11 43 0.026762
11 44 0.027127
11 45 0.027278
11 46 0.027236
11 47 0.027198
11 48 0.027091
11 49 0.027060
11 50 0.026989
11 51 0.026995
11 52 0.026931
11 53 0.026875
11 54 0.026625
11 55 0.026166
11 56 0.025172
11 57 0.023435
11 58 0.020385
11 59 0.015496
11 60 0.007852
11 61 -0.003435
11 62 -0.019545
11 63 -0.041455
11 64 -0.070080
11 65 -0.105687
11 66 -0.147872
11 67 -0.194998
11 68 -0.244226
11 69 -0.291261
11 70 -0.330764
11 71 -0.356689
11 72 -0.363233
11 73 -0.345674
11 74 -0.301488
11 75 -0.231045
11 76 -0.138061
11 77 -0.029338
11 78 0.086121
11 79 0.198325
11 80 0.298467
11 81 0.379321
11 82 0.438854
11 83 0.475405
11 84 0.496764
11 85 0.501613
11 86 0.506645
11 87 0.500474
11 88 0.506345
11 89 0.499991
11 90 0.502261
11 91 0.497868
11 92 0.473646
11 93 0.477424
11 94 0.403209
11 95 0.420776
11 96 0.310574
11 97 0.282810
11 98 0.274589
11 99 0.000000

12 0 0.000000
12 1 0.266703
12 2 0.370747
12 3 0.387858
12 4 0.533851
12 5 0.518915
12 6 0.587820
12 7 0.574522
12 8 0.577532
12 9 0.562219
12 10 0.536910
12 11 0.523774
12 12 0.499891
12 13 0.491115
12 14 0.472756
12 15 0.455720
12 16 0.422768
12 17 0.375260
12 18 0.306175
12 19 0.218227
12 20 0.114694
12 21 0.003677
12 22 -0.105689
12 23 -0.203832
12 24 -0.282818
12 25 -0.337381
12 26 -0.365498
12 27 -0.368356
12 28 -0.349656
12 29 -0.314802
12 30 -0.269754
12 31 -0.220285
12 32 -0.171145
12 33 -0.125911
12 34 -0.086678
12 35 -0.054460
12 36 -0.029167
12 37 -0.010238
12 38 0.003412
12 39 0.012782
12 40 0.019028
12 41 0.022935
12 42 0.025343
12 43 0.026665
12 44 0.027418
12 45 0.027722
12 46 0.027890
12 47 0.027878
12 48 0.027896
12 49 0.027824
12 50 0.027824
12 51 0.027734
12 52 0.027679
12 53 0.027446
12 54 0.027084
12 55 0.026277
12 56 0.024915
12 57 0.022473
12 58 0.018551
12 59 0.012302
12 60 0.002952
12 61 -0.010661
12 62 -0.029521
12 63 -0.054724
12 64 -0.086817
12 65 -0.125900
12 66 -0.170948
12 67 -0.219881
12 68 -0.269116
12 69 -0.313927
12 70 -0.348545
12 71 -0.367043
12 72 -0.364034
12 73 -0.335865
12 74 -0.281387
12 75 -0.202701
12 76 -0.105110
12 77 0.003308
12 78 0.113084
12 79 0.214614
12 80 0.300576
12 81 0.365847
12 82 0.411174
12 83 0.437160
12 84 0.453909
12 85 0.460597
12 86 0.474338
12 87 0.482096
12 88 0.505536
12 89 0.518114
12 90 0.538517
12 91 0.549077
12 92 0.537277
12 93 0.545811
12 94 0.473355
12 95 0.487706
12 96 0.357018
12 97 0.333362
12 98 0.273461
12 99 0.000000

13 0 0.000000
13 1 0.232626
13 2 0.382148
13 3 0.393917
13 4 0.552703
13 5 0.545012
13 6 0.614197
13 7 0.602560
13 8 0.600926
13 9 0.579423
13 10 0.545660
13 11 0.523175
13 12 0.491115
13 13 0.477002
13 14 0.457350
13 15 0.444238
13 16 0.419619
13 17 0.384101
13 18 0.328338
13 19 0.253035
13 20 0.159198
13 21 0.053502
13 22 -0.055678
13 23 -0.158509
13 24 -0.246122
13 25 -0.311718
13 26 -0.351670
13 27 -0.365587
13 28 -0.356084
13 29 -0.327813
13 30 -0.286635
13 31 -0.238430
13 32 -0.188547
13 33 -0.141040
13 34 -0.098765
13 35 -0.063104
13 36 -0.034546
13 37 -0.012591
13 38 0.003506
13 39 0.014942
13 40 0.022660
13 41 0.027775
13 42 0.030931
13 43 0.032908
13 44 0.033983
13 45 0.034645
13 46 0.034916
13 47 0.035113
13 48 0.035121
13 49 0.035174
13 50 0.035090
13 51 0.035054
13 52 0.034831
13 53 0.034543
13 54 0.033868
13 55 0.032794
13 56 0.030826
13 57 0.027698
13 58 0.022621
13 59 0.014966
13 60 0.003604
13 61 -0.012390
13 62 -0.034232
13 63 -0.062649
13 64 -0.098163
13 65 -0.140271
13 66 -0.187619
13 67 -0.237344
13 68 -0.285425
13 69 -0.326519
13 70 -0.354791
13 71 -0.364400
13 72 -0.350745
13 73 -0.311245
13 74 -0.246352
13 75 -0.159757
13 76 -0.058297
13 77 0.049023
13 78 0.152526
13 79 0.243364
13 80 0.315842
13 81 0.366960
13 82 0.399964
13 83 0.417268
13 84 0.430671
13 85 0.439317
13 86 0.460276
13 87 0.478851
13 88 0.515181
13 89 0.541046
13 90 0.573401
13 91 0.592944
13 92 0.588336
13 93 0.597152
13 94 0.524707
13 95 0.532710
13 96 0.385344
13 97 0.365255
13 98 0.256074
13 99 0.000000

14 0 0.000000
14 1 0.175558
14 2 0.360638
14 3 0.362752
14 4 0.526744
14 5 0.525676
14 6 0.595672
14 7 0.589202
14 8 0.588487
14 9 0.567473
14 10 0.532448
14 11 0.507320
14 12 0.472756
14 13 0.457350
14 14 0.438803
14 15 0.430447
14 16 0.413932
14 17 0.389636
14 18 0.346450
14 19 0.283419
14 20 0.199462
14 21 0.099717
14 22 -0.008379
14 23 -0.115093
14 24 -0.210808
14 25 -0.287472
14 26 -0.339798
14 27 -0.365894
14 28 -0.366993
14 29 -0.346989
14 30 -0.311248
14 31 -0.265840
14 32 -0.216343
14 33 -0.167544
14 34 -0.122730
14 35 -0.084058
14 36 -0.052247
14 37 -0.027360
14 38 -0.008573
14 39 0.004949
14 40 0.014459
14 41 0.020793
14 42 0.025011
14 43 0.027599
14 44 0.029281
14 45 0.030202
14 46 0.030833
14 47 0.031097
14 48 0.031326
14 49 0.031326
14 50 0.031360
14 51 0.031167
14 52 0.030945
14 53 0.030357
14 54 0.029491
14 55 0.027866
14 56 0.025352
14 57 0.021211
14 58 0.014973
14 59 0.005558
14 60 -0.007851
14 61 -0.026532
14 62 -0.051301
14 63 -0.083013
14 64 -0.121593
14 65 -0.166355
14 66 -0.215139
14 67 -0.264698
14 68 -0.310250
14 69 -0.346269
14 70 -0.366701
14 71 -0.366238
14 72 -0.341010
14 73 -0.289841
14 74 -0.214644
14 75 -0.120776
14 76 -0.016271
14 77 0.089123
14 78 0.185937
14 79 0.266247
14 80 0.326153
14 81 0.364588
14 82 0.386985
14 83 0.396984
14 84 0.407481
14 85 0.417055
14 86 0.442394
14 87 0.467225
14 88 0.510406
14 89 0.542775
14 90 0.580145
14 91 0.602510
14 92 0.600151
14 93 0.606088
14 94 0.533397
14 95 0.535168
14 96 0.377746
14 97 0.365604
14 98 0.213195
14 99 0.000000

15 0 0.000000
15 1 0.106460
15 2 0.313555
15 3 0.304042
15 4 0.465786
15 5 0.470657
15 6 0.541972
15 7 0.543814
15 8 0.549375
15 9 0.535478
15 10 0.506636
15 11 0.486196
15 12 0.455720
15 13 0.444238
15 14 0.430447
15 15 0.428938
15 16 0.421413
15 17 0.408529
15 18 0.377912
15 19 0.327392
15 20 0.253953
15 21 0.161247
15 22 0.055514
15 23 -0.053799
15 24 -0.156715
15 25 -0.244014
15 26 -0.308999
15 27 -0.348087
15 28 -0.361212
15 29 -0.351099
15 30 -0.322687
15 31 -0.281757
15 32 -0.234321
15 33 -0.185439
15 34 -0.139227
15 35 -0.098164
15 36 -0.063753
15 37 -0.036119
15 38 -0.015009
15 39 0.000650
15 40 0.011694
15 41 0.019393
15 42 0.024430
15 43 0.027812
15 44 0.029849
15 45 0.031234
15 46 0.031963
15 47 0.032515
15 48 0.032702
15 49 0.032888
15 50 0.032783
15 51 0.032680
15 52 0.032209
15 53 0.031568
15 54 0.030267
15 55 0.028323
15 56 0.025023
15 57 0.020078
15 58 0.012454
15 59 0.001489
15 60 -0.014121
15 61 -0.035191
15 62 -0.062833
15 63 -0.097284
15 64 -0.138462
15 65 -0.184858
15 66 -0.234040
15 67 -0.281893
15 68 -0.323410
15 69 -0.352586
15 70 -0.363697
15 71 -0.351817
15 72 -0.314269
15 73 -0.251125
15 74 -0.165984
15 75 -0.065549
15 76 0.041012
15 77 0.143649
15 78 0.233269
15 79 0.303158
15 80 0.351141
15 81 0.377939
15 82 0.390702
15 83 0.393781
15 84 0.400554
15 85 0.408639
15 86 0.434065
15 87 0.459187
15 88 0.501906
15 89 0.532875
15 90 0.567404
15 91 0.585713
15 92 0.580055
15 93 0.579629
15 94 0.506016
15 95 0.501501
15 96 0.341050
15 97 0.338915
15 98 0.154474
15 99 0.000000

16 0 0.000000
16 1 0.029762
16 2 0.243947
16 3 0.219994
16 4 0.371273
16 5 0.379062
16 6 0.449996
16 7 0.460439
16 8 0.474793
16 9 0.471889
16 10 0.454267
16 11 0.443926
16 12 0.422768
16 13 0.419619
16 14 0.413932
16 15 0.421413
16 16 0.424100
16 17 0.423252
16 18 0.405712
16 19 0.368411
16 20 0.306651
16 21 0.222538
16 22 0.121043
16 23 0.010956
16 24 -0.097551
16 25 -0.194491
16 26 -0.271720
16 27 -0.324211
16 28 -0.350265
16 29 -0.351567
16 30 -0.332102
16 31 -0.297544
16 32 -0.253758
16 33 -0.206442
16 34 -0.159958
16 35 -0.117680
16 36 -0.081277
16 37 -0.051671
16 38 -0.028477
16 39 -0.011230
16 40 0.001314
16 41 0.009921
16 42 0.015850
16 43 0.019600
16 44 0.022132
16 45 0.023572
16 46 0.024596
16 47 0.025057
16 48 0.025452
16 49 0.025477
16 50 0.025530
16 51 0.025209
16 52 0.024823
16 53 0.023861
16 54 0.022483
16 55 0.019992
16 56 0.016277
16 57 0.010349
16 58 0.001730
16 59 -0.010880
16 60 -0.028222
16 61 -0.051589
16 62 -0.081422
16 63 -0.118159
16 64 -0.160861
16 65 -0.207917
16 66 -0.255939
16 67 -0.300625
16 68 -0.336265
16 69 -0.357048
16 70 -0.357290
16 71 -0.333050
16 72 -0.282618
16 73 -0.207708
16 74 -0.113283
16 75 -0.007476
16 76 0.099879
16 77 0.198545
16 78 0.280219
16 79 0.339405
16 80 0.375718
16 81 0.391333
16 82 0.394787
16 83 0.390603
16 84 0.392225
16 85 0.395999
16 86 0.417214
16 87 0.437095
16 88 0.472987
16 89 0.496047
16 90 0.521666
16 91 0.531110
16 92 0.518792
16 93 0.510899
16 94 0.437640
16 95 0.429219
16 96 0.274116
16 97 0.285326
16 98 0.082844
16 99 0.000000

17 0 0.000000
17 1 -0.045455
17 2 0.161729
17 3 0.122186
17 4 0.256196
17 5 0.263557
17 6 0.331769
17 7 0.349578
17 8 0.373332
17 9 0.383192
17 10 0.379768
17 11 0.383191
17 12 0.375260
17 13 0.384101
17 14 0.389636
17 15 0.408529
17 16 0.423252
17 17 0.435937
17 18 0.432920
17 19 0.410582
17 20 0.362640
17 21 0.289771
17 22 0.195419
17 23 0.087599
17 24 -0.023786
17 25 -0.128068
17 26 -0.216078
17 27 -0.281159
17 28 -0.320249
17 29 -0.333508
17 30 -0.324191
17 31 -0.297204
17 32 -0.258611
17 33 -0.214032
17 34 -0.168636
17 35 -0.125939
17 36 -0.088563
17 37 -0.057390
17 38 -0.032863
17 39 -0.014167
17 40 -0.000740
17 41 0.008788
17 42 0.015041
17 43 0.019266
17 44 0.021749
17 45 0.023429
17 46 0.024237
17 47 0.024864
17 48 0.025002
17 49 0.025196
17 50 0.024999
17 51 0.024856
17 52 0.024209
17 53 0.023374
17 54 0.021636
17 55 0.019079
17 56 0.014731
17 57 0.008328
17 58 -0.001422
17 59 -0.015116
17 60 -0.034176
17 61 -0.059137
17 62 -0.090871
17 63 -0.128907
17 64 -0.172424
17 65 -0.218772
17 66 -0.264496
17 67 -0.304395
17 68 -0.332901
17 69 -0.343913
17 70 -0.332556
17 71 -0.295526
17 72 -0.232662
17 73 -0.146947
17 74 -0.044978
17 75 0.064180
17 76 0.170035
17 77 0.262682
17 78 0.334643
17 79 0.381901
17 80 0.405654
17 81 0.409398
17 82 0.402613
17 83 0.389691
17 84 0.383771
17 85 0.379855
17 86 0.392476
17 87 0.402074
17 88 0.425785
17 89 0.435846
17 90 0.448153
17 91 0.445628
17 92 0.424821
17 93 0.409655
17 94 0.338581
17 95 0.329128
17 96 0.186881
17 97 0.213268
17 98 0.007394
17 99 0.000000

18 0 0.000000
18 1 -0.112836
18 2 0.075555
18 3 0.020266
18 4 0.131702
18 5 0.134794
18 6 0.196974
18 7 0.218939
18 8 0.250091
18 9 0.271455
18 10 0.282008
18 11 0.299753
18 12 0.306175
18 13 0.328338
18 14 0.346450
18 15 0.377912
18 16 0.405712
18 17 0.432920
18 18 0.445655
18 19 0.439893
18 20 0.408007
18 21 0.349154
18 22 0.265267
18 23 0.163176
18 24 0.052402
18 25 -0.056253
18 26 -0.152562
18 27 -0.228701
18 28 -0.279885
18 29 -0.305107
18 30 -0.306237
18 31 -0.287800
18 32 -0.255238
18 33 -0.214661
18 34 -0.171146
18 35 -0.129169
18 36 -0.091319
18 37 -0.059494
18 38 -0.033852
18 39 -0.014473
18 40 -0.000193
18 41 0.009551
18 42 0.016212
18 43 0.020228
18 44 0.022836
18 45 0.024097
18 46 0.024951
18 47 0.025134
18 48 0.025372
18 49 0.025193
18 50 0.025194
18 51 0.024767
18 52 0.024386
18 53 0.023301
18 54 0.021789
18 55 0.018874
18 56 0.014518
18 57 0.007436
18 58 -0.002780
18 59 -0.017636
18 60 -0.037663
18 61 -0.064085
18 62 -0.096779
18 63 -0.135655
18 64 -0.178765
18 65 -0.223581
18 66 -0.265577
18 67 -0.299722
18 68 -0.319845
18 69 -0.320526
18 70 -0.297160
18 71 -0.247870
18 72 -0.173557
18 73 -0.078957
18 74 0.028266
18 75 0.137960
18 76 0.239597
18 77 0.323601
18 78 0.383776
18 79 0.417449
18 80 0.427494
18 81 0.418360
18 82 0.400299
18 83 0.377211
18 84 0.361832
18 85 0.347776
18 86 0.348981
18 87 0.345384
18 88 0.354236
18 89 0.349201
18 90 0.346927
18 91 0.332306
18 92 0.303795
18 93 0.283638
18 94 0.217720
18 95 0.210971
18 96 0.088075
18 97 0.130679
18 98 -0.065069
18 99 0.000000

19 0 0.000000
19 1 -0.166762
19 2 -0.005391
19 3 -0.074979
19 4 0.010990
19 5 0.006632
19 6 0.059632
19 7 0.081801
19 8 0.116876
19 9 0.146501
19 10 0.168462
19 11 0.198663
19 12 0.218227
19 13 0.253035
19 14 0.283419
19 15 0.327392
19 16 0.368411
19 17 0.410582
19 18 0.439893
19 19 0.452184
19 20 0.438501
19 21 0.396670
19 22 0.326835
19 23 0.234627
19 24 0.128618
19 25 0.019706
19 26 -0.081462
19 27 -0.165687
19 28 -0.227017
19 29 -0.262713
19 30 -0.273768
19 31 -0.263476
19 32 -0.237280
19 33 -0.200749
19 34 -0.159728
19 35 -0.118505
19 36 -0.080775
19 37 -0.048164
19 38 -0.021938
19 39 -0.001598
19 40 0.013002
19 41 0.023313
19 42 0.029805
19 43 0.034000
19 44 0.036106
19 45 0.037376
19 46 0.037629
19 47 0.037844
19 48 0.037546
19 49 0.037528
19 50 0.037127
19 51 0.037002
19 52 0.036336
19 53 0.035616
19 54 0.033828
19 55 0.031174
19 56 0.026353
19 57 0.019194
19 58 0.008116
19 59 -0.007306
19 60 -0.028587
19 61 -0.055817
19 62 -0.089563
19 63 -0.128493
19 64 -0.171042
19 65 -0.213438
19 66 -0.251442
19 67 -0.279124
19 68 -0.290935
19 69 -0.281327
19 70 -0.246998
19 71 -0.186824
19 72 -0.103496
19 73 -0.002822
19 74 0.106108
19 75 0.212786
19 76 0.306545
19 77 0.378764
19 78 0.424425
19 79 0.442503
19 80 0.437254
19 81 0.414061
19 82 0.383577
19 83 0.349160
19 84 0.322969
19 85 0.297414
19 86 0.285934
19 87 0.268289
19 88 0.262003
19 89 0.242369
19 90 0.226770
19 91 0.202148
19 92 0.168430
19 93 0.146609
19 94 0.088901
19 95 0.088258
19 96 -0.010960
19 97 0.047279
19 98 -0.127663
19 99 0.000000

20 0 0.000000
20 1 -0.204179
20 2 -0.074150
20 3 -0.155343
20 4 -0.095352
20 5 -0.109360
20 6 -0.068122
20 7 -0.049874
20 8 -0.015216
20 9 0.017987
20 10 0.046889
20 11 0.085485
20 12 0.114694
20 13 0.159198
20 14 0.199462
20 15 0.253953
20 16 0.306651
20 17 0.362640
20 18 0.408007
20 19 0.438501
20 20 0.444143
20 21 0.421320
20 22 0.368545
20 23 0.289800
20 24 0.192718
20 25 0.087592
20 26 -0.014409
20 27 -0.103453
20 28 -0.171997
20 29 -0.216263
20 30 -0.235573
20 31 -0.232724
20 32 -0.212064
20 33 -0.179552
20 34 -0.140505
20 35 -0.100245
20 36 -0.062101
20 37 -0.028966
20 38 -0.001532
20 39 0.019453
20 40 0.035048
20 41 0.045508
20 42 0.052503
20 43 0.056342
20 44 0.058606
20 45 0.059250
20 46 0.059562
20 47 0.059118
20 48 0.058958
20 49 0.058391
20 50 0.058280
20 51 0.057748
20 52 0.057491
20 53 0.056440
20 54 0.055042
20 55 0.051963
20 56 0.047286
20 57 0.039374
20 58 0.027971
20 59 0.011343
20 60 -0.010696
20 61 -0.039272
20 62 -0.073557
20 63 -0.112919
20 64 -0.154369
20 65 -0.194628
20 66 -0.228264
20 67 -0.249991
20 68 -0.253721
20 69 -0.235107
20 70 -0.191206
20 71 -0.122665
20 72 -0.033098
20 73 0.069998
20 74 0.176981
20 75 0.276709
20 76 0.359171
20 77 0.416543
20 78 0.445505
20 79 0.446408
20 80 0.425056
20 81 0.387376
20 82 0.344416
20 83 0.298733
20 84 0.262010
20 85 0.225487
20 86 0.202327
20 87 0.172260
20 88 0.153208
20 89 0.122034
20 90 0.096724
20 91 0.066078
20 92 0.030978
20 93 0.011409
20 94 -0.035292
20 95 -0.027124
20 96 -0.100660
20 97 -0.028737
20 98 -0.175839
20 99 0.000000

21 0 0.000000
21 1 -0.224178
21 2 -0.126072
21 3 -0.215179
21 4 -0.179409
21 5 -0.203869
21 6 -0.175821
21 7 -0.164874
21 8 -0.134773
21 9 -0.102910
21 10 -0.072247
21 11 -0.030358
21 12 0.003677
21 13 0.053502
21 14 0.099717
21 15 0.161247
21 16 0.222538
21 17 0.289771
21 18 0.349154
21 19 0.396670
21 20 0.421320
21 21 0.418391
21 22 0.384500
21 23 0.322157
21 24 0.237432
21 25 0.140126
21 26 0.041090
21 27 -0.048901
21 28 -0.121599
21 29 -0.171496
21 30 -0.197148
21 31 -0.199772
21 32 -0.183663
21 33 -0.153775
21 34 -0.116218
21 35 -0.075703
21 36 -0.036868
21 37 -0.001977
21 38 0.026814
21 39 0.049690
21 40 0.066265
21 41 0.078077
21 42 0.085354
21 43 0.089953
21 44 0.091947
21 45 0.092996
21 46 0.092763
21 47 0.092618
21 48 0.091862
21 49 0.091633
21 50 0.090981
21 51 0.090857
21 52 0.090101
21 53 0.089434
21 54 0.087447
21 55 0.084520
21 56 0.078937
21 57 0.070690
21 58 0.057856
21 59 0.040289
21 60 0.016383
21 61 -0.013379
21 62 -0.049248
21 63 -0.088952
21 64 -0.130286
21 65 -0.168480
21 66 -0.198864
21 67 -0.215185
21 68 -0.212510
21 69 -0.186386
21 70 -0.135592
21 71 -0.061409
21 72 0.030681
21 73 0.132571
21 74 0.233532
21 75 0.322782
21 76 0.390668
21 77 0.430897
21 78 0.441540
21 79 0.424685
21 80 0.387265
21 81 0.335840
21 82 0.281477
21 83 0.226023
21 84 0.180536
21 85 0.135323
21 86 0.103285
21 87 0.064309
21 88 0.036623
21 89 -0.001446
21 90 -0.031631
21 91 -0.063550
21 92 -0.095948
21 93 -0.109689
21 94 -0.143524
21 95 -0.125087
21 96 -0.173387
21 97 -0.090975
21 98 -0.207125
21 99 0.000000

22 0 0.000000
22 1 -0.227954
22 2 -0.159314
22 3 -0.252169
22 4 -0.237111
22 5 -0.271460
22 6 -0.256696
22 7 -0.255222
22 8 -0.232910
22 9 -0.206712
22 10 -0.179229
22 11 -0.139289
22 12 -0.105689
22 13 -0.055678
22 14 -0.008379
22 15 0.055514
22 16 0.121043
22 17 0.195419
22 18 0.265267
22 19 0.326835
22 20 0.368545
22 21 0.384500
22 22 0.369804
22 23 0.325063
22 24 0.255037
22 25 0.168239
22 26 0.075501
22 27 -0.012462
22 28 -0.086103
22 29 -0.139275
22 30 -0.168745
22 31 -0.175346
22 32 -0.161885
22 33 -0.133754
22 34 -0.096067
22 35 -0.054738
22 36 -0.013616
22 37 0.023436
22 38 0.055228
22 39 0.080244
22 40 0.099432
22 41 0.112623
22 42 0.121731
22 43 0.126858
22 44 0.130006
22 45 0.130969
22 46 0.131487
22 47 0.130926
22 48 0.130740
22 49 0.129954
22 50 0.129794
22 51 0.129027
22 52 0.128651
22 53 0.127180
22 54 0.125295
22 55 0.121206
22 56 0.115191
22 57 0.105182
22 58 0.091173
22 59 0.071177
22 60 0.045477
22 61 0.013050
22 62 -0.024453
22 63 -0.065916
22 64 -0.107326
22 65 -0.144892
22 66 -0.172545
22 67 -0.185215
22 68 -0.177346
22 69 -0.146166
22 70 -0.090678
22 71 -0.014136
22 72 0.077459
22 73 0.174519
22 74 0.266456
22 75 0.342313
22 76 0.393775
22 77 0.415648
22 78 0.407977
22 79 0.374090
22 80 0.322277
22 81 0.259238
22 82 0.196157
22 83 0.133878
22 84 0.082996
22 85 0.032826
22 86 -0.003831
22 87 -0.046985
22 88 -0.078141
22 89 -0.117800
22 90 -0.147700
22 91 -0.176269
22 92 -0.202362
22 93 -0.207618
22 94 -0.227934
22 95 -0.199138
22 96 -0.224709
22 97 -0.135783
22 98 -0.221383
22 99 0.000000

23 0 0.000000
23 1 -0.218203
23 2 -0.174492
23 3 -0.266945
23 4 -0.267983
23 5 -0.310482
23 6 -0.307795
23 7 -0.316485
23 8 -0.303801
23 9 -0.286272
23 10 -0.265832
23 11 -0.232242
23 12 -0.203832
23 13 -0.158509
23 14 -0.115093
23 15 -0.053799
23 16 0.010956
23 17 0.087599
23 18 0.163176
23 19 0.234627
23 20 0.289800
23 21 0.322157
23 22 0.325063
23 23 0.297690
23 24 0.242857
23 25 0.168203
23 26 0.083544
23 27 0.000105
23 28 -0.072487
23 29 -0.126490
23 30 -0.158251
23 31 -0.166789
23 32 -0.155016
23 33 -0.126876
23 34 -0.088446
23 35 -0.044555
23 36 -0.000676
23 37 0.040403
23 38 0.075565
23 39 0.104675
23 40 0.126675
23 41 0.143186
23 42 0.154069
23 43 0.161560
23 44 0.165509
23 45 0.168073
23 46 0.168692
23 47 0.169231
23 48 0.168703
23 49 0.168691
23 50 0.167878
23 51 0.167597
23 52 0.166249
23 53 0.164868
23 54 0.161549
23 55 0.156928
23 56 0.148785
23 57 0.137376
23 58 0.120386
23 59 0.098083
23 60 0.068761
23 61 0.033626
23 62 -0.007273
23 63 -0.050659
23 64 -0.093827
23 65 -0.131131
23 66 -0.157822
23 67 -0.167652
23 68 -0.156748
23 69 -0.122041
23 70 -0.064581
23 71 0.012114
23 72 0.100229
23 73 0.190208
23 74 0.270748
23 75 0.331971
23 76 0.366261
23 77 0.370367
23 78 0.345684
23 79 0.297184
23 80 0.233889
23 81 0.162805
23 82 0.094758
23 83 0.029758
23 84 -0.022304
23 85 -0.072879
23 86 -0.109400
23 87 -0.151691
23 88 -0.181217
23 89 -0.217503
23 90 -0.242650
23 91 -0.264195
23 92 -0.281532
23 93 -0.276968
23 94 -0.284440
23 95 -0.246477
23 96 -0.253346
23 97 -0.162166
23 98 -0.220347
23 99 0.000000

24 0 0.000000
24 1 -0.198509
24 2 -0.174133
24 3 -0.262507
24 4 -0.274609
24 5 -0.322748
24 6 -0.329896
24 7 -0.348062
24 8 -0.345315
24 9 -0.337869
24 10 -0.326768
24 11 -0.302529
24 12 -0.282818
24 13 -0.246122
24 14 -0.210808
24 15 -0.156715
24 16 -0.097551
24 17 -0.023786
24 18 0.052402
24 19 0.128618
24 20 0.192718
24 21 0.237432
24 22 0.255037
24 23 0.242857
24 24 0.202378
24 25 0.139502
24 26 0.063680
24 27 -0.014596
24 28 -0.084683
24 29 -0.138751
24 30 -0.171318
24 31 -0.181343
24 32 -0.169900
24 33 -0.141597
24 34 -0.101031
24 35 -0.054531
24 36 -0.006285
24 37 0.038862
24 38 0.079252
24 39 0.112455
24 40 0.139276
24 41 0.158954
24 42 0.173643
24 43 0.183100
24 44 0.189803
24 45 0.193282
24 46 0.195820
24 47 0.196489
24 48 0.197263
24 49 0.196795
24 50 0.196772
24 51 0.195515
24 52 0.194408
24 53 0.191454
24 54 0.187654
24 55 0.180671
24 56 0.171082
24 57 0.156331
24 58 0.136799
24 59 0.110235
24 60 0.077560
24 61 0.037863
24 62 -0.006249
24 63 -0.053233
24 64 -0.098058
24 65 -0.136653
24 66 -0.162507
24 67 -0.171139
24 68 -0.157780
24 69 -0.121474
24 70 -0.063132
24 71 0.011637
24 72 0.095091
24 73 0.176417
24 74 0.245178
24 75 0.291634
24 76 0.310023
24 77 0.298213
24 78 0.259605
24 79 0.200020
24 80 0.129507
24 81 0.054717
24 82 -0.013692
24 83 -0.076931
24 84 -0.125603
24 85 -0.172096
24 86 -0.203934
24 87 -0.240923
24 88 -0.264532
24 89 -0.293620
24 90 -0.310833
24 91 -0.323129
24 92 -0.330674
24 93 -0.316358
24 94 -0.312801
24 95 -0.267844
24 96 -0.260851
24 97 -0.171458
24 98 -0.207076
24 99 0.000000

25 0 0.000000
25 1 -0.172691
25 2 -0.161910
25 3 -0.243324
25 4 -0.261667
25 5 -0.312605
25 6 -0.326723
25 7 -0.352578
25 8 -0.358743
25 9 -0.361198
25 10 -0.360074
25 11 -0.346469
25 12 -0.337381
25 13 -0.311718
25 14 -0.287472
25 15 -0.244014
25 16 -0.194491
25 17 -0.128068
25 18 -0.056253
25 19 0.019706
25 20 0.087592
25 21 0.140126
25 22 0.168239
25 23 0.168203
25 24 0.139502
25 25 0.087114
25 26 0.018973
25 27 -0.054175
25 28 -0.122232
25 29 -0.175876
25 30 -0.209688
25 31 -0.220603
25 32 -0.210119
25 33 -0.180948
25 34 -0.138959
25 35 -0.088861
25 36 -0.036896
25 37 0.013706
25 38 0.058768
25 39 0.097805
25 40 0.128895
25 41 0.153698
25 42 0.171521
25 43 0.184979
25 44 0.193552
25 45 0.199951
25 46 0.203279
25 47 0.205983
25 48 0.206688
25 49 0.207523
25 50 0.206702
25 51 0.206040
25 52 0.203400
25 53 0.200225
25 54 0.194024
25 55 0.185798
25 56 0.172761
25 57 0.155573
25 58 0.131511
25 59 0.101440
25 60 0.063572
25 61 0.020016
25 62 -0.028884
25 63 -0.078754
25 64 -0.126520
25 65 -0.165746
25 66 -0.191884
25 67 -0.198892
25 68 -0.184225
25 69 -0.146249
25 70 -0.088206
25 71 -0.015423
25 72 0.062590
25 73 0.135751
25 74 0.193132
25 75 0.226658
25 76 0.231323
25 77 0.207091
25 78 0.158364
25 79 0.092322
25 80 0.019169
25 81 -0.054510
25 82 -0.118827
25 83 -0.175933
25 84 -0.217249
25 85 -0.255829
25 86 -0.279495
25 87 -0.307917
25 88 -0.322791
25 89 -0.342395
25 90 -0.350141
25 91 -0.352533
25 92 -0.350676
25 93 -0.327882
25 94 -0.315929
25 95 -0.266698
25 96 -0.250828
25 97 -0.166634
25 98 -0.185280
25 99 0.000000

26 0 0.000000
26 1 -0.144277
26 2 -0.141896
26 3 -0.214439
26 4 -0.234867
26 5 -0.285865
26 6 -0.303904
26 7 -0.335024
26 8 -0.348090
26 9 -0.359014
26 10 -0.367002
26 11 -0.363741
26 12 -0.365498
26 13 -0.351670
26 14 -0.339798
26 15 -0.308999
26 16 -0.271720
26 17 -0.216078
26 18 -0.152562
26 19 -0.081462
26 20 -0.014409
26 21 0.041090
26 22 0.075501
26 23 0.083544
26 24 0.063680
26 25 0.018973
26 26 -0.043058
26 27 -0.112923
26 28 -0.179639
26 29 -0.234361
26 30 -0.269755
26 31 -0.283127
26 32 -0.273770
26 33 -0.245403
26 34 -0.201869
26 35 -0.149791
26 36 -0.093519
26 37 -0.038911
26 38 0.011935
26 39 0.055507
26 40 0.092416
26 41 0.121089
26 42 0.143882
26 43 0.160013
26 44 0.172442
26 45 0.180288
26 46 0.186433
26 47 0.189532
26 48 0.192163
26 49 0.192502
26 50 0.192793
26 51 0.190801
26 52 0.188409
26 53 0.183004
26 54 0.176030
26 55 0.164530
26 56 0.149523
26 57 0.127940
26 58 0.100731
26 59 0.065400
26 60 0.023713
26 61 -0.025108
26 62 -0.077347
26 63 -0.131090
26 64 -0.180279
26 65 -0.220763
26 66 -0.245734
26 67 -0.251558
26 68 -0.234363
26 69 -0.195077
26 70 -0.136284
26 71 -0.065551
26 72 0.008347
26 73 0.074160
26 74 0.122452
26 75 0.145329
26 76 0.139923
