0 0 0.000000
0 1 0.000000
0 2 0.000000
0 3 0.000000
0 4 0.000000
0 5 0.000000
0 6 0.000000
0 7 0.000000
0 8 0.000000
0 9 0.000000
0 10 0.000000
0 11 0.000000
0 12 0.000000
0 13 0.000000
0 14 0.000000
0 15 0.000000
0 16 0.000000
0 17 0.000000
0 18 0.000000
0 19 0.000000
0 20 0.000000
0 21 0.000000
0 22 0.000000
0 23 0.000000
0 24 0.000000
0 25 0.000000
0 26 0.000000
0 27 0.000000
0 28 0.000000
0 29 0.000000
0 30 0.000000
0 31 0.000000
0 32 0.000000
0 33 0.000000
0 34 0.000000
0 35 0.000000
0 36 0.000000
0 37 0.000000
0 38 0.000000
0 39 0.000000
0 40 0.000000
0 41 0.000000
0 42 0.000000
0 43 0.000000
0 44 0.000000
0 45 0.000000
0 46 0.000000
0 47 0.000000
0 48 0.000000
0 49 0.000000
0 50 0.000000
0 51 0.000000
0 52 0.000000
0 53 0.000000
0 54 0.000000
0 55 0.000000
0 56 0.000000
0 57 0.000000
0 58 0.000000
0 59 0.000000
0 60 0.000000
0 61 0.000000
0 62 0.000000
0 63 0.000000
0 64 0.000000
0 65 0.000000
0 66 0.000000
0 67 0.000000
0 68 0.000000
0 69 0.000000
0 70 0.000000
0 71 0.000000
0 72 0.000000
0 73 0.000000
0 74 0.000000
0 75 0.000000
0 76 0.000000
0 77 0.000000
0 78 0.000000
0 79 0.000000
0 80 0.000000
0 81 0.000000
0 82 0.000000
0 83 0.000000
0 84 0.000000
0 85 0.000000
0 86 0.000000
0 87 0.000000
0 88 0.000000
0 89 0.000000
0 90 0.000000
0 91 0.000000
0 92 0.000000
0 93 0.000000
0 94 0.000000
0 95 0.000000
0 96 0.000000
0 97 0.000000
0 98 0.000000
0 99 0.000000

1 0 0.000000
1 1 0.000307
1 2 0.000027
1 3 0.000205
1 4 0.000085
1 5 0.000039
1 6 0.000068
1 7 -0.000211
1 8 -0.000196
1 9 -0.000706
1 10 -0.001012
1 11 -0.001881
1 12 -0.002967
1 13 -0.004589
1 14 -0.007093
1 15 -0.010210
1 16 -0.014948
1 17 -0.020516
1 18 -0.028249
1 19 -0.036942
1 20 -0.047735
1 21 -0.059042
1 22 -0.071313
1 23 -0.082561
1 24 -0.092333
1 25 -0.098388
1 26 -0.099685
1 27 -0.094319
1 28 -0.081594
1 29 -0.060935
1 30 -0.033141
1 31 0.000242
1 32 0.036433
1 33 0.072037
1 34 0.103196
1 35 0.126342
1 36 0.138665
1 37 0.138778
1 38 0.126998
1 39 0.105500
1 40 0.077956
1 41 0.048962
1 42 0.023074
1 43 0.003921
1 44 -0.006644
1 45 -0.008839
1 46 -0.004857
1 47 0.001900
1 48 0.007785
1 49 0.010086
1 50 0.007769
1 51 0.001868
1 52 -0.004904
1 53 -0.008900
1 54 -0.006721
1 55 0.003830
1 56 0.022969
1 57 0.048842
1 58 0.077822
1 59 0.105355
1 60 0.126844
1 61 0.138617
1 62 0.138501
1 63 0.126172
1 64 0.103030
1 65 0.071860
1 66 0.036269
1 67 0.000055
1 68 -0.033294
1 69 -0.061137
1 70 -0.081721
1 71 -0.094547
1 72 -0.099766
1 73 -0.098656
1 74 -0.092344
1 75 -0.082883
1 76 -0.071239
1 77 -0.059421
1 78 -0.047577
1 79 -0.037363
1 80 -0.028035
1 81 -0.020931
1 82 -0.014742
1 83 -0.010549
1 84 -0.006972
1 85 -0.004783
1 86 -0.002988
1 87 -0.001897
1 88 -0.001179
1 89 -0.000582
1 90 -0.000436
1 91 -0.000053
1 92 -0.000124
1 93 0.000100
1 94 0.000056
1 95 0.000085
1 96 0.000195
1 97 0.000023
1 98 0.000287
1 99 0.000000

2 0 0.000000
2 1 0.000027
2 2 -0.000183
2 3 -0.000060
2 4 -0.000340
2 5 -0.000268
2 6 -0.000546
2 7 -0.000685
2 8 -0.000998
2 9 -0.001524
2 10 -0.002104
2 11 -0.003287
2 12 -0.004616
2 13 -0.006912
2 14 -0.009714
2 15 -0.013803
2 16 -0.018906
2 17 -0.025475
2 18 -0.033370
2 19 -0.042451
2 20 -0.052413
2 21 -0.062349
2 22 -0.071469
2 23 -0.078145
2 24 -0.081106
2 25 -0.078482
2 26 -0.069113
2 27 -0.051903
2 28 -0.026935
2 29 0.004924
2 30 0.041393
2 31 0.079228
2 32 0.114288
2 33 0.142235
2 34 0.159125
2 35 0.162156
2 36 0.150277
2 37 0.124496
2 38 0.087969
2 39 0.045546
2 40 0.003138
2 41 -0.033377
2 42 -0.059122
2 43 -0.071315
2 44 -0.069748
2 45 -0.057013
2 46 -0.037833
2 47 -0.018148
2 48 -0.003588
2 49 0.001737
2 50 -0.003612
2 51 -0.018195
2 52 -0.037900
2 53 -0.057100
2 54 -0.069853
2 55 -0.071439
2 56 -0.059265
2 57 -0.033541
2 58 0.002955
2 59 0.045344
2 60 0.087754
2 61 0.124267
2 62 0.150043
2 63 0.161913
2 64 0.158884
2 65 0.141984
2 66 0.114049
2 67 0.078970
2 68 0.041161
2 69 0.004659
2 70 -0.027151
2 71 -0.052178
2 72 -0.069303
2 73 -0.078763
2 74 -0.081263
2 75 -0.078427
2 76 -0.071596
2 77 -0.062614
2 78 -0.052527
2 79 -0.042671
2 80 -0.033500
2 81 -0.025620
2 82 -0.019082
2 83 -0.013851
2 84 -0.009946
2 85 -0.006875
2 86 -0.004879
2 87 -0.003212
2 88 -0.002337
2 89 -0.001490
2 90 -0.001130
2 91 -0.000756
2 92 -0.000541
2 93 -0.000458
2 94 -0.000225
2 95 -0.000308
2 96 -0.000055
2 97 -0.000173
2 98 0.000021
2 99 0.000000

3 0 0.000000
3 1 0.000205
3 2 -0.000060
3 3 0.000073
3 4 -0.000111
3 5 -0.000179
3 6 -0.000301
3 7 -0.000657
3 8 -0.000910
3 9 -0.001686
3 10 -0.002485
3 11 -0.004016
3 12 -0.006051
3 13 -0.009020
3 14 -0.013262
3 15 -0.018716
3 16 -0.026278
3 17 -0.035308
3 18 -0.046889
3 19 -0.059718
3 20 -0.074463
3 21 -0.089059
3 22 -0.103245
3 23 -0.114266
3 24 -0.120931
3 25 -0.120351
3 26 -0.111220
3 27 -0.091739
3 28 -0.062003
3 29 -0.022773
3 30 0.023154
3 31 0.071943
3 32 0.118416
3 33 0.157238
3 34 0.183354
3 35 0.193194
3 36 0.185150
3 37 0.160238
3 38 0.121916
3 39 0.075832
3 40 0.028762
3 41 -0.012363
3 42 -0.041918
3 43 -0.056493
3 44 -0.055791
3 45 -0.042505
3 46 -0.021931
3 47 -0.000552
3 48 0.015286
3 49 0.021118
3 50 0.015246
3 51 -0.000628
3 52 -0.022043
3 53 -0.042649
3 54 -0.055967
3 55 -0.056700
3 56 -0.042157
3 57 -0.012633
3 58 0.028460
3 59 0.075502
3 60 0.121562
3 61 0.159864
3 62 0.184763
3 63 0.192793
3 64 0.182952
3 65 0.156820
3 66 0.118013
3 67 0.071510
3 68 0.022763
3 69 -0.023222
3 70 -0.062363
3 71 -0.092212
3 72 -0.111524
3 73 -0.120855
3 74 -0.121153
3 75 -0.114806
3 76 -0.103370
3 77 -0.089628
3 78 -0.074494
3 79 -0.060292
3 80 -0.046860
3 81 -0.035838
3 82 -0.026248
3 83 -0.019139
3 84 -0.013296
3 85 -0.009283
3 86 -0.006189
3 87 -0.004108
3 88 -0.002716
3 89 -0.001658
3 90 -0.001163
3 91 -0.000608
3 92 -0.000477
3 93 -0.000212
3 94 -0.000134
3 95 -0.000094
3 96 0.000069
3 97 -0.000061
3 98 0.000187
3 99 0.000000

4 0 0.000000
4 1 0.000085
4 2 -0.000340
4 3 -0.000111
4 4 -0.000625
4 5 -0.000538
4 6 -0.001019
4 7 -0.001348
4 8 -0.001890
4 9 -0.002929
4 10 -0.003972
4 11 -0.006169
4 12 -0.008567
4 13 -0.012698
4 14 -0.017684
4 15 -0.024874
4 16 -0.033788
4 17 -0.045108
4 18 -0.058621
4 19 -0.073958
4 20 -0.090649
4 21 -0.107049
4 22 -0.121907
4 23 -0.132455
4 24 -0.136707
4 25 -0.131626
4 26 -0.115501
4 27 -0.086689
4 28 -0.045547
4 29 0.006350
4 30 0.065177
4 31 0.125675
4 32 0.181260
4 33 0.225160
4 34 0.251372
4 35 0.255776
4 36 0.237067
4 37 0.197114
4 38 0.141040
4 39 0.076370
4 40 0.012077
4 41 -0.043160
4 42 -0.082284
4 43 -0.101449
4 44 -0.100535
4 45 -0.083450
4 46 -0.057008
4 47 -0.029699
4 48 -0.009449
4 49 -0.002054
4 50 -0.009505
4 51 -0.029809
4 52 -0.057168
4 53 -0.083659
4 54 -0.100790
4 55 -0.101750
4 56 -0.082631
4 57 -0.043555
4 58 0.011639
4 59 0.075889
4 60 0.140525
4 61 0.196567
4 62 0.236501
4 63 0.255186
4 64 0.250778
4 65 0.224542
4 66 0.180656
4 67 0.125038
4 68 0.064581
4 69 0.005694
4 70 -0.046116
4 71 -0.087361
4 72 -0.116020
4 73 -0.132309
4 74 -0.137159
4 75 -0.133134
4 76 -0.122292
4 77 -0.107692
4 78 -0.090993
4 79 -0.074517
4 80 -0.058973
4 81 -0.045520
4 82 -0.034204
4 83 -0.025094
4 84 -0.018192
4 85 -0.012733
4 86 -0.009133
4 87 -0.006098
4 88 -0.004493
4 89 -0.002889
4 90 -0.002236
4 91 -0.001472
4 92 -0.001102
4 93 -0.000876
4 94 -0.000473
4 95 -0.000580
4 96 -0.000111
4 97 -0.000328
4 98 0.000067
4 99 0.000000

5 0 0.000000
5 1 0.000039
5 2 -0.000268
5 3 -0.000179
5 4 -0.000538
5 5 -0.000618
5 6 -0.001023
5 7 -0.001487
5 8 -0.002146
5 9 -0.003305
5 10 -0.004763
5 11 -0.007189
5 12 -0.010410
5 13 -0.015100
5 14 -0.021462
5 15 -0.029805
5 16 -0.040783
5 17 -0.054024
5 18 -0.070274
5 19 -0.088178
5 20 -0.107899
5 21 -0.126880
5 22 -0.144149
5 23 -0.156116
5 24 -0.160832
5 25 -0.154639
5 26 -0.135882
5 27 -0.102681
5 28 -0.055760
5 29 0.003023
5 30 0.069067
5 31 0.136429
5 32 0.197571
5 33 0.245089
5 34 0.272360
5 35 0.275211
5 36 0.252464
5 37 0.206733
5 38 0.143924
5 39 0.072738
5 40 0.002994
5 41 -0.055721
5 42 -0.096099
5 43 -0.114140
5 44 -0.110286
5 45 -0.088968
5 46 -0.058036
5 47 -0.026679
5 48 -0.003744
5 49 0.004656
5 50 -0.003824
5 51 -0.026836
5 52 -0.058268
5 53 -0.089269
5 54 -0.110657
5 55 -0.114578
5 56 -0.096605
5 57 -0.056293
5 58 0.002358
5 59 0.072043
5 60 0.143176
5 61 0.205941
5 62 0.251637
5 63 0.274350
5 64 0.271483
5 65 0.244182
5 66 0.196673
5 67 0.135487
5 68 0.068173
5 69 0.002054
5 70 -0.056621
5 71 -0.103675
5 72 -0.136674
5 73 -0.155654
5 74 -0.161521
5 75 -0.157142
5 76 -0.144717
5 77 -0.127893
5 78 -0.108354
5 79 -0.089135
5 80 -0.070654
5 81 -0.054863
5 82 -0.041145
5 83 -0.030466
5 84 -0.021857
5 85 -0.015554
5 86 -0.010850
5 87 -0.007463
5 88 -0.005201
5 89 -0.003484
5 90 -0.002500
5 91 -0.001674
5 92 -0.001216
5 93 -0.000883
5 94 -0.000557
5 95 -0.000513
5 96 -0.000187
5 97 -0.000271
5 98 0.000017
5 99 0.000000

6 0 0.000000
6 1 0.000068
6 2 -0.000546
6 3 -0.000301
6 4 -0.001019
6 5 -0.001023
6 6 -0.001706
6 7 -0.002327
6 8 -0.003157
6 9 -0.004800
6 10 -0.006424
6 11 -0.009716
6 12 -0.013319
6 13 -0.019322
6 14 -0.026549
6 15 -0.036736
6 16 -0.049258
6 17 -0.064872
6 18 -0.083281
6 19 -0.103802
6 20 -0.125775
6 21 -0.146856
6 22 -0.165394
6 23 -0.177693
6 24 -0.181269
6 25 -0.172296
6 26 -0.148858
6 27 -0.109171
6 28 -0.054135
6 29 0.013827
6 30 0.089475
6 31 0.165907
6 32 0.234757
6 33 0.287652
6 34 0.317438
6 35 0.319482
6 36 0.292800
6 37 0.240315
6 38 0.168880
6 39 0.088028
6 40 0.008795
6 41 -0.058506
6 42 -0.105719
6 43 -0.128735
6 44 -0.127818
6 45 -0.107929
6 46 -0.077192
6 47 -0.045569
6 48 -0.022166
6 49 -0.013657
6 50 -0.022274
6 51 -0.045784
6 52 -0.077509
6 53 -0.108346
6 54 -0.128331
6 55 -0.129345
6 56 -0.106420
6 57 -0.059301
6 58 0.007914
6 59 0.087063
6 60 0.167844
6 61 0.239209
6 62 0.291646
6 63 0.318273
6 64 0.316205
6 65 0.286369
6 66 0.233479
6 67 0.164570
6 68 0.088186
6 69 0.012449
6 70 -0.055397
6 71 -0.110577
6 72 -0.150054
6 73 -0.173714
6 74 -0.182363
6 75 -0.179094
6 76 -0.166376
6 77 -0.148190
6 78 -0.126667
6 79 -0.104995
6 80 -0.084143
6 81 -0.065835
6 82 -0.050161
6 83 -0.037399
6 84 -0.027535
6 85 -0.019680
6 86 -0.014350
6 87 -0.009865
6 88 -0.007374
6 89 -0.004919
6 90 -0.003851
6 91 -0.002604
6 92 -0.002018
6 93 -0.001547
6 94 -0.000969
6 95 -0.000994
6 96 -0.000331
6 97 -0.000552
6 98 0.000025
6 99 0.000000

7 0 0.000000
7 1 -0.000211
7 2 -0.000685
7 3 -0.000657
7 4 -0.001348
7 5 -0.001487
7 6 -0.002327
7 7 -0.003016
7 8 -0.004234
7 9 -0.005975
7 10 -0.008259
7 11 -0.011845
7 12 -0.016458
7 13 -0.023162
7 14 -0.031866
7 15 -0.043344
7 16 -0.057891
7 17 -0.075417
7 18 -0.096278
7 19 -0.119044
7 20 -0.143412
7 21 -0.166351
7 22 -0.186325
7 23 -0.199028
7 24 -0.201992
7 25 -0.190974
7 26 -0.164199
7 27 -0.119805
7 28 -0.059146
7 29 0.015049
7 30 0.096794
7 31 0.178677
7 32 0.251539
7 33 0.306648
7 34 0.336370
7 35 0.336204
7 36 0.305230
7 37 0.247071
7 38 0.169069
7 39 0.081721
7 40 -0.003475
7 41 -0.075471
7 42 -0.126100
7 43 -0.151010
7 44 -0.150940
7 45 -0.130930
7 46 -0.099760
7 47 -0.067452
7 48 -0.043658
7 49 -0.034916
7 50 -0.043803
7 51 -0.067741
7 52 -0.100189
7 53 -0.131495
7 54 -0.151640
7 55 -0.151839
7 56 -0.127060
7 57 -0.076554
7 58 -0.004680
7 59 0.080406
7 60 0.167650
7 61 0.245560
7 62 0.303640
7 63 0.334540
7 64 0.334658
7 65 0.304870
7 66 0.249749
7 67 0.176814
7 68 0.094972
7 69 0.013122
7 70 -0.060952
7 71 -0.121776
7 72 -0.165931
7 73 -0.192964
7 74 -0.203601
7 75 -0.201006
7 76 -0.187781
7 77 -0.168264
7 78 -0.144718
7 79 -0.120819
7 80 -0.097476
7 81 -0.076967
7 82 -0.059036
7 83 -0.044598
7 84 -0.032995
7 85 -0.024106
7 86 -0.017545
7 87 -0.012550
7 88 -0.009212
7 89 -0.006574
7 90 -0.004934
7 91 -0.003642
7 92 -0.002707
7 93 -0.002189
7 94 -0.001461
7 95 -0.001357
7 96 -0.000709
7 97 -0.000716
7 98 -0.000261
7 99 0.000000

8 0 0.000000
8 1 -0.000196
8 2 -0.000998
8 3 -0.000910
8 4 -0.001890
8 5 -0.002146
8 6 -0.003157
8 7 -0.004234
8 8 -0.005554
8 9 -0.007987
8 10 -0.010460
8 11 -0.015069
8 12 -0.020180
8 13 -0.028294
8 14 -0.038022
8 15 -0.051363
8 16 -0.067553
8 17 -0.087337
8 18 -0.110285
8 19 -0.135370
8 20 -0.161703
8 21 -0.186315
8 22 -0.207210
8 23 -0.219970
8 24 -0.221809
8 25 -0.208428
8 26 -0.177968
8 27 -0.128774
8 28 -0.062399
8 29 0.017917
8 30 0.105804
8 31 0.193197
8 32 0.270612
8 33 0.328788
8 34 0.360072
8 35 0.359745
8 36 0.327271
8 37 0.266351
8 38 0.184957
8 39 0.093706
8 40 0.004663
8 41 -0.071242
8 42 -0.125501
8 43 -0.154101
8 44 -0.157488
8 45 -0.140978
8 46 -0.112843
8 47 -0.083183
8 48 -0.061001
8 49 -0.052959
8 50 -0.061189
8 51 -0.083558
8 52 -0.113400
8 53 -0.141717
8 54 -0.158402
8 55 -0.155191
8 56 -0.126759
8 57 -0.072667
8 58 0.003083
8 59 0.091973
8 60 0.183090
8 61 0.264351
8 62 0.325167
8 63 0.357528
8 64 0.357786
8 65 0.326402
8 66 0.268200
8 67 0.190680
8 68 0.103323
8 69 0.015302
8 70 -0.064887
8 71 -0.131455
8 72 -0.180397
8 73 -0.211137
8 74 -0.224117
8 75 -0.222653
8 76 -0.209364
8 77 -0.188895
8 78 -0.163712
8 79 -0.137739
8 80 -0.112201
8 81 -0.089372
8 82 -0.069449
8 83 -0.052963
8 84 -0.039937
8 85 -0.029441
8 86 -0.022067
8 87 -0.015864
8 88 -0.012170
8 89 -0.008636
8 90 -0.006882
8 91 -0.004962
8 92 -0.003957
8 93 -0.003071
8 94 -0.002185
8 95 -0.001955
8 96 -0.001024
8 97 -0.001063
8 98 -0.000293
8 99 0.000000

9 0 0.000000
9 1 -0.000706
9 2 -0.001524
9 3 -0.001686
9 4 -0.002929
9 5 -0.003305
9 6 -0.004800
9 7 -0.005975
9 8 -0.007987
9 9 -0.010644
9 10 -0.014037
9 11 -0.019170
9 12 -0.025507
9 13 -0.034613
9 14 -0.045982
9 15 -0.060872
9 16 -0.079142
9 17 -0.100935
9 18 -0.126190
9 19 -0.153341
9 20 -0.181666
9 21 -0.207680
9 22 -0.229443
9 23 -0.242090
9 24 -0.242924
9 25 -0.227388
9 26 -0.193899
9 27 -0.140812
9 28 -0.070195
9 29 0.014505
9 30 0.106299
9 31 0.196946
9 32 0.276462
9 33 0.335662
9 34 0.366657
9 35 0.365125
9 36 0.330508
9 37 0.267082
9 38 0.182774
9 39 0.088675
9 40 -0.003465
9 41 -0.082483
9 42 -0.140424
9 43 -0.173057
9 44 -0.181228
9 45 -0.169640
9 46 -0.146522
9 47 -0.120944
9 48 -0.101707
9 49 -0.094577
9 50 -0.101945
9 51 -0.121418
9 52 -0.147233
9 53 -0.170581
9 54 -0.182399
9 55 -0.174450
9 56 -0.142039
9 57 -0.084308
9 58 -0.005498
9 59 0.086449
9 60 0.180363
9 61 0.264503
9 62 0.327776
9 63 0.362247
9 64 0.363664
9 65 0.332540
9 66 0.273276
9 67 0.193629
9 68 0.102990
9 69 0.011037
9 70 -0.073551
9 71 -0.144388
9 72 -0.197217
9 73 -0.231020
9 74 -0.246127
9 75 -0.245712
9 76 -0.232474
9 77 -0.211200
9 78 -0.184514
9 79 -0.156640
9 80 -0.128885
9 81 -0.103882
9 82 -0.081730
9 83 -0.063366
9 84 -0.048477
9 85 -0.036637
9 86 -0.027843
9 87 -0.020823
9 88 -0.016061
9 89 -0.012110
9 90 -0.009526
9 91 -0.007429
9 92 -0.005772
9 93 -0.004797
9 94 -0.003434
9 95 -0.003075
9 96 -0.001869
9 97 -0.001643
9 98 -0.000838
9 99 0.000000

10 0 0.000000
10 1 -0.001012
10 2 -0.002104
10 3 -0.002485
10 4 -0.003972
10 5 -0.004763
10 6 -0.006424
10 7 -0.008259
10 8 -0.010460
10 9 -0.014037
10 10 -0.017809
10 11 -0.024153
10 12 -0.031250
10 13 -0.041919
10 14 -0.054570
10 15 -0.071399
10 16 -0.091455
10 17 -0.115429
10 18 -0.142679
10 19 -0.171839
10 20 -0.201761
10 21 -0.228934
10 22 -0.251105
10 23 -0.263354
10 24 -0.262822
10 25 -0.245055
10 26 -0.208519
10 27 -0.151928
10 28 -0.077551
10 29 0.010660
10 30 0.105571
10 31 0.198517
10 32 0.279650
10 33 0.339599
10 34 0.370936
10 35 0.369314
10 36 0.334763
10 37 0.271413
10 38 0.187585
10 39 0.093822
10 40 0.001905
10 41 -0.077914
10 42 -0.137729
10 43 -0.174064
10 44 -0.187273
10 45 -0.182094
10 46 -0.165438
10 47 -0.145816
10 48 -0.130473
10 49 -0.124926
10 50 -0.130763
10 51 -0.146396
10 52 -0.166305
10 53 -0.183248
10 54 -0.188707
10 55 -0.175779
10 56 -0.139714
10 57 -0.080169
10 58 -0.000601
10 59 0.091065
10 60 0.184602
10 61 0.268201
10 62 0.331358
10 63 0.365704
10 64 0.367177
10 65 0.335653
10 66 0.275611
10 67 0.194291
10 68 0.101332
10 69 0.006210
10 70 -0.081899
10 71 -0.156547
10 72 -0.212878
10 73 -0.249775
10 74 -0.267096
10 75 -0.268086
10 76 -0.255228
10 77 -0.233558
10 78 -0.205710
10 79 -0.176201
10 80 -0.146484
10 81 -0.119352
10 82 -0.095166
10 83 -0.074739
10 84 -0.058203
10 85 -0.044629
10 86 -0.034726
10 87 -0.026329
10 88 -0.020937
10 89 -0.015897
10 90 -0.013001
10 91 -0.010044
10 92 -0.008217
10 93 -0.006595
10 94 -0.005058
10 95 -0.004266
10 96 -0.002801
10 97 -0.002313
10 98 -0.001233
10 99 0.000000

11 0 0.000000
11 1 -0.001881
11 2 -0.003287
11 3 -0.004016
11 4 -0.006169
11 5 -0.007189
11 6 -0.009716
11 7 -0.011845
11 8 -0.015069
11 9 -0.019170
11 10 -0.024153
11 11 -0.031400
11 12 -0.039992
11 13 -0.052042
11 14 -0.066558
11 15 -0.085242
11 16 -0.107485
11 17 -0.133573
11 18 -0.163028
11 19 -0.194075
11 20 -0.225628
11 21 -0.253767
11 22 -0.276309
11 23 -0.288005
11 24 -0.286215
11 25 -0.266354
11 26 -0.227333
11 27 -0.167935
11 28 -0.091027
11 29 -0.000637
11 30 0.095588
11 31 0.189173
11 32 0.270049
11 33 0.329417
11 34 0.359875
11 35 0.357841
11 36 0.323284
11 37 0.260881
11 38 0.178394
11 39 0.086391
11 40 -0.004500
11 41 -0.084326
11 42 -0.146412
11 43 -0.187148
11 44 -0.207349
11 45 -0.210509
11 46 -0.202935
11 47 -0.191069
11 48 -0.181333
11 49 -0.177592
11 50 -0.181676
11 51 -0.191754
11 52 -0.203964
11 53 -0.211876
11 54 -0.209058
11 55 -0.189188
11 56 -0.148785
11 57 -0.087016
11 58 -0.007506
11 59 0.083088
11 60 0.174797
11 61 0.257010
11 62 0.319151
11 63 0.353457
11 64 0.355273
11 65 0.324581
11 66 0.265057
11 67 0.183948
11 68 0.090294
11 69 -0.006190
11 70 -0.096521
11 71 -0.173748
11 72 -0.232914
11 73 -0.272346
11 74 -0.291769
11 75 -0.294072
11 76 -0.281747
11 77 -0.259766
11 78 -0.230905
11 79 -0.199826
11 80 -0.168146
11 81 -0.138878
11 82 -0.112461
11 83 -0.089941
11 84 -0.071367
11 85 -0.056083
11 86 -0.044509
11 87 -0.034882
11 88 -0.028148
11 89 -0.022306
11 90 -0.018288
11 91 -0.014846
11 92 -0.012030
11 93 -0.010108
11 94 -0.007703
11 95 -0.006650
11 96 -0.004497
11 97 -0.003612
11 98 -0.002201
11 99 0.000000

12 0 0.000000
12 1 -0.002967
12 2 -0.004616
12 3 -0.006051
12 4 -0.008567
12 5 -0.010410
12 6 -0.013319
12 7 -0.016458
12 8 -0.020180
12 9 -0.025507
12 10 -0.031250
12 11 -0.039992
12 12 -0.049746
12 13 -0.063610
12 14 -0.079753
12 15 -0.100541
12 16 -0.124754
12 17 -0.153012
12 18 -0.184389
12 19 -0.217184
12 20 -0.249969
12 21 -0.278785
12 22 -0.301223
12 23 -0.312077
12 24 -0.308655
12 25 -0.286658
12 26 -0.245136
12 27 -0.183386
12 28 -0.104446
12 29 -0.012869
12 30 0.083793
12 31 0.176808
12 32 0.256684
12 33 0.314706
12 34 0.344407
12 35 0.342325
12 36 0.309260
12 37 0.249503
12 38 0.171029
12 39 0.083185
12 40 -0.003835
12 41 -0.081779
12 42 -0.144323
12 43 -0.189034
12 44 -0.215962
12 45 -0.228444
12 46 -0.230640
12 47 -0.227901
12 48 -0.224201
12 49 -0.222882
12 50 -0.224587
12 51 -0.228675
12 52 -0.231800
12 53 -0.229995
12 54 -0.217896
12 55 -0.191355
12 56 -0.147019
12 57 -0.084852
12 58 -0.007267
12 59 0.079390
12 60 0.166897
12 61 0.245025
12 62 0.304476
12 63 0.337212
12 64 0.339029
12 65 0.309013
12 66 0.250789
12 67 0.170598
12 68 0.077470
12 69 -0.019535
12 70 -0.111089
12 71 -0.190436
12 72 -0.251978
12 73 -0.293999
12 74 -0.315569
12 75 -0.319585
12 76 -0.308104
12 77 -0.286292
12 78 -0.256756
12 79 -0.224470
12 80 -0.191069
12 81 -0.159832
12 82 -0.131334
12 83 -0.106681
12 84 -0.086193
12 85 -0.068968
12 86 -0.055900
12 87 -0.044632
12 88 -0.036852
12 89 -0.029636
12 90 -0.024918
12 91 -0.020305
12 92 -0.016998
12 93 -0.014067
12 94 -0.011252
12 95 -0.009340
12 96 -0.006781
12 97 -0.005119
12 98 -0.003450
12 99 0.000000

13 0 0.000000
13 1 -0.004589
13 2 -0.006912
13 3 -0.009020
13 4 -0.012698
13 5 -0.015100
13 6 -0.019322
13 7 -0.023162
13 8 -0.028294
13 9 -0.034613
13 10 -0.041919
13 11 -0.052042
13 12 -0.063610
13 13 -0.079280
13 14 -0.097537
13 15 -0.120460
13 16 -0.146962
13 17 -0.177379
13 18 -0.210824
13 19 -0.245249
13 20 -0.279257
13 21 -0.308525
13 22 -0.330784
13 23 -0.340579
13 24 -0.335588
13 25 -0.311473
13 26 -0.267907
13 27 -0.204277
13 28 -0.124320
13 29 -0.032528
13 30 0.063093
13 31 0.154342
13 32 0.231711
13 33 0.287533
13 34 0.315580
13 35 0.313553
13 36 0.282147
13 37 0.226270
13 38 0.152865
13 39 0.071000
13 40 -0.011057
13 41 -0.085728
13 42 -0.148569
13 43 -0.197015
13 44 -0.231740
13 45 -0.254285
13 46 -0.267925
13 47 -0.275104
13 48 -0.278660
13 49 -0.279655
13 50 -0.279077
13 51 -0.275938
13 52 -0.269181
13 53 -0.255959
13 54 -0.233840
13 55 -0.199532
13 56 -0.151510
13 57 -0.089078
13 58 -0.014822
13 59 0.066837
13 60 0.148300
13 61 0.221318
13 62 0.276812
13 63 0.307841
13 64 0.309521
13 65 0.281103
13 66 0.224992
13 67 0.147244
13 68 0.055796
13 69 -0.040239
13 70 -0.132091
13 71 -0.212534
13 72 -0.276028
13 73 -0.320180
13 74 -0.343927
13 75 -0.349604
13 76 -0.339221
13 77 -0.317680
13 78 -0.287711
13 79 -0.254285
13 80 -0.219255
13 81 -0.186018
13 82 -0.155341
13 83 -0.128454
13 84 -0.105775
13 85 -0.086504
13 86 -0.071494
13 87 -0.058549
13 88 -0.049106
13 89 -0.040603
13 90 -0.034412
13 91 -0.028843
13 92 -0.024152
13 93 -0.020501
13 94 -0.016356
13 95 -0.013825
13 96 -0.010065
13 97 -0.007636
13 98 -0.005280
13 99 0.000000

14 0 0.000000
14 1 -0.007093
14 2 -0.009714
14 3 -0.013262
14 4 -0.017684
14 5 -0.021462
14 6 -0.026549
14 7 -0.031866
14 8 -0.038022
14 9 -0.045982
14 10 -0.054570
14 11 -0.066558
14 12 -0.079753
14 13 -0.097537
14 14 -0.117758
14 15 -0.142955
14 16 -0.171556
14 17 -0.204098
14 18 -0.239309
14 19 -0.275160
14 20 -0.309947
14 21 -0.339343
14 22 -0.360897
14 23 -0.369329
14 24 -0.362337
14 25 -0.336046
14 26 -0.290314
14 27 -0.225201
14 28 -0.144548
14 29 -0.053425
14 30 0.040491
14 31 0.128838
14 32 0.203089
14 33 0.255841
14 34 0.282256
14 35 0.280226
14 36 0.251546
14 37 0.200475
14 38 0.134103
14 39 0.059661
14 40 -0.015286
14 41 -0.085546
14 42 -0.147134
14 43 -0.199051
14 44 -0.240892
14 45 -0.274038
14 46 -0.298966
14 47 -0.316868
14 48 -0.327477
14 49 -0.331342
14 50 -0.327896
14 51 -0.317711
14 52 -0.300232
14 53 -0.275737
14 54 -0.243019
14 55 -0.201618
14 56 -0.150130
14 57 -0.088985
14 58 -0.019151
14 59 0.055351
14 60 0.129372
14 61 0.195295
14 62 0.245953
14 63 0.274181
14 64 0.275823
14 65 0.248947
14 66 0.195855
14 67 0.121121
14 68 0.032517
14 69 -0.061930
14 70 -0.153174
14 71 -0.234441
14 72 -0.299482
14 73 -0.345938
14 74 -0.371916
14 75 -0.379738
14 76 -0.370769
14 77 -0.350067
14 78 -0.320020
14 79 -0.285924
14 80 -0.249530
14 81 -0.214578
14 82 -0.181876
14 83 -0.152849
14 84 -0.128062
14 85 -0.106658
14 86 -0.089788
14 87 -0.074901
14 88 -0.063941
14 89 -0.053703
14 90 -0.046292
14 91 -0.039140
14 92 -0.033429
14 93 -0.028294
14 94 -0.023241
14 95 -0.019276
14 96 -0.014711
14 97 -0.010726
14 98 -0.008060
14 99 0.000000

15 0 0.000000
15 1 -0.010210
15 2 -0.013803
15 3 -0.018716
15 4 -0.024874
15 5 -0.029805
15 6 -0.036736
15 7 -0.043344
15 8 -0.051363
15 9 -0.060872
15 10 -0.071399
15 11 -0.085242
15 12 -0.100541
15 13 -0.120460
15 14 -0.142955
15 15 -0.170407
15 16 -0.201252
15 17 -0.235795
15 18 -0.272749
15 19 -0.309750
15 20 -0.345146
15 21 -0.374262
15 22 -0.394892
15 23 -0.401545
15 24 -0.392459
15 25 -0.363759
15 26 -0.316104
15 27 -0.249620
15 28 -0.168965
15 29 -0.078993
15 30 0.012157
15 31 0.096973
15 32 0.167014
15 33 0.216358
15 34 0.240498
15 35 0.238866
15 36 0.213035
15 37 0.168016
15 38 0.109425
15 39 0.044117
15 40 -0.022878
15 41 -0.087118
15 42 -0.146991
15 43 -0.201184
15 44 -0.250154
15 45 -0.293055
15 46 -0.329583
15 47 -0.357531
15 48 -0.375649
15 49 -0.381799
15 50 -0.376040
15 51 -0.358314
15 52 -0.330768
15 53 -0.294640
15 54 -0.252155
15 55 -0.203596
15 56 -0.149832
15 57 -0.090380
15 58 -0.026582
15 59 0.039980
15 60 0.104832
15 61 0.162973
15 62 0.207527
15 63 0.232886
15 64 0.234059
15 65 0.209419
15 66 0.159646
15 67 0.089064
15 68 0.003889
15 69 -0.087872
15 70 -0.178080
15 71 -0.259452
15 72 -0.325982
15 73 -0.374486
15 74 -0.402991
15 75 -0.413050
15 76 -0.405971
15 77 -0.386347
15 78 -0.356683
15 79 -0.322128
15 80 -0.284683
15 81 -0.248115
15 82 -0.213508
15 83 -0.182330
15 84 -0.155371
15 85 -0.131764
15 86 -0.112794
15 87 -0.095893
15 88 -0.082994
15 89 -0.071001
15 90 -0.061755
15 91 -0.053095
15 92 -0.045555
15 93 -0.039106
15 94 -0.032185
15 95 -0.026988
15 96 -0.020641
15 97 -0.015142
15 98 -0.011517
15 99 0.000000

16 0 0.000000
16 1 -0.014948
16 2 -0.018906
16 3 -0.026278
16 4 -0.033788
16 5 -0.040783
16 6 -0.049258
16 7 -0.057891
16 8 -0.067553
16 9 -0.079142
16 10 -0.091455
16 11 -0.107485
16 12 -0.124754
16 13 -0.146962
16 14 -0.171556
16 15 -0.201252
16 16 -0.234064
16 17 -0.270431
16 18 -0.308697
16 19 -0.346517
16 20 -0.381934
16 21 -0.410350
16 22 -0.429395
16 23 -0.433899
16 24 -0.422143
16 25 -0.390901
16 26 -0.340998
16 27 -0.273396
16 28 -0.192751
16 29 -0.104584
16 30 -0.016462
16 31 0.063950
16 32 0.129563
16 33 0.174766
16 34 0.196838
16 35 0.195334
16 36 0.173183
16 37 0.134441
16 38 0.084944
16 39 0.029227
16 40 -0.028331
16 41 -0.086121
16 42 -0.142771
16 43 -0.198845
16 44 -0.253365
16 45 -0.305619
16 46 -0.352180
16 47 -0.389990
16 48 -0.414435
16 49 -0.423297
16 50 -0.414753
16 51 -0.390630
16 52 -0.353145
16 53 -0.306925
16 54 -0.255010
16 55 -0.200854
16 56 -0.145139
16 57 -0.088880
16 58 -0.031473
16 59 0.025661
16 60 0.080967
16 61 0.130000
16 62 0.168303
16 63 0.189944
16 64 0.190992
16 65 0.168355
16 66 0.122703
16 67 0.056455
16 68 -0.024358
16 69 -0.113214
16 70 -0.201680
16 71 -0.283192
16 72 -0.350924
16 73 -0.401855
16 74 -0.433001
16 75 -0.445932
16 76 -0.441110
16 77 -0.423287
16 78 -0.394445
16 79 -0.360076
16 80 -0.321953
16 81 -0.284246
16 82 -0.247991
16 83 -0.214949
16 84 -0.185972
16 85 -0.160266
16 86 -0.139293
16 87 -0.120301
16 88 -0.105554
16 89 -0.091534
16 90 -0.080582
16 91 -0.069928
16 92 -0.060762
16 93 -0.052295
16 94 -0.043797
16 95 -0.036473
16 96 -0.028720
16 97 -0.020607
16 98 -0.016651
16 99 0.000000

17 0 0.000000
17 1 -0.020516
17 2 -0.025475
17 3 -0.035308
17 4 -0.045108
17 5 -0.054024
17 6 -0.064872
17 7 -0.075417
17 8 -0.087337
17 9 -0.100935
17 10 -0.115429
17 11 -0.133573
17 12 -0.153012
17 13 -0.177379
17 14 -0.204098
17 15 -0.235795
17 16 -0.270431
17 17 -0.308216
17 18 -0.347487
17 19 -0.385545
17 20 -0.420556
17 21 -0.447568
17 22 -0.464584
17 23 -0.466234
17 24 -0.451506
17 25 -0.417164
17 26 -0.365004
17 27 -0.295980
17 28 -0.215695
17 29 -0.129270
17 30 -0.044796
17 31 0.031220
17 32 0.091756
17 33 0.133051
17 34 0.152630
17 35 0.151889
17 36 0.133279
17 37 0.101789
17 38 0.061390
17 39 0.016430
17 40 -0.031606
17 41 -0.081519
17 42 -0.134564
17 43 -0.190569
17 44 -0.249756
17 45 -0.308927
17 46 -0.364483
17 47 -0.409922
17 48 -0.440387
17 49 -0.450842
17 50 -0.440587
17 51 -0.410322
17 52 -0.365097
17 53 -0.309756
17 54 -0.250827
17 55 -0.191881
17 56 -0.136153
17 57 -0.083385
17 58 -0.033794
17 59 0.013918
17 60 0.058504
17 61 0.098519
17 62 0.129582
17 63 0.147736
17 64 0.148006
17 65 0.127887
17 66 0.086098
17 67 0.024919
17 68 -0.051574
17 69 -0.136829
17 70 -0.223657
17 71 -0.304898
17 72 -0.374181
17 73 -0.427502
17 74 -0.461899
17 75 -0.477977
17 76 -0.476178
17 77 -0.460593
17 78 -0.433340
17 79 -0.399605
17 80 -0.361448
17 81 -0.322959
17 82 -0.285513
17 83 -0.250841
17 84 -0.220109
17 85 -0.192435
17 86 -0.169536
17 87 -0.148518
17 88 -0.131809
17 89 -0.115803
17 90 -0.102819
17 91 -0.090228
17 92 -0.078875
17 93 -0.068499
17 94 -0.057636
17 95 -0.048324
17 96 -0.038270
17 97 -0.027521
17 98 -0.022659
17 99 0.000000

18 0 0.000000
18 1 -0.028249
18 2 -0.033370
18 3 -0.046889
18 4 -0.058621
18 5 -0.070274
18 6 -0.083281
18 7 -0.096278
18 8 -0.110285
18 9 -0.126190
18 10 -0.142679
18 11 -0.163028
18 12 -0.184389
18 13 -0.210824
18 14 -0.239309
18 15 -0.272749
18 16 -0.308697
18 17 -0.347487
18 18 -0.387080
18 19 -0.424840
18 20 -0.458624
18 21 -0.483660
18 22 -0.497787
18 23 -0.496110
18 24 -0.477641
18 25 -0.439968
18 26 -0.384986
18 27 -0.314640
18 28 -0.234377
18 29 -0.150096
18 30 -0.069045
18 31 0.002035
18 32 0.057808
18 33 0.094699
18 34 0.112310
18 35 0.111893
18 36 0.097470
18 37 0.072702
18 38 0.042042
18 39 0.007221
18 40 -0.030454
18 41 -0.072758
18 42 -0.120587
18 43 -0.175872
18 44 -0.237019
18 45 -0.301616
18 46 -0.362989
18 47 -0.414809
18 48 -0.449025
18 49 -0.461394
18 50 -0.449056
18 51 -0.414881
18 52 -0.363101
18 53 -0.301792
18 54 -0.237261
18 55 -0.176218
18 56 -0.121039
18 57 -0.073369
18 58 -0.031225
18 59 0.006221
18 60 0.040814
18 61 0.071160
18 62 0.095625
18 63 0.109635
18 64 0.109678
18 65 0.091536
18 66 0.054218
18 67 -0.002229
18 68 -0.073755
18 69 -0.155658
18 70 -0.240351
18 71 -0.321688
18 72 -0.392341
18 73 -0.448652
18 74 -0.486468
18 75 -0.506503
18 76 -0.508159
18 77 -0.495722
18 78 -0.470612
18 79 -0.438390
18 80 -0.400745
18 81 -0.362220
18 82 -0.324040
18 83 -0.288307
18 84 -0.256168
18 85 -0.226910
18 86 -0.202342
18 87 -0.179500
18 88 -0.161023
18 89 -0.143035
18 90 -0.128183
18 91 -0.113434
18 92 -0.100068
18 93 -0.087306
18 94 -0.074309
18 95 -0.062241
18 96 -0.050279
18 97 -0.035693
18 98 -0.030826
18 99 0.000000

19 0 0.000000
19 1 -0.036942
19 2 -0.042451
19 3 -0.059718
19 4 -0.073958
19 5 -0.088178
19 6 -0.103802
19 7 -0.119044
19 8 -0.135370
19 9 -0.153341
19 10 -0.171839
19 11 -0.194075
19 12 -0.217184
19 13 -0.245249
19 14 -0.275160
19 15 -0.309750
19 16 -0.346517
19 17 -0.385545
19 18 -0.424840
19 19 -0.461387
19 20 -0.493268
19 21 -0.515340
19 22 -0.525959
19 23 -0.520006
19 24 -0.497367
19 25 -0.455559
19 26 -0.397613
19 27 -0.325329
19 28 -0.245233
19 29 -0.162582
19 30 -0.085261
19 31 -0.018541
19 32 0.032150
19 33 0.065359
19 34 0.080633
19 35 0.081259
19 36 0.070368
19 37 0.052811
19 38 0.030862
19 39 0.006599
19 40 -0.021632
19 41 -0.055226
19 42 -0.097746
19 43 -0.149751
19 44 -0.211344
19 45 -0.277555
19 46 -0.342676
19 47 -0.397300
19 48 -0.434418
19 49 -0.447079
19 50 -0.434248
19 51 -0.396958
19 52 -0.342182
19 53 -0.276907
19 54 -0.210578
19 55 -0.148870
19 56 -0.096802
19 57 -0.054224
19 58 -0.020639
19 59 0.007568
19 60 0.031734
19 61 0.053560
19 62 0.070922
19 63 0.081569
19 64 0.080649
19 65 0.064985
19 66 0.031398
19 67 -0.019863
19 68 -0.087015
19 69 -0.165133
19 70 -0.248219
19 71 -0.329389
19 72 -0.402046
19 73 -0.461385
19 74 -0.503445
19 75 -0.527781
19 76 -0.533868
19 77 -0.525136
19 78 -0.503193
19 79 -0.473127
19 80 -0.436953
19 81 -0.399011
19 82 -0.360914
19 83 -0.324653
19 84 -0.291751
19 85 -0.261340
19 86 -0.235570
19 87 -0.211245
19 88 -0.191288
19 89 -0.171590
19 90 -0.154957
19 91 -0.138284
19 92 -0.122761
19 93 -0.107839
19 94 -0.092335
19 95 -0.077711
19 96 -0.063357
19 97 -0.044896
19 98 -0.039900
19 99 0.000000

20 0 0.000000
20 1 -0.047735
20 2 -0.052413
20 3 -0.074463
20 4 -0.090649
20 5 -0.107899
20 6 -0.125775
20 7 -0.143412
20 8 -0.161703
20 9 -0.181666
20 10 -0.201761
20 11 -0.225628
20 12 -0.249969
20 13 -0.279257
20 14 -0.309947
20 15 -0.345146
20 16 -0.381934
20 17 -0.420556
20 18 -0.458624
20 19 -0.493268
20 20 -0.522243
20 21 -0.540715
20 22 -0.546846
20 23 -0.536157
20 24 -0.508493
20 25 -0.462368
20 26 -0.400778
20 27 -0.326666
20 28 -0.246170
20 29 -0.165447
20 30 -0.091236
20 31 -0.029209
20 32 0.017163
20 33 0.046286
20 34 0.059956
20 35 0.060839
20 36 0.053832
20 37 0.042057
20 38 0.028769
20 39 0.013345
20 40 -0.005154
20 41 -0.030990
20 42 -0.066442
20 43 -0.114404
20 44 -0.172793
20 45 -0.238436
20 46 -0.302882
20 47 -0.358438
20 48 -0.395344
20 49 -0.408673
20 50 -0.394944
20 51 -0.357646
20 52 -0.301697
20 53 -0.236886
20 54 -0.170877
20 55 -0.112169
20 56 -0.063890
20 57 -0.028189
20 58 -0.002110
20 59 0.016544
20 60 0.032119
20 61 0.045445
20 62 0.057265
20 63 0.064170
20 64 0.063218
20 65 0.049275
20 66 0.019974
20 67 -0.026883
20 68 -0.089175
20 69 -0.164136
20 70 -0.245167
20 71 -0.326741
20 72 -0.401148
20 73 -0.464193
20 74 -0.510549
20 75 -0.540041
20 76 -0.550905
20 77 -0.546862
20 78 -0.528631
20 79 -0.501736
20 80 -0.467661
20 81 -0.431257
20 82 -0.393861
20 83 -0.357905
20 84 -0.324800
20 85 -0.293925
20 86 -0.267443
20 87 -0.242169
20 88 -0.221160
20 89 -0.200125
20 90 -0.182095
20 91 -0.163686
20 92 -0.146375
20 93 -0.129249
20 94 -0.111658
20 95 -0.094112
20 96 -0.078016
20 97 -0.054729
20 98 -0.050926
20 99 0.000000

21 0 0.000000
21 1 -0.059042
21 2 -0.062349
21 3 -0.089059
21 4 -0.107049
21 5 -0.126880
21 6 -0.146856
21 7 -0.166351
21 8 -0.186315
21 9 -0.207680
21 10 -0.228934
21 11 -0.253767
21 12 -0.278785
21 13 -0.308525
21 14 -0.339343
21 15 -0.374262
21 16 -0.410350
21 17 -0.447568
21 18 -0.483660
21 19 -0.515340
21 20 -0.540715
21 21 -0.554541
21 22 -0.555653
21 23 -0.539288
21 24 -0.506334
21 25 -0.455116
21 26 -0.389920
21 27 -0.313323
21 28 -0.232668
21 29 -0.153165
21 30 -0.082341
21 31 -0.024113
21 32 0.017640
21 33 0.043613
21 34 0.055025
21 35 0.056708
21 36 0.052150
21 37 0.046055
21 38 0.039303
21 39 0.032491
21 40 0.021874
21 41 0.004693
21 42 -0.023977
21 43 -0.064910
21 44 -0.118433
21 45 -0.178879
21 46 -0.240284
21 47 -0.292429
21 48 -0.328236
21 49 -0.340228
21 50 -0.327611
21 51 -0.291176
21 52 -0.238422
21 53 -0.176402
21 54 -0.115378
21 55 -0.061273
21 56 -0.019818
21 57 0.009375
21 58 0.027000
21 59 0.038053
21 60 0.045210
21 61 0.052285
21 62 0.058613
21 63 0.063353
21 64 0.061781
21 65 0.050370
21 66 0.024386
21 67 -0.017597
21 68 -0.075942
21 69 -0.147296
21 70 -0.226985
21 71 -0.308546
21 72 -0.385350
21 73 -0.451892
21 74 -0.503299
21 75 -0.538046
21 76 -0.554603
21 77 -0.555630
21 78 -0.542133
21 79 -0.518977
21 80 -0.488041
21 81 -0.453829
21 82 -0.418122
21 83 -0.383138
21 84 -0.350722
21 85 -0.320025
21 86 -0.293616
21 87 -0.268006
21 88 -0.246621
21 89 -0.224836
21 90 -0.205966
21 91 -0.186393
21 92 -0.167713
21 93 -0.148955
21 94 -0.129562
21 95 -0.109612
21 96 -0.092068
21 97 -0.064172
21 98 -0.062225
21 99 0.000000

22 0 0.000000
22 1 -0.071313
22 2 -0.071469
22 3 -0.103245
22 4 -0.121907
22 5 -0.144149
22 6 -0.165394
22 7 -0.186325
22 8 -0.207210
22 9 -0.229443
22 10 -0.251105
22 11 -0.276309
22 12 -0.301223
22 13 -0.330784
22 14 -0.360897
22 15 -0.394892
22 16 -0.429395
22 17 -0.464584
22 18 -0.497787
22 19 -0.525959
22 20 -0.546846
22 21 -0.555653
22 22 -0.550963
22 23 -0.528818
22 24 -0.489956
22 25 -0.433860
22 26 -0.364569
22 27 -0.285937
22 28 -0.204602
22 29 -0.126816
22 30 -0.058637
22 31 -0.004670
22 32 0.033362
22 33 0.055488
22 34 0.065272
22 35 0.066306
22 36 0.064117
22 37 0.061319
22 38 0.060532
22 39 0.059715
22 40 0.057021
22 41 0.046988
22 42 0.027030
22 43 -0.006343
22 44 -0.050940
22 45 -0.104156
22 46 -0.157680
22 47 -0.204777
22 48 -0.236036
22 49 -0.247386
22 50 -0.235208
22 51 -0.203130
22 52 -0.155206
22 53 -0.100881
22 54 -0.046850
22 55 -0.001488
22 56 0.032665
22 57 0.053333
22 58 0.064087
22 59 0.067408
22 60 0.068866
22 61 0.070174
22 62 0.073517
22 63 0.076092
22 64 0.075493
22 65 0.065919
22 66 0.044113
22 67 0.006055
22 68 -0.047701
22 69 -0.116216
22 70 -0.193878
22 71 -0.275948
22 72 -0.354506
22 73 -0.425010
22 74 -0.481058
22 75 -0.521640
22 76 -0.543796
22 77 -0.550625
22 78 -0.542048
22 79 -0.523460
22 80 -0.496038
22 81 -0.464876
22 82 -0.431340
22 83 -0.398167
22 84 -0.366983
22 85 -0.337263
22 86 -0.311513
22 87 -0.286323
22 88 -0.265192
22 89 -0.243372
22 90 -0.224345
22 91 -0.204272
22 92 -0.184983
22 93 -0.165152
22 94 -0.144864
22 95 -0.122821
22 96 -0.105091
22 97 -0.072338
22 98 -0.074126
22 99 0.000000

23 0 0.000000
23 1 -0.082561
23 2 -0.078145
23 3 -0.114266
23 4 -0.132455
23 5 -0.156116
23 6 -0.177693
23 7 -0.199028
23 8 -0.219970
23 9 -0.242090
23 10 -0.263354
23 11 -0.288005
23 12 -0.312077
23 13 -0.340579
23 14 -0.369329
23 15 -0.401545
23 16 -0.433899
23 17 -0.466234
23 18 -0.496110
23 19 -0.520006
23 20 -0.536157
23 21 -0.539288
23 22 -0.528818
23 23 -0.500403
23 24 -0.455983
23 25 -0.394661
23 26 -0.321895
23 27 -0.240872
23 28 -0.159553
23 29 -0.082898
23 30 -0.017995
23 31 0.032558
23 32 0.066137
23 33 0.085173
23 34 0.091987
23 35 0.092520
23 36 0.090370
23 37 0.090337
23 38 0.092557
23 39 0.097322
23 40 0.100129
23 41 0.098237
23 42 0.086270
23 43 0.063571
23 44 0.028991
23 45 -0.012413
23 46 -0.056443
23 47 -0.094229
23 48 -0.120694
23 49 -0.129191
23 50 -0.119726
23 51 -0.092287
23 52 -0.053541
23 53 -0.008534
23 54 0.033814
23 55 0.069362
23 56 0.092978
23 57 0.105887
23 58 0.108650
23 59 0.106734
23 60 0.102776
23 61 0.101372
23 62 0.102139
23 63 0.104999
23 64 0.105115
23 65 0.098863
23 66 0.080386
23 67 0.047151
23 68 -0.002932
23 69 -0.067793
23 70 -0.144050
23 71 -0.225733
23 72 -0.306405
23 73 -0.380040
23 74 -0.441047
23 75 -0.486890
23 76 -0.515083
23 77 -0.527462
23 78 -0.524380
23 79 -0.510386
23 80 -0.487147
23 81 -0.459262
23 82 -0.428615
23 83 -0.397629
23 84 -0.368429
23 85 -0.340191
23 86 -0.315895
23 87 -0.291761
23 88 -0.271737
23 89 -0.250659
23 90 -0.232400
23 91 -0.212750
23 92 -0.193850
23 93 -0.173998
23 94 -0.153910
23 95 -0.130846
23 96 -0.114249
23 97 -0.077519
23 98 -0.084540
23 99 0.000000

24 0 0.000000
24 1 -0.092333
24 2 -0.081106
24 3 -0.120931
24 4 -0.136707
24 5 -0.160832
24 6 -0.181269
24 7 -0.201992
24 8 -0.221809
24 9 -0.242924
24 10 -0.262822
24 11 -0.286215
24 12 -0.308655
24 13 -0.335588
24 14 -0.362337
24 15 -0.392459
24 16 -0.422143
24 17 -0.451506
24 18 -0.477641
24 19 -0.497367
24 20 -0.508493
24 21 -0.506334
24 22 -0.489956
24 23 -0.455983
24 24 -0.406019
24 25 -0.340468
24 26 -0.264247
24 27 -0.181934
24 28 -0.100427
24 29 -0.025927
24 30 0.036246
24 31 0.082376
24 32 0.112154
24 33 0.126685
24 34 0.130787
24 35 0.128538
24 36 0.126039
24 37 0.125702
24 38 0.130366
24 39 0.137711
24 40 0.146351
24 41 0.150776
24 42 0.148905
24 43 0.136717
24 44 0.115925
24 45 0.087178
24 46 0.056895
24 47 0.028836
24 48 0.010360
24 49 0.003417
24 50 0.011392
24 51 0.030894
24 52 0.059997
24 53 0.091303
24 54 0.121107
24 55 0.142919
24 56 0.156172
24 57 0.159051
24 58 0.155685
24 59 0.148026
24 60 0.141721
24 61 0.137993
24 62 0.139340
24 63 0.142709
24 64 0.145932
24 65 0.142591
24 66 0.128990
24 67 0.099800
24 68 0.054554
24 69 -0.007296
24 70 -0.080948
24 71 -0.162509
24 72 -0.243996
24 73 -0.320760
24 74 -0.385515
24 75 -0.436579
24 76 -0.469860
24 77 -0.487852
24 78 -0.489631
24 79 -0.480416
24 80 -0.460997
24 81 -0.436672
24 82 -0.408776
24 83 -0.380350
24 84 -0.353205
24 85 -0.326935
24 86 -0.304391
24 87 -0.281947
24 88 -0.263585
24 89 -0.244066
24 90 -0.227410
24 91 -0.209191
24 92 -0.191821
24 93 -0.173090
24 94 -0.154719
24 95 -0.131730
24 96 -0.118302
24 97 -0.078446
24 98 -0.092936
24 99 0.000000

25 0 0.000000
25 1 -0.098388
25 2 -0.078482
25 3 -0.120351
25 4 -0.131626
25 5 -0.154639
25 6 -0.172296
25 7 -0.190974
25 8 -0.208428
25 9 -0.227388
25 10 -0.245055
25 11 -0.266354
25 12 -0.286658
25 13 -0.311473
25 14 -0.336046
25 15 -0.363759
25 16 -0.390901
25 17 -0.417164
25 18 -0.439968
25 19 -0.455559
25 20 -0.462368
25 21 -0.455116
25 22 -0.433860
25 23 -0.394661
25 24 -0.340468
25 25 -0.271030
25 26 -0.192798
25 27 -0.109326
25 28 -0.029009
25 29 0.043582
25 30 0.101727
25 31 0.143932
25 32 0.168383
25 33 0.178750
25 34 0.177951
25 35 0.172790
25 36 0.166999
25 37 0.165980
25 38 0.169940
25 39 0.180008
25 40 0.192010
25 41 0.204193
25 42 0.211169
25 43 0.212366
25 44 0.205088
25 45 0.192649
25 46 0.175941
25 47 0.160989
25 48 0.149475
25 49 0.146361
25 50 0.150466
25 51 0.162984
25 52 0.178929
25 53 0.196664
25 54 0.210109
25 55 0.218445
25 56 0.218272
25 57 0.212386
25 58 0.201245
25 59 0.190353
25 60 0.181342
25 61 0.178500
25 62 0.180591
25 63 0.187490
25 64 0.193740
25 65 0.195601
25 66 0.186341
25 67 0.162841
25 68 0.121766
25 69 0.064365
25 70 -0.007061
25 71 -0.086960
25 72 -0.169224
25 73 -0.247488
25 74 -0.315689
25 75 -0.370449
25 76 -0.408475
25 77 -0.430815
25 78 -0.437191
25 79 -0.431789
25 80 -0.416035
25 81 -0.394583
25 82 -0.369401
25 83 -0.343119
25 84 -0.318146
25 85 -0.293726
25 86 -0.273270
25 87 -0.252743
25 88 -0.236669
25 89 -0.219325
25 90 -0.205242
25 91 -0.189476
25 92 -0.174980
25 93 -0.158756
25 94 -0.143857
25 95 -0.122544
25 96 -0.114477
25 97 -0.073311
25 98 -0.097057
25 99 0.000000

26 0 0.000000
26 1 -0.099685
26 2 -0.069113
26 3 -0.111220
26 4 -0.115501
26 5 -0.135882
26 6 -0.148858
26 7 -0.164199
26 8 -0.177968
26 9 -0.193899
26 10 -0.208519
26 11 -0.227333
26 12 -0.245136
26 13 -0.267907
26 14 -0.290314
26 15 -0.316104
26 16 -0.340998
26 17 -0.365004
26 18 -0.384986
26 19 -0.397613
26 20 -0.400778
26 21 -0.389920
26 22 -0.364569
26 23 -0.321895
26 24 -0.264247
