0 0 0.000000
0 1 0.000000
0 2 0.000000
0 3 0.000000
0 4 0.000000
0 5 0.000000
0 6 0.000000
0 7 0.000000
0 8 0.000000
0 9 0.000000
0 10 0.000000
0 11 0.000000
0 12 0.000000
0 13 0.000000
0 14 0.000000
0 15 0.000000
0 16 0.000000
0 17 0.000000
0 18 0.000000
0 19 0.000000
0 20 0.000000
0 21 0.000000
0 22 0.000000
0 23 0.000000
0 24 0.000000
0 25 0.000000
0 26 0.000000
0 27 0.000000
0 28 0.000000
0 29 0.000000
0 30 0.000000
0 31 0.000000
0 32 0.000000
0 33 0.000000
0 34 0.000000
0 35 0.000000
0 36 0.000000
0 37 0.000000
0 38 0.000000
0 39 0.000000
0 40 0.000000
0 41 0.000000
0 42 0.000000
0 43 0.000000
0 44 0.000000
0 45 0.000000
0 46 0.000000
0 47 0.000000
0 48 0.000000
0 49 0.000000
0 50 0.000000
0 51 0.000000
0 52 0.000000
0 53 0.000000
0 54 0.000000
0 55 0.000000
0 56 0.000000
0 57 0.000000
0 58 0.000000
0 59 0.000000
0 60 0.000000
0 61 0.000000
0 62 0.000000
0 63 0.000000
0 64 0.000000
0 65 0.000000
0 66 0.000000
0 67 0.000000
0 68 0.000000
0 69 0.000000
0 70 0.000000
0 71 0.000000
0 72 0.000000
0 73 0.000000
0 74 0.000000
0 75 0.000000
0 76 0.000000
0 77 0.000000
0 78 0.000000
0 79 0.000000
0 80 0.000000
0 81 0.000000
0 82 0.000000
0 83 0.000000
0 84 0.000000
0 85 0.000000
0 86 0.000000
0 87 0.000000
0 88 0.000000
0 89 0.000000
0 90 0.000000
0 91 0.000000
0 92 0.000000
0 93 0.000000
0 94 0.000000
0 95 0.000000
0 96 0.000000
0 97 0.000000
0 98 0.000000
0 99 0.000000

1 0 0.000000
1 1 0.017770
1 2 0.017622
1 3 0.025330
1 4 0.029934
1 5 0.034179
1 6 0.039296
1 7 0.041875
1 8 0.045612
1 9 0.047052
1 10 0.048518
1 11 0.048717
1 12 0.047782
1 13 0.046471
1 14 0.043525
1 15 0.040743
1 16 0.036627
1 17 0.033116
1 18 0.029215
1 19 0.026551
1 20 0.024760
1 21 0.025003
1 22 0.027225
1 23 0.032036
1 24 0.039241
1 25 0.048839
1 26 0.060215
1 27 0.072844
1 28 0.085732
1 29 0.098119
1 30 0.108936
1 31 0.117564
1 32 0.123201
1 33 0.125632
1 34 0.124494
1 35 0.120014
1 36 0.112234
1 37 0.101706
1 38 0.088748
1 39 0.074090
1 40 0.058205
1 41 0.041880
1 42 0.025624
1 43 0.010164
1 44 -0.004085
1 45 -0.016586
1 46 -0.027121
1 47 -0.035392
1 48 -0.041375
1 49 -0.044945
1 50 -0.046164
1 51 -0.044966
1 52 -0.041410
1 53 -0.035456
1 54 -0.027194
1 55 -0.016697
1 56 -0.004199
1 57 0.010001
1 58 0.025463
1 59 0.041656
1 60 0.057988
1 61 0.073795
1 62 0.088466
1 63 0.101328
1 64 0.111874
1 65 0.119543
1 66 0.124043
1 67 0.125058
1 68 0.122644
1 69 0.116877
1 70 0.108259
1 71 0.097311
1 72 0.084922
1 73 0.071903
1 74 0.059263
1 75 0.047751
1 76 0.038151
1 77 0.030777
1 78 0.026017
1 79 0.023531
1 80 0.023469
1 81 0.024807
1 82 0.027878
1 83 0.031052
1 84 0.035234
1 85 0.038387
1 86 0.041954
1 87 0.043996
1 88 0.045781
1 89 0.046418
1 90 0.045791
1 91 0.045134
1 92 0.042044
1 93 0.040058
1 94 0.035299
1 95 0.031239
1 96 0.026855
1 97 0.018617
1 98 0.019248
1 99 0.000000

2 0 0.000000
2 1 0.017622
2 2 0.015276
2 3 0.023228
2 4 0.024982
2 5 0.028948
2 6 0.031017
2 7 0.032067
2 8 0.032919
2 9 0.031637
2 10 0.030617
2 11 0.027841
2 12 0.025310
2 13 0.022093
2 14 0.019118
2 15 0.016487
2 16 0.014224
2 17 0.012897
2 18 0.012121
2 19 0.012449
2 20 0.013503
2 21 0.015647
2 22 0.018699
2 23 0.022852
2 24 0.028102
2 25 0.034512
2 26 0.042131
2 27 0.050878
2 28 0.060714
2 29 0.071366
2 30 0.082606
2 31 0.093927
2 32 0.104863
2 33 0.114685
2 34 0.122744
2 35 0.128221
2 36 0.130502
2 37 0.128970
2 38 0.123396
2 39 0.113708
2 40 0.100340
2 41 0.083897
2 42 0.065433
2 43 0.045989
2 44 0.026834
2 45 0.008956
2 46 -0.006629
2 47 -0.019348
2 48 -0.028637
2 49 -0.034345
2 50 -0.036228
2 51 -0.034370
2 52 -0.028685
2 53 -0.019424
2 54 -0.006727
2 55 0.008826
2 56 0.026681
2 57 0.045799
2 58 0.065218
2 59 0.083638
2 60 0.100052
2 61 0.113369
2 62 0.123024
2 63 0.128540
2 64 0.130033
2 65 0.127692
2 66 0.122168
2 67 0.114047
2 68 0.104168
2 69 0.093171
2 70 0.081782
2 71 0.070480
2 72 0.059753
2 73 0.049851
2 74 0.041031
2 75 0.033333
2 76 0.026870
2 77 0.021508
2 78 0.017356
2 79 0.014126
2 80 0.012070
2 81 0.010739
2 82 0.010593
2 83 0.011015
2 84 0.012526
2 85 0.014510
2 86 0.017102
2 87 0.020153
2 88 0.022834
2 89 0.026032
2 90 0.027702
2 91 0.029849
2 92 0.029885
2 93 0.029767
2 94 0.028521
2 95 0.025046
2 96 0.023966
2 97 0.015725
2 98 0.018668
2 99 0.000000

3 0 0.000000
3 1 0.025330
3 2 0.023228
3 3 0.034233
3 4 0.038722
3 5 0.044406
3 6 0.049269
3 7 0.051744
3 8 0.054424
3 9 0.054256
3 10 0.053770
3 11 0.051461
3 12 0.048269
3 13 0.044714
3 14 0.040319
3 15 0.036808
3 16 0.033043
3 17 0.030914
3 18 0.029269
3 19 0.029534
3 20 0.030830
3 21 0.033991
3 22 0.038419
3 23 0.044509
3 24 0.051832
3 25 0.060541
3 26 0.070250
3 27 0.080994
3 28 0.092337
3 29 0.104219
3 30 0.116071
3 31 0.127691
3 32 0.138295
3 33 0.147488
3 34 0.154279
3 35 0.158156
3 36 0.158130
3 37 0.153874
3 38 0.144804
3 39 0.131189
3 40 0.113206
3 41 0.091911
3 42 0.068218
3 43 0.043701
3 44 0.019541
3 45 -0.002745
3 46 -0.022274
3 47 -0.038031
3 48 -0.049668
3 49 -0.056683
3 50 -0.059109
3 51 -0.056726
3 52 -0.049747
3 53 -0.038161
3 54 -0.022436
3 55 -0.002968
3 56 0.019291
3 57 0.043375
3 58 0.067868
3 59 0.091470
3 60 0.112743
3 61 0.130615
3 62 0.144211
3 63 0.153153
3 64 0.157392
3 65 0.157275
3 66 0.153379
3 67 0.146433
3 68 0.137217
3 69 0.126450
3 70 0.114799
3 71 0.102782
3 72 0.090856
3 73 0.079346
3 74 0.068557
3 75 0.058669
3 76 0.049936
3 77 0.042393
3 78 0.036351
3 79 0.031596
3 80 0.028636
3 81 0.026819
3 82 0.026982
3 83 0.027863
3 84 0.030627
3 85 0.033486
3 86 0.037617
3 87 0.041302
3 88 0.045023
3 89 0.048189
3 90 0.049764
3 91 0.051196
3 92 0.049726
3 93 0.048437
3 94 0.044536
3 95 0.039422
3 96 0.035638
3 97 0.024167
3 98 0.027086
3 99 0.000000

4 0 0.000000
4 1 0.029934
4 2 0.024982
4 3 0.038722
4 4 0.041507
4 5 0.048161
4 6 0.051987
4 7 0.053827
4 8 0.055638
4 9 0.053623
4 10 0.052003
4 11 0.047195
4 12 0.042480
4 13 0.036407
4 14 0.030430
4 15 0.025029
4 16 0.020273
4 17 0.017456
4 18 0.016031
4 19 0.017115
4 20 0.020066
4 21 0.025410
4 22 0.032621
4 23 0.041702
4 24 0.052298
4 25 0.064150
4 26 0.077085
4 27 0.090791
4 28 0.105225
4 29 0.120061
4 30 0.135218
4 31 0.150205
4 32 0.164661
4 33 0.177733
4 34 0.188655
4 35 0.196237
4 36 0.199536
4 37 0.197450
4 38 0.189458
4 39 0.175190
4 40 0.155133
4 41 0.130020
4 42 0.101414
4 43 0.070867
4 44 0.040431
4 45 0.011705
4 46 -0.013558
4 47 -0.034356
4 48 -0.049628
4 49 -0.059071
4 50 -0.062188
4 51 -0.059128
4 52 -0.049739
4 53 -0.034530
4 54 -0.013784
4 55 0.011408
4 56 0.040081
4 57 0.070436
4 58 0.100928
4 59 0.129440
4 60 0.154491
4 61 0.174444
4 62 0.188644
4 63 0.196523
4 64 0.198531
4 65 0.195113
4 66 0.187443
4 67 0.176401
4 68 0.163226
4 69 0.148653
4 70 0.133546
4 71 0.118276
4 72 0.103309
4 73 0.088763
4 74 0.074930
4 75 0.061866
4 76 0.049924
4 77 0.039143
4 78 0.030065
4 79 0.022553
4 80 0.017369
4 81 0.013943
4 82 0.013200
4 83 0.014009
4 84 0.017220
4 85 0.021465
4 86 0.026935
4 87 0.032987
4 88 0.038283
4 89 0.044095
4 90 0.047038
4 91 0.050617
4 92 0.050309
4 93 0.049955
4 94 0.047385
4 95 0.041489
4 96 0.039744
4 97 0.025534
4 98 0.031732
4 99 0.000000

5 0 0.000000
5 1 0.034179
5 2 0.028948
5 3 0.044406
5 4 0.048161
5 5 0.055726
5 6 0.060347
5 7 0.062845
5 8 0.064777
5 9 0.063043
5 10 0.060803
5 11 0.055677
5 12 0.049716
5 13 0.042763
5 14 0.035257
5 15 0.028827
5 16 0.022840
5 17 0.019483
5 18 0.017710
5 19 0.019225
5 20 0.022912
5 21 0.029599
5 22 0.038203
5 23 0.048860
5 24 0.060619
5 25 0.073376
5 26 0.086447
5 27 0.099877
5 28 0.113294
5 29 0.126967
5 30 0.140629
5 31 0.154497
5 32 0.167993
5 33 0.180878
5 34 0.191955
5 35 0.200419
5 36 0.204639
5 37 0.203717
5 38 0.196331
5 39 0.182331
5 40 0.161512
5 41 0.135038
5 42 0.104017
5 43 0.070679
5 44 0.036810
5 45 0.004816
5 46 -0.023783
5 47 -0.047210
5 48 -0.064726
5 49 -0.075365
5 50 -0.079072
5 51 -0.075448
5 52 -0.064886
5 53 -0.047462
5 54 -0.024108
5 55 0.004386
5 56 0.036310
5 57 0.070058
5 58 0.103328
5 59 0.134209
5 60 0.160615
5 61 0.181275
5 62 0.195207
5 63 0.202416
5 64 0.203270
5 65 0.198858
5 66 0.190324
5 67 0.179047
5 68 0.166086
5 69 0.152385
5 70 0.138434
5 71 0.124568
5 72 0.110806
5 73 0.097186
5 74 0.083675
5 75 0.070385
5 76 0.057589
5 77 0.045556
5 78 0.034963
5 79 0.025955
5 80 0.019521
5 81 0.015217
5 82 0.014203
5 83 0.015140
5 84 0.019164
5 85 0.024302
5 86 0.031223
5 87 0.038320
5 88 0.045057
5 89 0.051513
5 90 0.055369
5 91 0.058977
5 92 0.058799
5 93 0.057989
5 94 0.054779
5 95 0.048068
5 96 0.045468
5 97 0.029496
5 98 0.036235
5 99 0.000000

6 0 0.000000
6 1 0.039296
6 2 0.031017
6 3 0.049269
6 4 0.051987
6 5 0.060347
6 6 0.064949
6 7 0.066934
6 8 0.068900
6 9 0.065767
6 10 0.062942
6 11 0.055748
6 12 0.048305
6 13 0.038861
6 14 0.029274
6 15 0.020465
6 16 0.012675
6 17 0.007936
6 18 0.005746
6 19 0.007756
6 20 0.013154
6 21 0.022495
6 22 0.034794
6 23 0.049605
6 24 0.065961
6 25 0.083003
6 26 0.100114
6 27 0.116638
6 28 0.132533
6 29 0.147585
6 30 0.162152
6 31 0.176149
6 32 0.189771
6 33 0.202470
6 34 0.213741
6 35 0.222273
6 36 0.226923
6 37 0.226061
6 38 0.218714
6 39 0.203929
6 40 0.181910
6 41 0.153143
6 42 0.119363
6 43 0.082335
6 44 0.044693
6 45 0.008515
6 46 -0.023742
6 47 -0.050637
6 48 -0.070549
6 49 -0.082963
6 50 -0.087071
6 51 -0.083075
6 52 -0.070768
6 53 -0.050976
6 54 -0.024185
6 55 0.007941
6 56 0.044015
6 57 0.081512
6 58 0.118433
6 59 0.152054
6 60 0.180710
6 61 0.202557
6 62 0.217223
6 63 0.224389
6 64 0.225125
6 65 0.220291
6 66 0.211623
6 67 0.200173
6 68 0.187324
6 69 0.173533
6 70 0.159371
6 71 0.144650
6 72 0.129426
6 73 0.113383
6 74 0.096700
6 75 0.079427
6 76 0.062282
6 77 0.045697
6 78 0.030911
6 79 0.018236
6 80 0.009137
6 81 0.003141
6 82 0.001632
6 83 0.003045
6 84 0.008387
6 85 0.015532
6 86 0.024560
6 87 0.034246
6 88 0.042815
6 89 0.051671
6 90 0.056516
6 91 0.061864
6 92 0.061952
6 93 0.061893
6 94 0.058891
6 95 0.051518
6 96 0.050153
6 97 0.031352
6 98 0.041575
6 99 0.000000

7 0 0.000000
7 1 0.041875
7 2 0.032067
7 3 0.051744
7 4 0.053827
7 5 0.062845
7 6 0.066934
7 7 0.069097
7 8 0.070244
7 9 0.066668
7 10 0.062497
7 11 0.054072
7 12 0.044636
7 13 0.033264
7 14 0.021258
7 15 0.010332
7 16 0.000386
7 17 -0.005780
7 18 -0.008940
7 19 -0.006808
7 20 -0.000587
7 21 0.010672
7 22 0.025354
7 23 0.043173
7 24 0.062340
7 25 0.082094
7 26 0.100999
7 27 0.118683
7 28 0.134499
7 29 0.148852
7 30 0.161762
7 31 0.174043
7 32 0.185661
7 33 0.197004
7 34 0.207193
7 35 0.215656
7 36 0.220566
7 37 0.220774
7 38 0.214368
7 39 0.200769
7 40 0.179205
7 41 0.150659
7 42 0.116054
7 43 0.077899
7 44 0.038226
7 45 0.000062
7 46 -0.034633
7 47 -0.063407
7 48 -0.085172
7 49 -0.098474
7 50 -0.103158
7 51 -0.098626
7 52 -0.085469
7 53 -0.063866
7 54 -0.035231
7 55 -0.000712
7 56 0.037316
7 57 0.076798
7 58 0.114818
7 59 0.149214
7 60 0.177628
7 61 0.198965
7 62 0.212433
7 63 0.218600
7 64 0.218263
7 65 0.213107
7 66 0.204518
7 67 0.194083
7 68 0.182614
7 69 0.170758
7 70 0.158350
7 71 0.145213
7 72 0.130740
7 73 0.114706
7 74 0.096926
7 75 0.077788
7 76 0.058006
7 77 0.038539
7 78 0.020834
7 79 0.005702
7 80 -0.005201
7 81 -0.012103
7 82 -0.013582
7 83 -0.011305
7 84 -0.004333
7 85 0.004822
7 86 0.016226
7 87 0.028120
7 88 0.038941
7 89 0.049461
7 90 0.055975
7 91 0.062138
7 92 0.063295
7 93 0.063280
7 94 0.060960
7 95 0.053042
7 96 0.052470
7 97 0.032239
7 98 0.044325
7 99 0.000000

8 0 0.000000
8 1 0.045612
8 2 0.032919
8 3 0.054424
8 4 0.055638
8 5 0.064777
8 6 0.068900
8 7 0.070244
8 8 0.071299
8 9 0.066243
8 10 0.061227
8 11 0.050697
8 12 0.039457
8 13 0.025488
8 14 0.011083
8 15 -0.002411
8 16 -0.014430
8 17 -0.022185
8 18 -0.025941
8 19 -0.023459
8 20 -0.015580
8 21 -0.001719
8 22 0.016671
8 23 0.038563
8 24 0.062191
8 25 0.085830
8 26 0.108141
8 27 0.127851
8 28 0.144718
8 29 0.158533
8 30 0.170123
8 31 0.179969
8 32 0.189107
8 33 0.197661
8 34 0.205802
8 35 0.212493
8 36 0.216723
8 37 0.216546
8 38 0.210625
8 39 0.197353
8 40 0.176469
8 41 0.147913
8 42 0.113266
8 43 0.074149
8 44 0.033482
8 45 -0.006430
8 46 -0.042573
8 47 -0.073158
8 48 -0.096011
8 49 -0.110403
8 50 -0.115181
8 51 -0.110603
8 52 -0.096405
8 53 -0.073760
8 54 -0.043364
8 55 -0.007441
8 56 0.032286
8 57 0.072721
8 58 0.111655
8 59 0.146058
8 60 0.174431
8 61 0.195062
8 62 0.208153
8 63 0.213819
8 64 0.213816
8 65 0.209338
8 66 0.202467
8 67 0.194095
8 68 0.185357
8 69 0.176015
8 70 0.165981
8 71 0.154217
8 72 0.140219
8 73 0.123200
8 74 0.103336
8 75 0.080868
8 76 0.057155
8 77 0.033301
8 78 0.011504
8 79 -0.007273
8 80 -0.020760
8 81 -0.029271
8 82 -0.031051
8 83 -0.028128
8 84 -0.019530
8 85 -0.008189
8 86 0.005692
8 87 0.020283
8 88 0.033311
8 89 0.046268
8 90 0.054085
8 91 0.062065
8 92 0.063662
8 93 0.064704
8 94 0.062564
8 95 0.054666
8 96 0.055112
8 97 0.033059
8 98 0.048323
8 99 0.000000

9 0 0.000000
9 1 0.047052
9 2 0.031637
9 3 0.054256
9 4 0.053623
9 5 0.063043
9 6 0.065767
9 7 0.066668
9 8 0.066243
9 9 0.059914
9 10 0.052909
9 11 0.040248
9 12 0.026325
9 13 0.009606
9 14 -0.007858
9 15 -0.024079
9 16 -0.038693
9 17 -0.048157
9 18 -0.052982
9 19 -0.050233
9 20 -0.041192
9 21 -0.024793
9 22 -0.003231
9 23 0.022694
9 24 0.050213
9 25 0.077719
9 26 0.102817
9 27 0.124512
9 28 0.141712
9 29 0.154859
9 30 0.164261
9 31 0.171441
9 32 0.177132
9 33 0.182678
9 34 0.187892
9 35 0.192846
9 36 0.195868
9 37 0.195854
9 38 0.190453
9 39 0.178688
9 40 0.159091
9 41 0.132233
9 42 0.098513
9 43 0.060367
9 44 0.019696
9 45 -0.020158
9 46 -0.057053
9 47 -0.088030
9 48 -0.111761
9 49 -0.126346
9 50 -0.131561
9 51 -0.126604
9 52 -0.112267
9 53 -0.088804
9 54 -0.058068
9 55 -0.021450
9 56 0.018170
9 57 0.058552
9 58 0.096475
9 59 0.129895
9 60 0.156541
9 61 0.175833
9 62 0.187398
9 63 0.192496
9 64 0.192326
9 65 0.189010
9 66 0.183888
9 67 0.178400
9 68 0.172700
9 69 0.166764
9 70 0.159445
9 71 0.149830
9 72 0.136568
9 73 0.119178
9 74 0.097417
9 75 0.072124
9 76 0.044653
9 77 0.016874
9 78 -0.008823
9 79 -0.030807
9 80 -0.046672
9 81 -0.056381
9 82 -0.058244
9 83 -0.054295
9 84 -0.043794
9 85 -0.029913
9 86 -0.013125
9 87 0.004465
9 88 0.020390
9 89 0.035944
9 90 0.046089
9 91 0.055809
9 92 0.059192
9 93 0.061010
9 94 0.060501
9 95 0.052500
9 96 0.054955
9 97 0.031816
9 98 0.050020
9 99 0.000000

10 0 0.000000
10 1 0.048518
10 2 0.030617
10 3 0.053770
10 4 0.052003
10 5 0.060803
10 6 0.062942
10 7 0.062497
10 8 0.061227
10 9 0.052909
10 10 0.044294
10 11 0.029040
10 12 0.012691
10 13 -0.006994
10 14 -0.027210
10 15 -0.046176
10 16 -0.062958
10 17 -0.074052
10 18 -0.079461
10 19 -0.076418
10 20 -0.065787
10 21 -0.046989
10 22 -0.021953
10 23 0.007669
10 24 0.039258
10 25 0.070133
10 26 0.098109
10 27 0.121150
10 28 0.138666
10 29 0.150323
10 30 0.157347
10 31 0.160792
10 32 0.162642
10 33 0.163894
10 34 0.165690
10 35 0.167591
10 36 0.169078
10 37 0.168185
10 38 0.163439
10 39 0.152672
10 40 0.135134
10 41 0.110051
10 42 0.078594
10 43 0.041900
10 44 0.002837
10 45 -0.036401
10 46 -0.072510
10 47 -0.103572
10 48 -0.126993
10 49 -0.141922
10 50 -0.146896
10 51 -0.142249
10 52 -0.127636
10 53 -0.104549
10 54 -0.073794
10 55 -0.038026
10 56 0.000918
10 57 0.039636
10 58 0.076050
10 59 0.107163
10 60 0.131984
10 61 0.149185
10 62 0.159711
10 63 0.164136
10 64 0.164811
10 65 0.163033
10 66 0.160933
10 67 0.158886
10 68 0.157454
10 69 0.155403
10 70 0.151794
10 71 0.144624
10 72 0.132828
10 73 0.115212
10 74 0.092086
10 75 0.064023
10 76 0.033179
10 77 0.001445
10 78 -0.027929
10 79 -0.053273
10 80 -0.071486
10 81 -0.082690
10 82 -0.084767
10 83 -0.080161
10 84 -0.067952
10 85 -0.051827
10 86 -0.032295
10 87 -0.011779
10 88 0.006905
10 89 0.025305
10 90 0.037532
10 91 0.049593
10 92 0.054260
10 93 0.057722
10 94 0.058116
10 95 0.050904
10 96 0.054642
10 97 0.031009
10 98 0.051763
10 99 0.000000

11 0 0.000000
11 1 0.048717
11 2 0.027841
11 3 0.051461
11 4 0.047195
11 5 0.055677
11 6 0.055748
11 7 0.054072
11 8 0.050697
11 9 0.040248
11 10 0.029040
11 11 0.010967
11 12 -0.008502
11 13 -0.031259
11 14 -0.054627
11 15 -0.076216
11 16 -0.095338
11 17 -0.107750
11 18 -0.113840
11 19 -0.110141
11 20 -0.098106
11 21 -0.076616
11 22 -0.048454
11 23 -0.014914
11 24 0.020306
11 25 0.054800
11 26 0.085238
11 27 0.109994
11 28 0.127478
11 29 0.138104
11 30 0.142383
11 31 0.142513
11 32 0.139994
11 33 0.137226
11 34 0.134874
11 35 0.133905
11 36 0.133075
11 37 0.131618
11 38 0.126968
11 39 0.117916
11 40 0.102318
11 41 0.080253
11 42 0.051386
11 43 0.017795
11 44 -0.019097
11 45 -0.055965
11 46 -0.090820
11 47 -0.120440
11 48 -0.143471
11 49 -0.157693
11 50 -0.162899
11 51 -0.158093
11 52 -0.144261
11 53 -0.121637
11 54 -0.092390
11 55 -0.057945
11 56 -0.021429
11 57 0.015057
11 58 0.048323
11 59 0.076794
11 60 0.098566
11 61 0.113787
11 62 0.122586
11 63 0.126887
11 64 0.128133
11 65 0.128654
11 66 0.129453
11 67 0.131547
11 68 0.134183
11 69 0.136502
11 70 0.136279
11 71 0.131861
11 72 0.121191
11 73 0.103620
11 74 0.078902
11 75 0.048392
11 76 0.014080
11 77 -0.021269
11 78 -0.054381
11 79 -0.082842
11 80 -0.103545
11 81 -0.116157
11 82 -0.118681
11 83 -0.113419
11 84 -0.099696
11 85 -0.081268
11 86 -0.058962
11 87 -0.035300
11 88 -0.013469
11 89 0.008122
11 90 0.023211
11 91 0.037907
11 92 0.045016
11 93 0.050148
11 94 0.052899
11 95 0.046238
11 96 0.052614
11 97 0.028551
11 98 0.052256
11 99 0.000000

12 0 0.000000
12 1 0.047782
12 2 0.025310
12 3 0.048269
12 4 0.042480
12 5 0.049716
12 6 0.048305
12 7 0.044636
12 8 0.039457
12 9 0.026325
12 10 0.012691
12 11 -0.008502
12 12 -0.030859
12 13 -0.056749
12 14 -0.082850
12 15 -0.106960
12 16 -0.127870
12 17 -0.141520
12 18 -0.147808
12 19 -0.143634
12 20 -0.129998
12 21 -0.106421
12 22 -0.075292
12 23 -0.038822
12 24 -0.000354
12 25 0.036610
12 26 0.069164
12 27 0.094575
12 28 0.111911
12 29 0.120644
12 30 0.122295
12 31 0.118352
12 32 0.111666
12 33 0.104057
12 34 0.097713
12 35 0.092935
12 36 0.089940
12 37 0.087007
12 38 0.082822
12 39 0.074856
12 40 0.062017
12 41 0.042804
12 42 0.017871
12 43 -0.012370
12 44 -0.045398
12 45 -0.079492
12 46 -0.111381
12 47 -0.139343
12 48 -0.160596
12 49 -0.174363
12 50 -0.178959
12 51 -0.174845
12 52 -0.161548
12 53 -0.140779
12 54 -0.113266
12 55 -0.081855
12 56 -0.048178
12 57 -0.015612
12 58 0.014251
12 59 0.038748
12 60 0.057633
12 61 0.070073
12 62 0.077765
12 63 0.081603
12 64 0.084318
12 65 0.087028
12 66 0.091642
12 67 0.097777
12 68 0.105270
12 69 0.111831
12 70 0.115704
12 71 0.114014
12 72 0.105269
12 73 0.087970
12 74 0.062636
12 75 0.030157
12 76 -0.006574
12 77 -0.045013
12 78 -0.080992
12 79 -0.112267
12 80 -0.134983
12 81 -0.149072
12 82 -0.151992
12 83 -0.146448
12 84 -0.131415
12 85 -0.111138
12 86 -0.086276
12 87 -0.059766
12 88 -0.034885
12 89 -0.010095
12 90 0.007826
12 91 0.025512
12 92 0.034898
12 93 0.042353
12 94 0.046972
12 95 0.041719
12 96 0.049780
12 97 0.026393
12 98 0.051535
12 99 0.000000

13 0 0.000000
13 1 0.046471
13 2 0.022093
13 3 0.044714
13 4 0.036407
13 5 0.042763
13 6 0.038861
13 7 0.033264
13 8 0.025488
13 9 0.009606
13 10 -0.006994
13 11 -0.031259
13 12 -0.056749
13 13 -0.085457
13 14 -0.114258
13 15 -0.140318
13 16 -0.162842
13 17 -0.177061
13 18 -0.183472
13 19 -0.178296
13 20 -0.163307
13 21 -0.137418
13 22 -0.103959
13 23 -0.064597
13 24 -0.023748
13 25 0.015625
13 26 0.049480
13 27 0.075735
13 28 0.092370
13 29 0.099753
13 30 0.098466
13 31 0.091216
13 32 0.080071
13 33 0.068353
13 34 0.057510
13 35 0.049464
13 36 0.043542
13 37 0.039567
13 38 0.035024
13 39 0.028740
13 40 0.018074
13 41 0.002717
13 42 -0.018463
13 43 -0.043895
13 44 -0.072915
13 45 -0.102531
13 46 -0.131266
13 47 -0.155963
13 48 -0.175540
13 49 -0.187654
13 50 -0.192264
13 51 -0.188212
13 52 -0.176643
13 53 -0.157625
13 54 -0.133442
13 55 -0.105249
13 56 -0.076103
13 57 -0.047597
13 58 -0.022575
13 59 -0.001864
13 60 0.013152
13 61 0.023405
13 62 0.029426
13 63 0.033625
13 64 0.037418
13 65 0.043077
13 66 0.051018
13 67 0.061689
13 68 0.073374
13 69 0.084445
13 70 0.091734
13 71 0.093046
13 72 0.085784
13 73 0.069256
13 74 0.043238
13 75 0.009527
13 76 -0.029429
13 77 -0.070191
13 78 -0.108861
13 79 -0.142435
13 80 -0.167255
13 81 -0.182703
13 82 -0.186424
13 83 -0.180800
13 84 -0.165013
13 85 -0.143176
13 86 -0.116209
13 87 -0.087002
13 88 -0.059212
13 89 -0.031158
13 90 -0.010173
13 91 0.010684
13 92 0.022921
13 93 0.032741
13 94 0.040096
13 95 0.035939
13 96 0.046615
13 97 0.023568
13 98 0.050403
13 99 0.000000

14 0 0.000000
14 1 0.043525
14 2 0.019118
14 3 0.040319
14 4 0.030430
14 5 0.035257
14 6 0.029274
14 7 0.021258
14 8 0.011083
14 9 -0.007858
14 10 -0.027210
14 11 -0.054627
14 12 -0.082850
14 13 -0.114258
14 14 -0.145148
14 15 -0.172961
14 16 -0.196425
14 17 -0.211161
14 18 -0.217200
14 19 -0.211354
14 20 -0.194905
14 21 -0.167549
14 22 -0.132071
14 23 -0.091076
14 24 -0.048366
14 25 -0.007959
14 26 0.026821
14 27 0.052772
14 28 0.068758
14 29 0.074041
14 30 0.070326
14 31 0.059306
14 32 0.044453
14 33 0.028165
14 34 0.013522
14 35 0.001511
14 36 -0.006820
14 37 -0.012764
14 38 -0.017196
14 39 -0.022723
14 40 -0.030519
14 41 -0.042663
14 42 -0.058964
14 43 -0.079845
14 44 -0.103330
14 45 -0.128483
14 46 -0.152400
14 47 -0.173915
14 48 -0.190355
14 49 -0.201274
14 50 -0.204905
14 51 -0.201902
14 52 -0.191595
14 53 -0.175778
14 54 -0.154835
14 55 -0.131514
14 56 -0.106874
14 57 -0.083938
14 58 -0.063492
14 59 -0.047675
14 60 -0.035874
14 61 -0.028482
14 62 -0.023201
14 63 -0.019078
14 64 -0.013279
14 65 -0.005151
14 66 0.006809
14 67 0.021367
14 68 0.037692
14 69 0.052586
14 70 0.063724
14 71 0.067603
14 72 0.062528
14 73 0.046812
14 74 0.021187
14 75 -0.013276
14 76 -0.053179
14 77 -0.095634
14 78 -0.135861
14 79 -0.171308
14 80 -0.197536
14 81 -0.214334
14 82 -0.218677
14 83 -0.213355
14 84 -0.197003
14 85 -0.174174
14 86 -0.145403
14 87 -0.114012
14 88 -0.083526
14 89 -0.052492
14 90 -0.028532
14 91 -0.004499
14 92 0.010479
14 93 0.022939
14 94 0.032680
14 95 0.030126
14 96 0.042546
14 97 0.020841
14 98 0.047504
14 99 0.000000

15 0 0.000000
15 1 0.040743
15 2 0.016487
15 3 0.036808
15 4 0.025029
15 5 0.028827
15 6 0.020465
15 7 0.010332
15 8 -0.002411
15 9 -0.024079
15 10 -0.046176
15 11 -0.076216
15 12 -0.106960
15 13 -0.140318
15 14 -0.172961
15 15 -0.201671
15 16 -0.225805
15 17 -0.240303
15 18 -0.246004
15 19 -0.239051
15 20 -0.221649
15 21 -0.192799
15 22 -0.156278
15 23 -0.113927
15 24 -0.070585
15 25 -0.029422
15 26 0.005143
15 27 0.030853
15 28 0.045414
15 29 0.049176
15 30 0.042661
15 31 0.028859
15 32 0.010093
15 33 -0.009681
15 34 -0.028492
15 35 -0.043575
15 36 -0.055037
15 37 -0.062309
15 38 -0.067624
15 39 -0.071803
15 40 -0.077710
15 41 -0.085813
15 42 -0.097945
15 43 -0.113047
15 44 -0.131384
15 45 -0.150537
15 46 -0.169884
15 47 -0.186652
15 48 -0.200368
15 49 -0.208805
15 50 -0.212270
15 51 -0.209479
15 52 -0.201697
15 53 -0.188646
15 54 -0.172484
15 55 -0.153762
15 56 -0.135140
15 57 -0.117365
15 58 -0.102694
15 59 -0.091039
15 60 -0.083254
15 61 -0.077722
15 62 -0.073737
15 63 -0.068682
15 64 -0.061482
15 65 -0.050152
15 66 -0.035021
15 67 -0.016207
15 68 0.003726
15 69 0.022634
15 70 0.036698
15 71 0.043488
15 72 0.040095
15 73 0.025912
15 74 0.000699
15 75 -0.033458
15 76 -0.073944
15 77 -0.116975
15 78 -0.158390
15 79 -0.194872
15 80 -0.222434
15 81 -0.240225
15 82 -0.245521
15 83 -0.240610
15 84 -0.224333
15 85 -0.200911
15 86 -0.171072
15 87 -0.137962
15 88 -0.105403
15 89 -0.071770
15 90 -0.045234
15 91 -0.018283
15 92 -0.000737
15 93 0.014112
15 94 0.026278
15 95 0.024874
15 96 0.039236
15 97 0.018334
15 98 0.044700
15 99 0.000000

16 0 0.000000
16 1 0.036627
16 2 0.014224
16 3 0.033043
16 4 0.020273
16 5 0.022840
16 6 0.012675
16 7 0.000386
16 8 -0.014430
16 9 -0.038693
16 10 -0.062958
16 11 -0.095338
16 12 -0.127870
16 13 -0.162842
16 14 -0.196425
16 15 -0.225805
16 16 -0.249899
16 17 -0.264236
16 18 -0.269183
16 19 -0.261653
16 20 -0.243284
16 21 -0.213959
16 22 -0.176732
16 23 -0.134391
16 24 -0.090878
16 25 -0.050384
16 26 -0.016289
16 27 0.008016
16 28 0.021378
16 29 0.022885
16 30 0.014326
16 31 -0.002647
16 32 -0.024249
16 33 -0.047856
16 34 -0.069775
16 35 -0.088546
16 36 -0.102329
16 37 -0.111921
16 38 -0.117531
16 39 -0.121576
16 40 -0.124993
16 41 -0.130197
16 42 -0.137278
16 43 -0.147468
16 44 -0.159406
16 45 -0.173162
16 46 -0.186464
16 47 -0.199035
16 48 -0.208600
16 49 -0.215312
16 50 -0.217471
16 51 -0.215999
16 52 -0.209953
16 53 -0.201060
16 54 -0.189097
16 55 -0.176417
16 56 -0.163180
16 57 -0.151783
16 58 -0.141996
16 59 -0.135354
16 60 -0.130418
16 61 -0.127317
16 62 -0.123398
16 63 -0.117966
16 64 -0.108358
16 65 -0.094604
16 66 -0.075683
16 67 -0.053635
16 68 -0.029755
16 69 -0.007866
16 70 0.009487
16 71 0.018479
16 72 0.017453
16 73 0.004627
16 74 -0.019085
16 75 -0.052627
16 76 -0.092379
16 77 -0.135462
16 78 -0.176834
16 79 -0.213938
16 80 -0.241968
16 81 -0.260670
16 82 -0.266543
16 83 -0.262345
16 84 -0.246210
16 85 -0.222789
16 86 -0.192234
16 87 -0.158134
16 88 -0.123955
16 89 -0.088421
16 90 -0.059749
16 91 -0.030414
16 92 -0.010743
16 93 0.006217
16 94 0.020257
16 95 0.020017
16 96 0.035511
16 97 0.015923
16 98 0.040493
16 99 0.000000

17 0 0.000000
17 1 0.033116
17 2 0.012897
17 3 0.030914
17 4 0.017456
17 5 0.019483
17 6 0.007936
17 7 -0.005780
17 8 -0.022185
17 9 -0.048157
17 10 -0.074052
17 11 -0.107750
17 12 -0.141520
17 13 -0.177061
17 14 -0.211161
17 15 -0.240303
17 16 -0.264236
17 17 -0.277794
17 18 -0.282302
17 19 -0.273950
17 20 -0.255400
17 21 -0.225700
17 22 -0.188933
17 23 -0.146889
17 24 -0.104540
17 25 -0.064927
17 26 -0.032528
17 27 -0.009491
17 28 0.001782
17 29 0.001683
17 30 -0.009426
17 31 -0.028480
17 32 -0.053222
17 33 -0.079400
17 34 -0.104847
17 35 -0.126182
17 36 -0.143069
17 37 -0.154149
17 38 -0.161224
17 39 -0.164496
17 40 -0.166772
17 41 -0.168383
17 42 -0.171672
17 43 -0.175982
17 44 -0.182543
17 45 -0.189634
17 46 -0.197728
17 47 -0.204694
17 48 -0.210958
17 49 -0.214625
17 50 -0.216521
17 51 -0.215275
17 52 -0.212235
17 53 -0.206602
17 54 -0.200198
17 55 -0.192678
17 56 -0.186049
17 57 -0.179970
17 58 -0.175992
17 59 -0.173069
17 60 -0.171640
17 61 -0.169594
17 62 -0.166346
17 63 -0.159349
17 64 -0.148136
17 65 -0.131164
17 66 -0.109547
17 67 -0.083849
17 68 -0.057258
17 69 -0.032106
17 70 -0.012528
17 71 -0.000875
17 72 -0.000159
17 73 -0.010810
17 74 -0.033136
17 75 -0.064938
17 76 -0.103712
17 77 -0.145640
17 78 -0.186635
17 79 -0.223338
17 80 -0.251666
17 81 -0.270642
17 82 -0.277242
17 83 -0.273590
17 84 -0.258107
17 85 -0.234964
17 86 -0.204497
17 87 -0.170012
17 88 -0.135174
17 89 -0.098519
17 90 -0.068682
17 91 -0.037755
17 92 -0.016849
17 93 0.001540
17 94 0.016713
17 95 0.017025
17 96 0.033218
17 97 0.014281
17 98 0.036895
17 99 0.000000

18 0 0.000000
18 1 0.029215
18 2 0.012121
18 3 0.029269
18 4 0.016031
18 5 0.017710
18 6 0.005746
18 7 -0.008940
18 8 -0.025941
18 9 -0.052982
18 10 -0.079461
18 11 -0.113840
18 12 -0.147808
18 13 -0.183472
18 14 -0.217200
18 15 -0.246004
18 16 -0.269183
18 17 -0.282302
18 18 -0.286133
18 19 -0.277745
18 20 -0.259085
18 21 -0.230151
18 22 -0.194093
18 23 -0.153682
18 24 -0.112730
18 25 -0.075323
18 26 -0.044616
18 27 -0.023961
18 28 -0.014357
18 29 -0.016852
18 30 -0.029633
18 31 -0.051285
18 32 -0.077975
18 33 -0.107194
18 34 -0.134938
18 35 -0.159541
18 36 -0.178511
18 37 -0.192181
18 38 -0.199976
18 39 -0.203928
18 40 -0.204456
18 41 -0.204053
18 42 -0.202847
18 43 -0.202753
18 44 -0.202974
18 45 -0.204669
18 46 -0.206341
18 47 -0.208832
18 48 -0.210470
18 49 -0.212222
18 50 -0.212572
18 51 -0.212771
18 52 -0.211544
18 53 -0.210435
18 54 -0.208403
18 55 -0.207200
18 56 -0.205856
18 57 -0.206008
18 58 -0.206320
18 59 -0.207777
18 60 -0.208242
18 61 -0.207823
18 62 -0.203770
18 63 -0.195925
18 64 -0.181993
18 65 -0.162807
18 66 -0.137794
18 67 -0.109666
18 68 -0.079917
18 69 -0.052689
18 70 -0.030417
18 71 -0.016982
18 72 -0.013808
18 73 -0.022709
18 74 -0.042633
18 75 -0.072698
18 76 -0.109287
18 77 -0.149808
18 78 -0.189223
18 79 -0.225226
18 80 -0.252852
18 81 -0.271949
18 82 -0.278638
18 83 -0.275668
18 84 -0.260656
18 85 -0.238288
18 86 -0.208184
18 87 -0.174154
18 88 -0.139285
18 89 -0.102569
18 90 -0.072385
18 91 -0.040932
18 92 -0.019679
18 93 -0.000663
18 94 0.014735
18 95 0.015223
18 96 0.031313
18 97 0.012984
18 98 0.033020
18 99 0.000000

19 0 0.000000
19 1 0.026551
19 2 0.012449
19 3 0.029534
19 4 0.017115
19 5 0.019225
19 6 0.007756
19 7 -0.006808
19 8 -0.023459
19 9 -0.050233
19 10 -0.076418
19 11 -0.110141
19 12 -0.143634
19 13 -0.178296
19 14 -0.211354
19 15 -0.239051
19 16 -0.261653
19 17 -0.273950
19 18 -0.277745
19 19 -0.269249
19 20 -0.251472
19 21 -0.223394
19 22 -0.189232
19 23 -0.150536
19 24 -0.112203
19 25 -0.076918
19 26 -0.049020
19 27 -0.030356
19 28 -0.023329
19 29 -0.027446
19 30 -0.042570
19 31 -0.065697
19 32 -0.094878
19 33 -0.125832
19 34 -0.156500
19 35 -0.183123
19 36 -0.205110
19 37 -0.220360
19 38 -0.230214
19 39 -0.234086
19 40 -0.234519
19 41 -0.231445
19 42 -0.227502
19 43 -0.222245
19 44 -0.217796
19 45 -0.213114
19 46 -0.209865
19 47 -0.206681
19 48 -0.205061
19 49 -0.203573
19 50 -0.203680
19 51 -0.203946
19 52 -0.205783
19 53 -0.207758
19 54 -0.211225
19 55 -0.214773
19 56 -0.219636
19 57 -0.224294
19 58 -0.229602
19 59 -0.233638
19 60 -0.236616
19 61 -0.236142
19 62 -0.232017
19 63 -0.221975
19 64 -0.206322
19 65 -0.183993
19 66 -0.156836
19 67 -0.125680
19 68 -0.094094
19 69 -0.064303
19 70 -0.040488
19 71 -0.024679
19 72 -0.019853
19 73 -0.026197
19 74 -0.044138
19 75 -0.071465
19 76 -0.105965
19 77 -0.143979
19 78 -0.181714
19 79 -0.215958
19 80 -0.242741
19 81 -0.261102
19 82 -0.267880
19 83 -0.265106
19 84 -0.250873
19 85 -0.229293
19 86 -0.200261
19 87 -0.167223
19 88 -0.133397
19 89 -0.097569
19 90 -0.068320
19 91 -0.037456
19 92 -0.017170
19 93 0.001522
19 94 0.015943
19 95 0.015984
19 96 0.031222
19 97 0.012784
19 98 0.030558
19 99 0.000000

20 0 0.000000
20 1 0.024760
20 2 0.013503
20 3 0.030830
20 4 0.020066
20 5 0.022912
20 6 0.013154
20 7 -0.000587
20 8 -0.015580
20 9 -0.041192
20 10 -0.065787
20 11 -0.098106
20 12 -0.129998
20 13 -0.163307
20 14 -0.194905
20 15 -0.221649
20 16 -0.243284
20 17 -0.255400
20 18 -0.259085
20 19 -0.251472
20 20 -0.234650
20 21 -0.208592
20 22 -0.176362
20 23 -0.140565
20 24 -0.104715
20 25 -0.072663
20 26 -0.047187
20 27 -0.031502
20 28 -0.026366
20 29 -0.032943
20 30 -0.049421
20 31 -0.074741
20 32 -0.105182
20 33 -0.138581
20 34 -0.170860
20 35 -0.200389
20 36 -0.224190
20 37 -0.242247
20 38 -0.253193
20 39 -0.258603
20 40 -0.258199
20 41 -0.254360
20 42 -0.247020
20 43 -0.238603
20 44 -0.228726
20 45 -0.219586
20 46 -0.210442
20 47 -0.203323
20 48 -0.197230
20 49 -0.194044
20 50 -0.192477
20 51 -0.194156
20 52 -0.197431
20 53 -0.203624
20 54 -0.210774
20 55 -0.219973
20 56 -0.229057
20 57 -0.238917
20 58 -0.247167
20 59 -0.254397
20 60 -0.257945
20 61 -0.258131
20 62 -0.252303
20 63 -0.241019
20 64 -0.222427
20 65 -0.198170
20 66 -0.168016
20 67 -0.135175
20 68 -0.101102
20 69 -0.070024
20 70 -0.044030
20 71 -0.026890
20 72 -0.019673
20 73 -0.024195
20 74 -0.039274
20 75 -0.064279
20 76 -0.095691
20 77 -0.131334
20 78 -0.166317
20 79 -0.198734
20 80 -0.223632
20 81 -0.241128
20 82 -0.247149
20 83 -0.244581
20 84 -0.230670
20 85 -0.210219
20 86 -0.182322
20 87 -0.151043
20 88 -0.118822
20 89 -0.085011
20 90 -0.057596
20 91 -0.028568
20 92 -0.010284
20 93 0.007101
20 94 0.019505
20 95 0.018649
20 96 0.032309
20 97 0.013369
20 98 0.029282
20 99 0.000000

21 0 0.000000
21 1 0.025003
21 2 0.015647
21 3 0.033991
21 4 0.025410
21 5 0.029599
21 6 0.022495
21 7 0.010672
21 8 -0.001719
21 9 -0.024793
21 10 -0.046989
21 11 -0.076616
21 12 -0.106421
21 13 -0.137418
21 14 -0.167549
21 15 -0.192799
21 16 -0.213959
21 17 -0.225700
21 18 -0.230151
21 19 -0.223394
21 20 -0.208592
21 21 -0.184485
21 22 -0.155264
21 23 -0.122109
21 24 -0.089745
21 25 -0.060421
21 26 -0.038282
21 27 -0.024823
21 28 -0.022424
21 29 -0.030476
21 30 -0.049102
21 31 -0.075411
21 32 -0.107891
21 33 -0.142379
21 34 -0.177126
21 35 -0.208178
21 36 -0.234878
21 37 -0.254496
21 38 -0.267979
21 39 -0.273921
21 40 -0.274515
21 41 -0.269126
21 42 -0.260514
21 43 -0.248238
21 44 -0.235157
21 45 -0.220765
21 46 -0.207853
21 47 -0.195766
21 48 -0.187092
21 49 -0.180861
21 50 -0.179207
21 51 -0.180625
21 52 -0.186600
21 53 -0.195037
21 54 -0.206826
21 55 -0.219477
21 56 -0.233510
21 57 -0.246291
21 58 -0.258134
21 59 -0.266396
21 60 -0.271272
21 61 -0.270267
21 62 -0.263737
21 63 -0.249781
21 64 -0.229515
21 65 -0.202286
21 66 -0.170561
21 67 -0.135245
21 68 -0.100103
21 69 -0.067047
21 70 -0.040149
21 71 -0.020985
21 72 -0.012431
21 73 -0.014390
21 74 -0.027408
21 75 -0.049280
21 76 -0.078129
21 77 -0.110499
21 78 -0.142977
21 79 -0.172594
21 80 -0.195646
21 81 -0.211340
21 82 -0.216597
21 83 -0.213526
21 84 -0.200102
21 85 -0.180498
21 86 -0.154242
21 87 -0.124968
21 88 -0.095232
21 89 -0.064154
21 90 -0.039696
21 91 -0.013454
21 92 0.001637
21 93 0.016929
21 94 0.026172
21 95 0.024055
21 96 0.035427
21 97 0.015344
21 98 0.030353
21 99 0.000000

22 0 0.000000
22 1 0.027225
22 2 0.018699
22 3 0.038419
22 4 0.032621
22 5 0.038203
22 6 0.034794
22 7 0.025354
22 8 0.016671
22 9 -0.003231
22 10 -0.021953
22 11 -0.048454
22 12 -0.075292
22 13 -0.103959
22 14 -0.132071
22 15 -0.156278
22 16 -0.176732
22 17 -0.188933
22 18 -0.194093
22 19 -0.189232
22 20 -0.176362
22 21 -0.155264
22 22 -0.128762
22 23 -0.099214
22 24 -0.069768
22 25 -0.044033
22 26 -0.024408
22 27 -0.013992
22 28 -0.013306
22 29 -0.023656
22 30 -0.043234
22 31 -0.071383
22 32 -0.104546
22 33 -0.141019
22 34 -0.176766
22 35 -0.210364
22 36 -0.238496
22 37 -0.260955
22 38 -0.275666
22 39 -0.283802
22 40 -0.284345
22 41 -0.279479
22 42 -0.268780
22 43 -0.255013
22 44 -0.237998
22 45 -0.220802
22 46 -0.203265
22 47 -0.188499
22 48 -0.176071
22 49 -0.168740
22 50 -0.165405
22 51 -0.168074
22 52 -0.174724
22 53 -0.186498
22 54 -0.200564
22 55 -0.217457
22 56 -0.233933
22 57 -0.250316
22 58 -0.263344
22 59 -0.273421
22 60 -0.277538
22 61 -0.276389
22 62 -0.267508
22 63 -0.252211
22 64 -0.229035
22 65 -0.200348
22 66 -0.166098
22 67 -0.129843
22 68 -0.092823
22 69 -0.059222
22 70 -0.030665
22 71 -0.010745
22 72 -0.000127
22 73 -0.000600
22 74 -0.010828
22 75 -0.030416
22 76 -0.055921
22 77 -0.085585
22 78 -0.114682
22 79 -0.141773
22 80 -0.162030
22 81 -0.175989
22 82 -0.179590
22 83 -0.176053
22 84 -0.162467
22 85 -0.143913
22 86 -0.119043
22 87 -0.092265
22 88 -0.065176
22 89 -0.037597
22 90 -0.016565
22 91 0.006019
22 92 0.017296
22 93 0.029844
22 94 0.035215
22 95 0.031663
22 96 0.040249
22 97 0.018588
22 98 0.033782
22 99 0.000000

23 0 0.000000
23 1 0.032036
23 2 0.022852
23 3 0.044509
23 4 0.041702
23 5 0.048860
23 6 0.049605
23 7 0.043173
23 8 0.038563
23 9 0.022694
23 10 0.007669
23 11 -0.014914
23 12 -0.038822
23 13 -0.064597
23 14 -0.091076
23 15 -0.113927
23 16 -0.134391
23 17 -0.146889
23 18 -0.153682
23 19 -0.150536
23 20 -0.140565
23 21 -0.122109
23 22 -0.099214
23 23 -0.072619
23 24 -0.046866
23 25 -0.023787
23 26 -0.007395
23 27 0.001122
23 28 -0.000650
23 29 -0.012007
23 30 -0.033356
23 31 -0.061923
23 32 -0.096660
23 33 -0.133558
23 34 -0.171270
23 35 -0.205754
23 36 -0.236437
23 37 -0.260107
23 38 -0.277464
23 39 -0.286364
23 40 -0.288703
23 41 -0.283231
23 42 -0.272738
23 43 -0.256608
23 44 -0.238244
23 45 -0.217434
23 46 -0.197881
23 47 -0.179427
23 48 -0.165591
23 49 -0.155731
23 50 -0.152596
23 51 -0.154570
23 52 -0.163258
23 53 -0.175965
23 54 -0.193260
23 55 -0.211739
23 56 -0.231426
23 57 -0.248793
23 58 -0.263858
23 59 -0.273453
23 60 -0.277943
23 61 -0.274822
23 62 -0.265049
23 63 -0.247040
23 64 -0.222636
23 65 -0.191441
23 66 -0.156396
23 67 -0.118321
23 68 -0.081061
23 69 -0.046113
23 70 -0.017389
23 71 0.004021
23 72 0.015363
23 73 0.017049
23 74 0.008438
23 75 -0.008212
23 76 -0.031313
23 77 -0.057564
23 78 -0.083927
23 79 -0.107695
23 80 -0.125521
23 81 -0.136899
23 82 -0.139022
23 83 -0.134249
23 84 -0.120643
23 85 -0.102583
23 86 -0.079334
23 87 -0.054799
23 88 -0.030735
23 89 -0.006700
23 90 0.010434
23 91 0.029132
23 92 0.036086
23 93 0.045725
23 94 0.046639
23 95 0.041756
23 96 0.047115
23 97 0.023480
23 98 0.040064
23 99 0.000000

24 0 0.000000
24 1 0.039241
24 2 0.028102
24 3 0.051832
24 4 0.052298
24 5 0.060619
24 6 0.065961
24 7 0.062340
24 8 0.062191
24 9 0.050213
24 10 0.039258
24 11 0.020306
24 12 -0.000354
24 13 -0.023748
24 14 -0.048366
24 15 -0.070585
24 16 -0.090878
24 17 -0.104540
24 18 -0.112730
24 19 -0.112203
24 20 -0.104715
24 21 -0.089745
24 22 -0.069768
24 23 -0.046866
24 24 -0.023825
24 25 -0.004068
24 26 0.010317
24 27 0.016260
24 28 0.013418
24 29 0.000297
24 30 -0.021311
24 31 -0.051150
24 32 -0.085811
24 33 -0.124059
24 34 -0.161933
24 35 -0.198307
24 36 -0.229647
24 37 -0.255718
24 38 -0.273896
24 39 -0.285109
24 40 -0.287683
24 41 -0.283647
24 42 -0.272150
24 43 -0.256168
24 44 -0.235502
24 45 -0.213841
24 46 -0.191317
24 47 -0.171860
24 48 -0.155355
24 49 -0.145265
24 50 -0.140547
24 51 -0.143568
24 52 -0.151959
24 53 -0.166825
24 54 -0.184636
24 55 -0.205631
24 56 -0.225751
24 57 -0.245051
24 58 -0.259645
24 59 -0.269981
24 60 -0.272827
24 61 -0.269329
24 62 -0.257163
24 63 -0.238319
24 64 -0.211561
24 65 -0.179818
24 66 -0.143045
24 67 -0.105020
24 68 -0.066664
24 69 -0.032076
24 70 -0.002392
24 71 0.018960
24 72 0.031735
24 73 0.034175
24 74 0.027818
24 75 0.012882
24 76 -0.007195
24 77 -0.031010
24 78 -0.053968
24 79 -0.075097
24 80 -0.089747
24 81 -0.098959
24 82 -0.098822
24 83 -0.093025
24 84 -0.078654
24 85 -0.061183
24 86 -0.038912
24 87 -0.016669
24 88 0.004884
24 89 0.025325
24 90 0.038949
24 91 0.053709
24 92 0.056587
24 93 0.063356
24 94 0.059800
24 95 0.053832
24 96 0.055774
24 97 0.029945
24 98 0.048946
24 99 0.000000

25 0 0.000000
25 1 0.048839
25 2 0.034512
25 3 0.060541
25 4 0.064150
25 5 0.073376
25 6 0.083003
25 7 0.082094
25 8 0.085830
25 9 0.077719
25 10 0.070133
25 11 0.054800
25 12 0.036610
25 13 0.015625
25 14 -0.007959
25 15 -0.029422
25 16 -0.050384
25 17 -0.064927
25 18 -0.075323
25 19 -0.076918
25 20 -0.072663
25 21 -0.060421
25 22 -0.044033
25 23 -0.023787
25 24 -0.004068
25 25 0.013657
25 26 0.025427
25 27 0.030280
25 28 0.025695
25 29 0.012438
25 30 -0.010204
25 31 -0.039547
25 32 -0.074990
25 33 -0.112645
25 34 -0.151588
25 35 -0.187737
25 36 -0.220731
25 37 -0.247022
25 38 -0.267262
25 39 -0.278750
25 40 -0.283243
25 41 -0.278947
25 42 -0.268681
25 43 -0.251537
25 44 -0.231265
25 45 -0.207660
25 46 -0.185031
25 47 -0.163377
25 48 -0.146868
25 49 -0.134940
25 50 -0.130816
25 51 -0.132712
25 52 -0.142418
25 53 -0.156786
25 54 -0.176317
25 55 -0.196979
25 56 -0.218647
25 57 -0.237210
25 58 -0.252678
25 59 -0.261560
25 60 -0.264506
25 61 -0.259000
25 62 -0.246533
25 63 -0.225672
25 64 -0.198799
25 65 -0.165569
25 66 -0.129235
25 67 -0.090400
25 68 -0.052928
25 69 -0.017874
25 70 0.010987
25 71 0.033039
25 72 0.045623
25 73 0.049479
25 74 0.043904
25 75 0.031270
25 76 0.012940
25 77 -0.007870
25 78 -0.028456
25 79 -0.046345
25 80 -0.058575
25 81 -0.064957
25 82 -0.063032
25 83 -0.055474
25 84 -0.040530
25 85 -0.022838
25 86 -0.001477
25 87 0.019334
25 88 0.038655
25 89 0.056352
25 90 0.066877
25 91 0.078450
25 92 0.077657
25 93 0.082171
25 94 0.074314
25 95 0.067784
25 96 0.066163
25 97 0.038091
25 98 0.060201
25 99 0.000000

26 0 0.000000
26 1 0.060215
26 2 0.042131
26 3 0.070250
26 4 0.077085
26 5 0.086447
26 6 0.100114
26 7 0.100999
26 8 0.108141
26 9 0.102817
26 10 0.098109
26 11 0.085238
26 12 0.069164
26 13 0.049480
26 14 0.026821
26 15 0.005143
26 16 -0.016289
26 17 -0.032528
26 18 -0.044616
26 19 -0.049020
26 20 -0.047187
26 21 -0.038282
26 22 -0.024408
26 23 -0.007395
26 24 0.010317
26 25 0.025427
26 26 0.036104
26 27 0.039234
26 28 0.034604
26 29 0.020491
26 30 -0.001322
26 31 -0.030966
26 32 -0.065132
26 33 -0.103031
26 34 -0.140762
26 35 -0.177551
26 36 -0.209737
26 37 -0.237237
26 38 -0.257072
26 39 -0.270151
26 40 -0.274329
26 41 -0.271615
26 42 -0.260754
26 43 -0.244872
26 44 -0.223547
26 45 -0.200827
26 46 -0.176782
26 47 -0.155814
26 48 -0.137779
26 49 -0.126585
26 50 -0.121061
26 51 -0.123883
26 52 -0.132392
26 53 -0.147841
26 54 -0.166270
26 55 -0.187972
26 56 -0.208421
26 57 -0.227758
26 58 -0.241742
26 59 -0.251059
26 60 -0.252325
26 61 -0.247103
26 62 -0.233076
26 63 -0.212713
26 64 -0.184777
