0 0 0.000000
0 1 0.000000
0 2 0.000000
0 3 0.000000
0 4 0.000000
0 5 0.000000
0 6 0.000000
0 7 0.000000
0 8 0.000000
0 9 0.000000
0 10 0.000000
0 11 0.000000
0 12 0.000000
0 13 0.000000
0 14 0.000000
0 15 0.000000
0 16 0.000000
0 17 0.000000
0 18 0.000000
0 19 0.000000
0 20 0.000000
0 21 0.000000
0 22 0.000000
0 23 0.000000
0 24 0.000000
0 25 0.000000
0 26 0.000000
0 27 0.000000
0 28 0.000000
0 29 0.000000
0 30 0.000000
0 31 0.000000
0 32 0.000000
0 33 0.000000
0 34 0.000000
0 35 0.000000
0 36 0.000000
0 37 0.000000
0 38 0.000000
0 39 0.000000
0 40 0.000000
0 41 0.000000
0 42 0.000000
0 43 0.000000
0 44 0.000000
0 45 0.000000
0 46 0.000000
0 47 0.000000
0 48 0.000000
0 49 0.000000
0 50 0.000000
0 51 0.000000
0 52 0.000000
0 53 0.000000
0 54 0.000000
0 55 0.000000
0 56 0.000000
0 57 0.000000
0 58 0.000000
0 59 0.000000
0 60 0.000000
0 61 0.000000
0 62 0.000000
0 63 0.000000
0 64 0.000000
0 65 0.000000
0 66 0.000000
0 67 0.000000
0 68 0.000000
0 69 0.000000
0 70 0.000000
0 71 0.000000
0 72 0.000000
0 73 0.000000
0 74 0.000000
0 75 0.000000
0 76 0.000000
0 77 0.000000
0 78 0.000000
0 79 0.000000
0 80 0.000000
0 81 0.000000
0 82 0.000000
0 83 0.000000
0 84 0.000000
0 85 0.000000
0 86 0.000000
0 87 0.000000
0 88 0.000000
0 89 0.000000
0 90 0.000000
0 91 0.000000
0 92 0.000000
0 93 0.000000
0 94 0.000000
0 95 0.000000
0 96 0.000000
0 97 0.000000
0 98 0.000000
0 99 0.000000

1 0 0.000000
1 1 -0.004671
1 2 -0.006675
1 3 -0.010088
1 4 -0.014076
1 5 -0.019048
1 6 -0.025159
1 7 -0.032678
1 8 -0.041466
1 9 -0.051753
1 10 -0.062986
1 11 -0.074943
1 12 -0.086719
1 13 -0.097295
1 14 -0.105618
1 15 -0.109957
1 16 -0.109585
1 17 -0.102735
1 18 -0.089738
1 19 -0.069828
1 20 -0.045044
1 21 -0.016329
1 22 0.012656
1 23 0.039628
1 24 0.060566
1 25 0.073442
1 26 0.075894
1 27 0.068032
1 28 0.050564
1 29 0.026322
1 30 -0.001474
1 31 -0.028806
1 32 -0.052368
1 33 -0.069584
1 34 -0.079472
1 35 -0.082379
1 36 -0.079990
1 37 -0.074619
1 38 -0.068743
1 39 -0.064292
1 40 -0.062391
1 41 -0.063144
1 42 -0.065911
1 43 -0.069573
1 44 -0.073059
1 45 -0.075597
1 46 -0.076979
1 47 -0.077419
1 48 -0.077435
1 49 -0.077456
1 50 -0.077692
1 51 -0.077932
1 52 -0.077747
1 53 -0.076617
1 54 -0.074331
1 55 -0.071092
1 56 -0.067675
1 57 -0.065150
1 58 -0.064633
1 59 -0.066765
1 60 -0.071437
1 61 -0.077532
1 62 -0.083104
1 63 -0.085699
1 64 -0.082967
1 65 -0.073277
1 66 -0.056200
1 67 -0.032834
1 68 -0.005584
1 69 0.022006
1 70 0.046247
1 71 0.063482
1 72 0.071451
1 73 0.068718
1 74 0.056080
1 75 0.034797
1 76 0.008203
1 77 -0.021189
1 78 -0.049403
1 79 -0.074622
1 80 -0.093958
1 81 -0.107353
1 82 -0.113636
1 83 -0.114287
1 84 -0.109478
1 85 -0.101242
1 86 -0.090357
1 87 -0.078454
1 88 -0.066350
1 89 -0.054825
1 90 -0.044487
1 91 -0.035358
1 92 -0.027775
1 93 -0.021406
1 94 -0.016292
1 95 -0.012144
1 96 -0.008799
1 97 -0.005883
1 98 -0.004172
1 99 0.000000

2 0 0.000000
2 1 -0.006675
2 2 -0.009070
2 3 -0.013590
2 4 -0.018528
2 5 -0.024463
2 6 -0.031619
2 7 -0.039865
2 8 -0.049246
2 9 -0.059468
2 10 -0.069914
2 11 -0.080026
2 12 -0.088447
2 13 -0.094296
2 14 -0.095836
2 15 -0.092185
2 16 -0.082076
2 17 -0.065408
2 18 -0.042456
2 19 -0.014723
2 20 0.015393
2 21 0.044740
2 22 0.069509
2 23 0.086249
2 24 0.091840
2 25 0.084835
2 26 0.065130
2 27 0.034879
2 28 -0.002394
2 29 -0.041754
2 30 -0.078198
2 31 -0.107199
2 32 -0.125850
2 33 -0.133173
2 34 -0.130340
2 35 -0.120202
2 36 -0.106555
2 37 -0.093237
2 38 -0.083225
2 39 -0.078159
2 40 -0.078089
2 41 -0.081854
2 42 -0.087491
2 43 -0.093051
2 44 -0.097007
2 45 -0.098761
2 46 -0.098503
2 47 -0.097156
2 48 -0.095775
2 49 -0.095294
2 50 -0.096001
2 51 -0.097609
2 52 -0.099182
2 53 -0.099665
2 54 -0.098137
2 55 -0.094407
2 56 -0.089073
2 57 -0.083663
2 58 -0.080123
2 59 -0.080419
2 60 -0.085704
2 61 -0.095939
2 62 -0.109466
2 63 -0.123331
2 64 -0.133665
2 65 -0.136714
2 66 -0.129567
2 67 -0.111133
2 68 -0.082278
2 69 -0.046049
2 70 -0.006792
2 71 0.030269
2 72 0.060471
2 73 0.079973
2 74 0.086983
2 75 0.081210
2 76 0.064516
2 77 0.039612
2 78 0.010325
2 79 -0.019845
2 80 -0.047533
2 81 -0.070425
2 82 -0.087089
2 83 -0.097006
2 84 -0.100695
2 85 -0.098854
2 86 -0.093052
2 87 -0.084279
2 88 -0.074163
2 89 -0.063394
2 90 -0.053057
2 91 -0.043452
2 92 -0.034963
2 93 -0.027694
2 94 -0.021484
2 95 -0.016371
2 96 -0.012117
2 97 -0.008146
2 98 -0.006082
2 99 0.000000

3 0 0.000000
3 1 -0.010088
3 2 -0.013590
3 3 -0.020350
3 4 -0.027538
3 5 -0.036330
3 6 -0.046699
3 7 -0.058847
3 8 -0.072561
3 9 -0.087697
3 10 -0.103396
3 11 -0.118837
3 12 -0.132537
3 13 -0.142832
3 14 -0.148065
3 15 -0.146192
3 16 -0.136351
3 17 -0.117272
3 18 -0.090107
3 19 -0.055610
3 20 -0.017577
3 21 0.020974
3 22 0.054530
3 23 0.079381
3 24 0.090923
3 25 0.087601
3 26 0.068599
3 27 0.036573
3 28 -0.004729
3 29 -0.049321
3 30 -0.091469
3 31 -0.125620
3 32 -0.148371
3 33 -0.158330
3 34 -0.156827
3 35 -0.146964
3 36 -0.133128
3 37 -0.119570
3 38 -0.109728
3 39 -0.105316
3 40 -0.106428
3 41 -0.111601
3 42 -0.118703
3 43 -0.125440
3 44 -0.130246
3 45 -0.132387
3 46 -0.132249
3 47 -0.130784
3 48 -0.129320
3 49 -0.128787
3 50 -0.129636
3 51 -0.131415
3 52 -0.133195
3 53 -0.133647
3 54 -0.131822
3 55 -0.127331
3 56 -0.120911
3 57 -0.114125
3 58 -0.109268
3 59 -0.108471
3 60 -0.113194
3 61 -0.123348
3 62 -0.137204
3 63 -0.151349
3 64 -0.161491
3 65 -0.163304
3 66 -0.153593
3 67 -0.131163
3 68 -0.097208
3 69 -0.055398
3 70 -0.010922
3 71 0.030013
3 72 0.062036
3 73 0.080630
3 74 0.084084
3 75 0.072087
3 76 0.047509
3 77 0.013464
3 78 -0.024689
3 79 -0.063203
3 80 -0.097227
3 81 -0.124796
3 82 -0.143396
3 83 -0.153488
3 84 -0.154948
3 85 -0.149757
3 86 -0.139156
3 87 -0.125282
3 88 -0.109633
3 89 -0.093604
3 90 -0.078297
3 91 -0.064203
3 92 -0.051847
3 93 -0.041150
3 94 -0.032145
3 95 -0.024535
3 96 -0.018315
3 97 -0.012321
3 98 -0.009296
3 99 0.000000

4 0 0.000000
4 1 -0.014076
4 2 -0.018528
4 3 -0.027538
4 4 -0.036883
4 5 -0.048030
4 6 -0.061124
4 7 -0.076031
4 8 -0.092679
4 9 -0.110658
4 10 -0.128763
4 11 -0.146176
4 12 -0.160495
4 13 -0.170398
4 14 -0.172966
4 15 -0.166901
4 16 -0.150201
4 17 -0.122843
4 18 -0.085433
4 19 -0.040493
4 20 0.007964
4 21 0.054911
4 22 0.094218
4 23 0.120572
4 24 0.129129
4 25 0.117878
4 26 0.086812
4 27 0.039530
4 28 -0.018409
4 29 -0.079295
4 30 -0.135497
4 31 -0.180173
4 32 -0.209057
4 33 -0.220824
4 34 -0.217369
4 35 -0.203065
4 36 -0.183588
4 37 -0.164619
4 38 -0.150463
4 39 -0.143460
4 40 -0.143586
4 41 -0.149130
4 42 -0.157236
4 43 -0.165158
4 44 -0.170743
4 45 -0.173215
4 46 -0.172851
4 47 -0.170983
4 48 -0.169058
4 49 -0.168399
4 50 -0.169375
4 51 -0.171618
4 52 -0.173803
4 53 -0.174488
4 54 -0.172336
4 55 -0.167078
4 56 -0.159483
4 57 -0.151713
4 58 -0.146504
4 59 -0.146722
4 60 -0.154063
4 61 -0.168569
4 62 -0.187873
4 63 -0.207708
4 64 -0.222338
4 65 -0.226163
4 66 -0.214705
4 67 -0.186208
4 68 -0.141804
4 69 -0.086009
4 70 -0.025336
4 71 0.032182
4 72 0.079330
4 73 0.109968
4 74 0.121169
4 75 0.112199
4 76 0.085859
4 77 0.046201
4 78 -0.000708
4 79 -0.049389
4 80 -0.094323
4 81 -0.131757
4 82 -0.159188
4 83 -0.175671
4 84 -0.181896
4 85 -0.178888
4 86 -0.169178
4 87 -0.154290
4 88 -0.136994
4 89 -0.118334
4 90 -0.100272
4 91 -0.083217
4 92 -0.067981
4 93 -0.054657
4 94 -0.043122
4 95 -0.033333
4 96 -0.025139
4 97 -0.017020
4 98 -0.013163
4 99 0.000000

5 0 0.000000
5 1 -0.019048
5 2 -0.024463
5 3 -0.036330
5 4 -0.048030
5 5 -0.062149
5 6 -0.078327
5 7 -0.096677
5 8 -0.116989
5 9 -0.138659
5 10 -0.160554
5 11 -0.181211
5 12 -0.198504
5 13 -0.210110
5 14 -0.213608
5 15 -0.206605
5 16 -0.187884
5 17 -0.156582
5 18 -0.114439
5 19 -0.063625
5 20 -0.009555
5 21 0.042674
5 22 0.085587
5 23 0.113783
5 24 0.121610
5 25 0.107428
5 26 0.071269
5 27 0.017712
5 28 -0.046991
5 29 -0.113936
5 30 -0.174802
5 31 -0.222005
5 32 -0.251241
5 33 -0.261262
5 34 -0.254671
5 35 -0.236458
5 36 -0.213231
5 37 -0.191153
5 38 -0.175065
5 39 -0.167213
5 40 -0.167554
5 41 -0.173840
5 42 -0.182995
5 43 -0.191742
5 44 -0.197916
5 45 -0.200488
5 46 -0.200024
5 47 -0.197805
5 48 -0.195667
5 49 -0.194846
5 50 -0.195980
5 51 -0.198432
5 52 -0.200967
5 53 -0.201750
5 54 -0.199502
5 55 -0.193657
5 56 -0.185248
5 57 -0.176436
5 58 -0.170503
5 59 -0.170523
5 60 -0.178740
5 61 -0.195206
5 62 -0.217656
5 63 -0.241280
5 64 -0.259866
5 65 -0.266882
5 66 -0.257223
5 67 -0.228450
5 68 -0.181575
5 69 -0.121216
5 70 -0.054531
5 71 0.009615
5 72 0.063015
5 73 0.098562
5 74 0.112711
5 75 0.104228
5 76 0.076124
5 77 0.032542
5 78 -0.019490
5 79 -0.074183
5 80 -0.124743
5 81 -0.167381
5 82 -0.198428
5 83 -0.217442
5 84 -0.224233
5 85 -0.220790
5 86 -0.209016
5 87 -0.191561
5 88 -0.170735
5 89 -0.148542
5 90 -0.126629
5 91 -0.105985
5 92 -0.087284
5 93 -0.070771
5 94 -0.056406
5 95 -0.043882
5 96 -0.033540
5 97 -0.022710
5 98 -0.018032
5 99 0.000000

6 0 0.000000
6 1 -0.025159
6 2 -0.031619
6 3 -0.046699
6 4 -0.061124
6 5 -0.078327
6 6 -0.097790
6 7 -0.119589
6 8 -0.143336
6 9 -0.168553
6 10 -0.193413
6 11 -0.216877
6 12 -0.235648
6 13 -0.248069
6 14 -0.250357
6 15 -0.240993
6 16 -0.217615
6 17 -0.180469
6 18 -0.130707
6 19 -0.071843
6 20 -0.009343
6 21 0.050281
6 22 0.099160
6 23 0.130783
6 24 0.139287
6 25 0.122633
6 26 0.081254
6 27 0.020150
6 28 -0.053435
6 29 -0.129717
6 30 -0.199266
6 31 -0.253800
6 32 -0.288355
6 33 -0.301628
6 34 -0.296216
6 35 -0.277670
6 36 -0.252980
6 37 -0.229068
6 38 -0.211069
6 39 -0.201774
6 40 -0.201079
6 41 -0.206959
6 42 -0.215992
6 43 -0.224981
6 44 -0.231358
6 45 -0.234241
6 46 -0.233878
6 47 -0.231812
6 48 -0.229628
6 49 -0.228863
6 50 -0.229886
6 51 -0.232331
6 52 -0.234659
6 53 -0.235293
6 54 -0.232684
6 55 -0.226595
6 56 -0.217901
6 57 -0.209182
6 58 -0.203622
6 59 -0.204660
6 60 -0.214301
6 61 -0.232675
6 62 -0.256955
6 63 -0.282058
6 64 -0.300988
6 65 -0.306861
6 66 -0.293981
6 67 -0.259946
6 68 -0.205789
6 69 -0.136823
6 70 -0.060876
6 71 0.012066
6 72 0.072905
6 73 0.113589
6 74 0.130057
6 75 0.120838
6 76 0.089089
6 77 0.039539
6 78 -0.020202
6 79 -0.083232
6 80 -0.142271
6 81 -0.192315
6 82 -0.229755
6 83 -0.253093
6 84 -0.262877
6 85 -0.260231
6 86 -0.248286
6 87 -0.228940
6 88 -0.205855
6 89 -0.180384
6 90 -0.155277
6 91 -0.131056
6 92 -0.109025
6 93 -0.089235
6 94 -0.071806
6 95 -0.056390
6 96 -0.043538
6 97 -0.029611
6 98 -0.024067
6 99 0.000000

7 0 0.000000
7 1 -0.032678
7 2 -0.039865
7 3 -0.058847
7 4 -0.076031
7 5 -0.096677
7 6 -0.119589
7 7 -0.144900
7 8 -0.172354
7 9 -0.200899
7 10 -0.229125
7 11 -0.255041
7 12 -0.275904
7 13 -0.288946
7 14 -0.291045
7 15 -0.279689
7 16 -0.253335
7 17 -0.211603
7 18 -0.156676
7 19 -0.091906
7 20 -0.023925
7 21 0.040614
7 22 0.092800
7 23 0.126046
7 24 0.133910
7 25 0.114680
7 26 0.068838
7 27 0.002170
7 28 -0.077596
7 29 -0.159728
7 30 -0.234330
7 31 -0.292432
7 32 -0.329005
7 33 -0.342532
7 34 -0.336020
7 35 -0.315163
7 36 -0.287611
7 37 -0.260483
7 38 -0.239538
7 39 -0.227572
7 40 -0.224903
7 41 -0.229264
7 42 -0.237474
7 43 -0.245931
7 44 -0.252250
7 45 -0.255105
7 46 -0.254961
7 47 -0.252947
7 48 -0.250933
7 49 -0.250081
7 50 -0.251099
7 51 -0.253282
7 52 -0.255470
7 53 -0.255795
7 54 -0.253133
7 55 -0.247018
7 56 -0.238784
7 57 -0.230812
7 58 -0.226711
7 59 -0.229660
7 60 -0.241925
7 61 -0.263200
7 62 -0.290666
7 63 -0.318604
7 64 -0.339836
7 65 -0.346806
7 66 -0.333681
7 67 -0.297653
7 68 -0.239957
7 69 -0.165999
7 70 -0.084243
7 71 -0.005224
7 72 0.061130
7 73 0.106125
7 74 0.125124
7 75 0.116331
7 76 0.082934
7 77 0.029792
7 78 -0.034851
7 79 -0.103728
7 80 -0.168604
7 81 -0.224266
7 82 -0.266152
7 83 -0.292997
7 84 -0.304564
7 85 -0.302689
7 86 -0.289863
7 87 -0.269010
7 88 -0.243207
7 89 -0.214884
7 90 -0.186240
7 91 -0.158679
7 92 -0.133058
7 93 -0.109940
7 94 -0.089285
7 95 -0.070636
7 96 -0.055251
7 97 -0.037556
7 98 -0.031493
7 99 0.000000

8 0 0.000000
8 1 -0.041466
8 2 -0.049246
8 3 -0.072561
8 4 -0.092679
8 5 -0.116989
8 6 -0.143336
8 7 -0.172354
8 8 -0.203138
8 9 -0.235160
8 10 -0.266003
8 11 -0.294405
8 12 -0.316344
8 13 -0.329909
8 14 -0.330722
8 15 -0.317202
8 16 -0.286878
8 17 -0.240374
8 18 -0.179443
8 19 -0.108479
8 20 -0.034122
8 21 0.036032
8 22 0.092906
8 23 0.129276
8 24 0.138698
8 25 0.119272
8 26 0.071797
8 27 0.002234
8 28 -0.081145
8 29 -0.167327
8 30 -0.245864
8 31 -0.307632
8 32 -0.347177
8 33 -0.363033
8 34 -0.357905
8 35 -0.337712
8 36 -0.309898
8 37 -0.281970
8 38 -0.259563
8 39 -0.246002
8 40 -0.241523
8 41 -0.244427
8 42 -0.251365
8 43 -0.259205
8 44 -0.265193
8 45 -0.268305
8 46 -0.268457
8 47 -0.266996
8 48 -0.265203
8 49 -0.264534
8 50 -0.265232
8 51 -0.267058
8 52 -0.268558
8 53 -0.268457
8 54 -0.265406
8 55 -0.259500
8 56 -0.251757
8 57 -0.244946
8 58 -0.242184
8 59 -0.246847
8 60 -0.260604
8 61 -0.283261
8 62 -0.311441
8 63 -0.339585
8 64 -0.360086
8 65 -0.365641
8 66 -0.350145
8 67 -0.311143
8 68 -0.249766
8 69 -0.171902
8 70 -0.086113
8 71 -0.003542
8 72 0.065652
8 73 0.112191
8 74 0.131282
8 75 0.120830
8 76 0.084136
8 77 0.026219
8 78 -0.044306
8 79 -0.119600
8 80 -0.191056
8 81 -0.252680
8 82 -0.299863
8 83 -0.330531
8 84 -0.344918
8 85 -0.344081
8 86 -0.331475
8 87 -0.309242
8 88 -0.281698
8 89 -0.250477
8 90 -0.218994
8 91 -0.187923
8 92 -0.159063
8 93 -0.132412
8 94 -0.108557
8 95 -0.086459
8 96 -0.068415
8 97 -0.046527
8 98 -0.040152
8 99 0.000000

9 0 0.000000
9 1 -0.051753
9 2 -0.059468
9 3 -0.087697
9 4 -0.110658
9 5 -0.138659
9 6 -0.168553
9 7 -0.200899
9 8 -0.235160
9 9 -0.269949
9 10 -0.303507
9 11 -0.333487
9 12 -0.356562
9 13 -0.369787
9 14 -0.369482
9 15 -0.353295
9 16 -0.319510
9 17 -0.268356
9 18 -0.202430
9 19 -0.126053
9 20 -0.046705
9 21 0.027975
9 22 0.088249
9 23 0.126984
9 24 0.137393
9 25 0.117905
9 26 0.069250
9 27 -0.002126
9 28 -0.087944
9 29 -0.176720
9 30 -0.258064
9 31 -0.322440
9 32 -0.364503
9 33 -0.382338
9 34 -0.378750
9 35 -0.359162
9 36 -0.331194
9 37 -0.301967
9 38 -0.277563
9 39 -0.261168
9 40 -0.253755
9 41 -0.253617
9 42 -0.258192
9 43 -0.264162
9 44 -0.269318
9 45 -0.272090
9 46 -0.272648
9 47 -0.271556
9 48 -0.270293
9 49 -0.269602
9 50 -0.270152
9 51 -0.271277
9 52 -0.272242
9 53 -0.271565
9 54 -0.268693
9 55 -0.263453
9 56 -0.257426
9 57 -0.252817
9 58 -0.252954
9 59 -0.260397
9 60 -0.276858
9 61 -0.301373
9 62 -0.330738
9 63 -0.358915
9 64 -0.378717
9 65 -0.382635
9 66 -0.365087
9 67 -0.323501
9 68 -0.259467
9 69 -0.178768
9 70 -0.090362
9 71 -0.005373
9 72 0.065633
9 73 0.113275
9 74 0.132402
9 75 0.120823
9 76 0.081719
9 77 0.020185
9 78 -0.054918
9 79 -0.135505
9 80 -0.212421
9 81 -0.279438
9 82 -0.331289
9 83 -0.365921
9 84 -0.382946
9 85 -0.383835
9 86 -0.371480
9 87 -0.348802
9 88 -0.319539
9 89 -0.286327
9 90 -0.251931
9 91 -0.218045
9 92 -0.185812
9 93 -0.156011
9 94 -0.128872
9 95 -0.103332
9 96 -0.082770
9 97 -0.056163
9 98 -0.050188
9 99 0.000000

10 0 0.000000
10 1 -0.062986
10 2 -0.069914
10 3 -0.103396
10 4 -0.128763
10 5 -0.160554
10 6 -0.193413
10 7 -0.229125
10 8 -0.266003
10 9 -0.303507
10 10 -0.338685
10 11 -0.370065
10 12 -0.393098
10 13 -0.405737
10 14 -0.403278
10 15 -0.384271
10 16 -0.346358
10 17 -0.290652
10 18 -0.219496
10 19 -0.138004
10 20 -0.053617
10 21 0.025463
10 22 0.089562
10 23 0.131289
10 24 0.144074
10 25 0.126296
10 26 0.078970
10 27 0.008456
10 28 -0.076772
10 29 -0.165495
10 30 -0.247204
10 31 -0.312683
10 32 -0.356296
10 33 -0.376254
10 34 -0.374726
10 35 -0.357062
10 36 -0.330091
10 37 -0.301013
10 38 -0.275379
10 39 -0.256946
10 40 -0.246579
10 41 -0.243547
10 42 -0.245292
10 43 -0.249420
10 44 -0.253381
10 45 -0.256121
10 46 -0.256993
10 47 -0.256764
10 48 -0.255937
10 49 -0.255561
10 50 -0.255601
10 51 -0.256098
10 52 -0.256003
10 53 -0.254823
10 54 -0.251787
10 55 -0.247557
10 56 -0.243176
10 57 -0.241217
10 58 -0.244054
10 59 -0.254279
10 60 -0.272589
10 61 -0.298173
10 62 -0.327210
10 63 -0.354244
10 64 -0.371957
10 65 -0.373689
10 66 -0.353869
10 67 -0.310632
10 68 -0.245369
10 69 -0.164235
10 70 -0.075786
10 71 0.008645
10 72 0.078845
10 73 0.125150
10 74 0.142572
10 75 0.128570
10 76 0.086409
10 77 0.020981
10 78 -0.058683
10 79 -0.144380
10 80 -0.226697
10 81 -0.298986
10 82 -0.355829
10 83 -0.394573
10 84 -0.415024
10 85 -0.417978
10 86 -0.406964
10 87 -0.384180
10 88 -0.354369
10 89 -0.319373
10 90 -0.283130
10 91 -0.246493
10 92 -0.211737
10 93 -0.178776
10 94 -0.148970
10 95 -0.119933
10 96 -0.097374
10 97 -0.065769
10 98 -0.061008
10 99 0.000000

11 0 0.000000
11 1 -0.074943
11 2 -0.080026
11 3 -0.118837
11 4 -0.146176
11 5 -0.181211
11 6 -0.216877
11 7 -0.255041
11 8 -0.294405
11 9 -0.333487
11 10 -0.370065
11 11 -0.401633
11 12 -0.424333
11 13 -0.435302
11 14 -0.430484
11 15 -0.407954
11 16 -0.366019
11 17 -0.305631
11 18 -0.229802
11 19 -0.143613
11 20 -0.055055
11 21 0.027806
11 22 0.094997
11 23 0.139476
11 24 0.154568
11 25 0.139088
11 26 0.093880
11 27 0.025571
11 28 -0.057827
11 29 -0.145067
11 30 -0.226289
11 31 -0.292186
11 32 -0.337557
11 33 -0.360049
11 34 -0.361803
11 35 -0.347126
11 36 -0.322639
11 37 -0.294530
11 38 -0.268570
11 39 -0.248051
11 40 -0.234771
11 41 -0.228032
11 42 -0.226544
11 43 -0.227860
11 44 -0.230396
11 45 -0.232462
11 46 -0.233826
11 47 -0.234134
11 48 -0.234110
11 49 -0.233746
11 50 -0.233578
11 51 -0.233073
11 52 -0.232248
11 53 -0.230374
11 54 -0.227819
11 55 -0.224808
11 56 -0.223046
11 57 -0.224109
11 58 -0.230461
11 59 -0.243385
11 60 -0.263590
11 61 -0.289286
11 62 -0.317168
11 63 -0.341509
11 64 -0.356052
11 65 -0.354304
11 66 -0.331774
11 67 -0.286597
11 68 -0.220754
11 69 -0.139952
11 70 -0.052841
11 71 0.029877
11 72 0.097991
11 73 0.142246
11 74 0.157458
11 75 0.141158
11 76 0.096295
11 77 0.027710
11 78 -0.055725
11 79 -0.145745
11 80 -0.232787
11 81 -0.310003
11 82 -0.371585
11 83 -0.414724
11 84 -0.438760
11 85 -0.444591
11 86 -0.435287
11 87 -0.413507
11 88 -0.383507
11 89 -0.347917
11 90 -0.310072
11 91 -0.271799
11 92 -0.234684
11 93 -0.199491
11 94 -0.167239
11 95 -0.135305
11 96 -0.111278
11 97 -0.074705
11 98 -0.072274
11 99 0.000000

12 0 0.000000
12 1 -0.086719
12 2 -0.088447
12 3 -0.132537
12 4 -0.160495
12 5 -0.198504
12 6 -0.235648
12 7 -0.275904
12 8 -0.316344
12 9 -0.356562
12 10 -0.393098
12 11 -0.424333
12 12 -0.445362
12 13 -0.454166
12 14 -0.445952
12 15 -0.419628
12 16 -0.373131
12 17 -0.308193
12 18 -0.227701
12 19 -0.137329
12 20 -0.044940
12 21 0.041147
12 22 0.111280
12 23 0.158469
12 24 0.176496
12 25 0.164225
12 26 0.122793
12 27 0.058491
12 28 -0.020754
12 29 -0.104483
12 30 -0.183081
12 31 -0.248045
12 32 -0.294009
12 33 -0.318904
12 34 -0.323934
12 35 -0.313136
12 36 -0.291761
12 37 -0.265794
12 38 -0.239965
12 39 -0.218120
12 40 -0.201762
12 41 -0.191511
12 42 -0.186151
12 43 -0.184644
12 44 -0.185089
12 45 -0.186648
12 46 -0.188058
12 47 -0.189290
12 48 -0.189732
12 49 -0.189789
12 50 -0.189021
12 51 -0.187873
12 52 -0.185939
12 53 -0.183843
12 54 -0.181603
12 55 -0.180502
12 56 -0.181361
12 57 -0.186110
12 58 -0.195760
12 59 -0.211569
12 60 -0.232875
12 61 -0.258241
12 62 -0.283746
12 63 -0.304772
12 64 -0.315194
12 65 -0.309962
12 66 -0.284783
12 67 -0.238810
12 68 -0.173652
12 69 -0.095283
12 70 -0.011446
12 71 0.067292
12 72 0.131618
12 73 0.172238
12 74 0.184425
12 75 0.165296
12 76 0.117853
12 77 0.046397
12 78 -0.040219
12 79 -0.134024
12 80 -0.225325
12 81 -0.307169
12 82 -0.373533
12 83 -0.421195
12 84 -0.449441
12 85 -0.458609
12 86 -0.452081
12 87 -0.431895
12 88 -0.403018
12 89 -0.367387
12 90 -0.329343
12 91 -0.289897
12 92 -0.251823
12 93 -0.214800
12 94 -0.181475
12 95 -0.146989
12 96 -0.122938
12 97 -0.081565
12 98 -0.083030
12 99 0.000000

13 0 0.000000
13 1 -0.097295
13 2 -0.094296
13 3 -0.142832
13 4 -0.170398
13 5 -0.210110
13 6 -0.248069
13 7 -0.288946
13 8 -0.329909
13 9 -0.369787
13 10 -0.405737
13 11 -0.435302
13 12 -0.454166
13 13 -0.459769
13 14 -0.447879
13 15 -0.417211
13 16 -0.366288
13 17 -0.296859
13 18 -0.212355
13 19 -0.118405
13 20 -0.023190
13 21 0.065316
13 22 0.137456
13 23 0.186886
13 24 0.207482
13 25 0.198719
13 26 0.161492
13 27 0.102259
13 28 0.028093
13 29 -0.050832
13 30 -0.126089
13 31 -0.189358
13 32 -0.236098
13 33 -0.263644
13 34 -0.273228
13 35 -0.267430
13 36 -0.251088
13 37 -0.228583
13 38 -0.204686
13 39 -0.182321
13 40 -0.164022
13 41 -0.150281
13 42 -0.141538
13 43 -0.136702
13 44 -0.135285
13 45 -0.135727
13 46 -0.137480
13 47 -0.139126
13 48 -0.140458
13 49 -0.140499
13 50 -0.139614
13 51 -0.137440
13 52 -0.134961
13 53 -0.132375
13 54 -0.131116
13 55 -0.131718
13 56 -0.135759
13 57 -0.143714
13 58 -0.156693
13 59 -0.174245
13 60 -0.195894
13 61 -0.219112
13 62 -0.240959
13 63 -0.256715
13 64 -0.261921
13 65 -0.251881
13 66 -0.223815
13 67 -0.176796
13 68 -0.113080
13 69 -0.037778
13 70 0.041521
13 71 0.115447
13 72 0.174973
13 73 0.211637
13 74 0.220578
13 75 0.199097
13 76 0.149653
13 77 0.076361
13 78 -0.012473
13 79 -0.108997
13 80 -0.203728
13 81 -0.289564
13 82 -0.360330
13 83 -0.412515
13 84 -0.445070
13 85 -0.458166
13 86 -0.454835
13 87 -0.437262
13 88 -0.410059
13 89 -0.375674
13 90 -0.337998
13 91 -0.298816
13 92 -0.260369
13 93 -0.222987
13 94 -0.189321
13 95 -0.153605
13 96 -0.130636
13 97 -0.085436
13 98 -0.092172
13 99 0.000000

14 0 0.000000
14 1 -0.105618
14 2 -0.095836
14 3 -0.148065
14 4 -0.172966
14 5 -0.213608
14 6 -0.250357
14 7 -0.291045
14 8 -0.330722
14 9 -0.369482
14 10 -0.403278
14 11 -0.430484
14 12 -0.445952
14 13 -0.447879
14 14 -0.431554
14 15 -0.396459
14 16 -0.340951
14 17 -0.267481
14 18 -0.179415
14 19 -0.082824
14 20 0.014371
14 21 0.104176
14 22 0.177537
14 23 0.228391
14 24 0.251345
14 25 0.245992
14 26 0.213611
14 27 0.160116
14 28 0.092349
14 29 0.019255
14 30 -0.051236
14 31 -0.112092
14 32 -0.158728
14 33 -0.189050
14 34 -0.203172
14 35 -0.203408
14 36 -0.192748
14 37 -0.175214
14 38 -0.153975
14 39 -0.132442
14 40 -0.112458
14 41 -0.096035
14 42 -0.083528
14 43 -0.075681
14 44 -0.071625
14 45 -0.071101
14 46 -0.072376
14 47 -0.074703
14 48 -0.076267
14 49 -0.076788
14 50 -0.075355
14 51 -0.072883
14 52 -0.069645
14 53 -0.067468
14 54 -0.067083
14 55 -0.070243
14 56 -0.077182
14 57 -0.088803
14 58 -0.104325
14 59 -0.123445
14 60 -0.144093
14 61 -0.164508
14 62 -0.181183
14 63 -0.191084
14 64 -0.190019
14 65 -0.175235
14 66 -0.144119
14 67 -0.096969
14 68 -0.035357
14 69 0.035443
14 70 0.109251
14 71 0.177060
14 72 0.231211
14 73 0.263321
14 74 0.269223
14 75 0.245679
14 76 0.195169
14 77 0.120946
14 78 0.031129
14 79 -0.067094
14 80 -0.164231
14 81 -0.253360
14 82 -0.328058
14 83 -0.384570
14 84 -0.421611
14 85 -0.438899
14 86 -0.439506
14 87 -0.425110
14 88 -0.400753
14 89 -0.368329
14 90 -0.332518
14 91 -0.294388
14 92 -0.257337
14 93 -0.220431
14 94 -0.188457
14 95 -0.152344
14 96 -0.132768
14 97 -0.084636
14 98 -0.098637
14 99 0.000000

15 0 0.000000
15 1 -0.109957
15 2 -0.092185
15 3 -0.146192
15 4 -0.166901
15 5 -0.206605
15 6 -0.240993
15 7 -0.279689
15 8 -0.317202
15 9 -0.353295
15 10 -0.384271
15 11 -0.407954
15 12 -0.419628
15 13 -0.417211
15 14 -0.396459
15 15 -0.356873
15 16 -0.297336
15 17 -0.220412
15 18 -0.129919
15 19 -0.031819
15 20 0.065816
15 21 0.155569
15 22 0.228590
15 23 0.279759
15 24 0.303929
15 25 0.301516
15 26 0.273512
15 27 0.226026
15 28 0.164758
15 29 0.098226
15 30 0.032725
15 31 -0.025063
15 32 -0.071811
15 33 -0.104842
15 34 -0.124548
15 35 -0.131532
15 36 -0.128393
15 37 -0.117057
15 38 -0.100645
15 39 -0.081104
15 40 -0.061320
15 41 -0.042774
15 42 -0.027729
15 43 -0.016668
15 44 -0.010579
15 45 -0.008361
15 46 -0.009487
15 47 -0.011653
15 48 -0.013878
15 49 -0.014242
15 50 -0.012983
15 51 -0.009860
15 52 -0.006800
15 53 -0.004769
15 54 -0.006086
15 55 -0.011255
15 56 -0.021401
15 57 -0.035510
15 58 -0.053124
15 59 -0.071960
15 60 -0.090557
15 61 -0.106024
15 62 -0.116404
15 63 -0.118621
15 64 -0.110667
15 65 -0.090091
15 66 -0.056073
15 67 -0.008556
15 68 0.050234
15 69 0.116343
15 70 0.183889
15 71 0.245538
15 72 0.294030
15 73 0.322135
15 74 0.325491
15 75 0.301125
15 76 0.250723
15 77 0.177245
15 78 0.087912
15 79 -0.010353
15 80 -0.108584
15 81 -0.199770
15 82 -0.277546
15 83 -0.337786
15 84 -0.378996
15 85 -0.400527
15 86 -0.405209
15 87 -0.394604
15 88 -0.373549
15 89 -0.344168
15 90 -0.310899
15 91 -0.275288
15 92 -0.240513
15 93 -0.205831
15 94 -0.176717
15 95 -0.142067
15 96 -0.127419
15 97 -0.078381
15 98 -0.100711
15 99 0.000000

16 0 0.000000
16 1 -0.109585
16 2 -0.082076
16 3 -0.136351
16 4 -0.150201
16 5 -0.187884
16 6 -0.217615
16 7 -0.253335
16 8 -0.286878
16 9 -0.319510
16 10 -0.346358
16 11 -0.366019
16 12 -0.373131
16 13 -0.366288
16 14 -0.340951
16 15 -0.297336
16 16 -0.234267
16 17 -0.154957
16 18 -0.063144
16 19 0.034881
16 20 0.131466
16 21 0.219341
16 22 0.290525
16 23 0.340342
16 24 0.364640
16 25 0.364004
16 26 0.339976
16 27 0.297978
16 28 0.243500
16 29 0.183504
16 30 0.123702
16 31 0.069059
16 32 0.022865
16 33 -0.013182
16 34 -0.038291
16 35 -0.053054
16 36 -0.057914
16 37 -0.054502
16 38 -0.043812
16 39 -0.028243
16 40 -0.009411
16 41 0.009620
16 42 0.027118
16 43 0.040466
16 44 0.049290
16 45 0.052873
16 46 0.053033
16 47 0.050806
16 48 0.048926
16 49 0.048114
16 50 0.049720
16 51 0.052393
16 52 0.055425
16 53 0.056069
16 54 0.053316
16 55 0.045321
16 56 0.032841
16 57 0.016209
16 58 -0.001907
16 59 -0.019836
16 60 -0.034440
16 61 -0.044196
16 62 -0.046587
16 63 -0.040772
16 64 -0.024921
16 65 0.001142
16 66 0.038354
16 67 0.085459
16 68 0.141348
16 69 0.201961
16 70 0.263284
16 71 0.318408
16 72 0.361794
16 73 0.386253
16 74 0.388279
16 75 0.364174
16 76 0.315626
16 77 0.244430
16 78 0.157507
16 79 0.060790
16 80 -0.036839
16 81 -0.128803
16 82 -0.208487
16 83 -0.271682
16 84 -0.316540
16 85 -0.342068
16 86 -0.350941
16 87 -0.344324
16 88 -0.327256
16 89 -0.301447
16 90 -0.271923
16 91 -0.239605
16 92 -0.208808
16 93 -0.177299
16 94 -0.153254
16 95 -0.121130
16 96 -0.113970
16 97 -0.065621
16 98 -0.097767
16 99 0.000000

17 0 0.000000
17 1 -0.102735
17 2 -0.065408
17 3 -0.117272
17 4 -0.122843
17 5 -0.156582
17 6 -0.180469
17 7 -0.211603
17 8 -0.240374
17 9 -0.268356
17 10 -0.290652
17 11 -0.305631
17 12 -0.308193
17 13 -0.296859
17 14 -0.267481
17 15 -0.220412
17 16 -0.154957
17 17 -0.074455
17 18 0.016970
17 19 0.113252
17 20 0.206699
17 21 0.290841
17 22 0.358034
17 23 0.404811
17 24 0.427349
17 25 0.427291
17 26 0.405857
17 27 0.368814
17 28 0.320327
17 29 0.266980
17 30 0.212523
17 31 0.161543
17 32 0.115642
17 33 0.077072
17 34 0.045912
17 35 0.023384
17 36 0.009129
17 37 0.003959
17 38 0.006825
17 39 0.017377
17 40 0.032964
17 41 0.051703
17 42 0.069861
17 43 0.085565
17 44 0.096197
17 45 0.102089
17 46 0.103194
17 47 0.102166
17 48 0.100201
17 49 0.099844
17 50 0.100811
17 51 0.103394
17 52 0.105042
17 53 0.104580
17 54 0.099336
17 55 0.089391
17 56 0.074387
17 57 0.056976
17 58 0.039001
17 59 0.024228
17 60 0.014518
17 61 0.012535
17 62 0.018639
17 63 0.033843
17 64 0.057422
17 65 0.089583
17 66 0.129339
17 67 0.176260
17 68 0.228581
17 69 0.284023
17 70 0.338873
17 71 0.388254
17 72 0.426951
17 73 0.449139
17 74 0.450948
17 75 0.429008
17 76 0.383951
17 77 0.317233
17 78 0.234576
17 79 0.141559
17 80 0.046266
17 81 -0.044685
17 82 -0.124932
17 83 -0.189854
17 84 -0.237524
17 85 -0.266450
17 86 -0.279174
17 87 -0.276549
17 88 -0.263552
17 89 -0.241870
17 90 -0.216520
17 91 -0.188547
17 92 -0.162479
17 93 -0.135604
17 94 -0.117722
17 95 -0.089921
17 96 -0.091501
17 97 -0.046508
17 98 -0.088216
17 99 0.000000

18 0 0.000000
18 1 -0.089738
18 2 -0.042456
18 3 -0.090107
18 4 -0.085433
18 5 -0.114439
18 6 -0.130707
18 7 -0.156676
18 8 -0.179443
18 9 -0.202430
18 10 -0.219496
18 11 -0.229802
18 12 -0.227701
18 13 -0.212355
18 14 -0.179415
18 15 -0.129919
18 16 -0.063144
18 17 0.016970
18 18 0.106449
18 19 0.198972
18 20 0.287438
18 21 0.365620
18 22 0.426972
18 23 0.468543
18 24 0.487749
18 25 0.486406
18 26 0.466503
18 27 0.433038
18 28 0.390140
18 29 0.342641
18 30 0.293811
18 31 0.246175
18 32 0.201318
18 33 0.160034
18 34 0.123576
18 35 0.092675
18 36 0.069254
18 37 0.054074
18 38 0.048626
18 39 0.052009
18 40 0.063539
18 41 0.079771
18 42 0.098236
18 43 0.114773
18 44 0.127845
18 45 0.135418
18 46 0.138859
18 47 0.138728
18 48 0.138024
18 49 0.137365
18 50 0.138397
18 51 0.139476
18 52 0.140000
18 53 0.136957
18 54 0.129820
18 55 0.117192
18 56 0.101157
18 57 0.083203
18 58 0.067558
18 59 0.056619
18 60 0.053927
18 61 0.060055
18 62 0.076054
18 63 0.100254
18 64 0.132131
18 65 0.169462
18 66 0.211914
18 67 0.257717
18 68 0.306739
18 69 0.356548
18 70 0.405675
18 71 0.449538
18 72 0.484872
18 73 0.505692
18 74 0.509102
18 75 0.490761
18 76 0.451333
18 77 0.390838
18 78 0.314665
18 79 0.227138
18 80 0.136213
18 81 0.047846
18 82 -0.031345
18 83 -0.096822
18 84 -0.146229
18 85 -0.177843
18 86 -0.193915
18 87 -0.194997
18 88 -0.186106
18 89 -0.168609
18 90 -0.147977
18 91 -0.124655
18 92 -0.104367
18 93 -0.082587
18 94 -0.072418
18 95 -0.049588
18 96 -0.061563
18 97 -0.021661
18 98 -0.072632
18 99 0.000000

19 0 0.000000
19 1 -0.069828
19 2 -0.014723
19 3 -0.055610
19 4 -0.040493
19 5 -0.063625
19 6 -0.071843
19 7 -0.091906
19 8 -0.108479
19 9 -0.126053
19 10 -0.138004
19 11 -0.143613
19 12 -0.137329
19 13 -0.118405
19 14 -0.082824
19 15 -0.031819
19 16 0.034881
19 17 0.113252
19 18 0.198972
19 19 0.286081
19 20 0.367486
19 21 0.437954
19 22 0.491312
19 23 0.526037
19 24 0.539866
19 25 0.535904
19 26 0.515770
19 27 0.485050
19 28 0.446452
19 29 0.404663
19 30 0.360786
19 31 0.317121
19 32 0.273171
19 33 0.230312
19 34 0.188513
19 35 0.150304
19 36 0.117110
19 37 0.092302
19 38 0.076959
19 39 0.072767
19 40 0.077950
19 41 0.091079
19 42 0.107700
19 43 0.125159
19 44 0.139380
19 45 0.149746
19 46 0.154996
19 47 0.157353
19 48 0.157348
19 49 0.157581
19 50 0.157454
19 51 0.157575
19 52 0.155338
19 53 0.150238
19 54 0.140027
19 55 0.126012
19 56 0.108771
19 57 0.092430
19 58 0.079602
19 59 0.074791
19 60 0.079393
19 61 0.095213
19 62 0.120570
19 63 0.154361
19 64 0.193302
19 65 0.235821
19 66 0.279639
19 67 0.324421
19 68 0.369316
19 69 0.414107
19 70 0.457436
19 71 0.496999
19 72 0.529588
19 73 0.550719
19 74 0.556855
19 75 0.544070
19 76 0.511716
19 77 0.459515
19 78 0.391413
19 79 0.311385
19 80 0.226363
19 81 0.142344
19 82 0.065509
19 83 0.000844
19 84 -0.049344
19 85 -0.082738
19 86 -0.101555
19 87 -0.105878
19 88 -0.100785
19 89 -0.087391
19 90 -0.071390
19 91 -0.052955
19 92 -0.038538
19 93 -0.022352
19 94 -0.020111
19 95 -0.003140
19 96 -0.025351
19 97 0.007106
19 98 -0.050549
19 99 0.000000

20 0 0.000000
20 1 -0.045044
20 2 0.015393
20 3 -0.017577
20 4 0.007964
20 5 -0.009555
20 6 -0.009343
20 7 -0.023925
20 8 -0.034122
20 9 -0.046705
20 10 -0.053617
20 11 -0.055055
20 12 -0.044940
20 13 -0.023190
20 14 0.014371
20 15 0.065816
20 16 0.131466
20 17 0.206699
20 18 0.287438
20 19 0.367486
20 20 0.440489
20 21 0.501460
20 22 0.545499
20 23 0.571557
20 24 0.578810
20 25 0.570467
20 26 0.549163
20 27 0.519649
20 28 0.484905
20 29 0.447768
20 30 0.409165
20 31 0.369096
20 32 0.327219
20 33 0.282961
20 34 0.237468
20 35 0.192087
20 36 0.150509
20 37 0.115416
20 38 0.090695
20 39 0.077168
20 40 0.075742
20 41 0.083426
20 42 0.097977
20 43 0.114392
20 44 0.130388
20 45 0.142463
20 46 0.151013
20 47 0.155224
20 48 0.157498
20 49 0.157629
20 50 0.157354
20 51 0.154936
20 52 0.150602
20 53 0.141930
20 54 0.129775
20 55 0.113699
20 56 0.097265
20 57 0.082695
20 58 0.075075
20 59 0.076560
20 60 0.090260
20 61 0.115136
20 62 0.150544
20 63 0.192393
20 64 0.238278
20 65 0.284170
20 66 0.329174
20 67 0.371578
20 68 0.412690
20 69 0.451931
20 70 0.490462
20 71 0.525941
20 72 0.557240
20 73 0.579378
20 74 0.589893
20 75 0.583614
20 76 0.560028
20 77 0.517198
20 78 0.458815
20 79 0.387396
20 80 0.309788
20 81 0.231142
20 82 0.157933
20 83 0.094920
20 84 0.044910
20 85 0.010358
20 86 -0.010553
20 87 -0.017663
20 88 -0.015964
20 89 -0.006278
20 90 0.005313
20 91 0.019314
20 92 0.027917
20 93 0.039094
20 94 0.033365
20 95 0.044965
20 96 0.012998
20 97 0.037105
20 98 -0.024303
20 99 0.000000

21 0 0.000000
21 1 -0.016329
21 2 0.044740
21 3 0.020974
21 4 0.054911
21 5 0.042674
21 6 0.050281
21 7 0.040614
21 8 0.036032
21 9 0.027975
21 10 0.025463
21 11 0.027806
21 12 0.041147
21 13 0.065316
21 14 0.104176
21 15 0.155569
21 16 0.219341
21 17 0.290841
21 18 0.365620
21 19 0.437954
21 20 0.501460
21 21 0.552281
21 22 0.585808
21 23 0.602570
21 24 0.601950
21 25 0.588642
21 26 0.564819
21 27 0.536120
21 28 0.504050
21 29 0.471695
21 30 0.437718
21 31 0.402241
21 32 0.362535
21 33 0.318759
21 34 0.270152
21 35 0.219818
21 36 0.170149
21 37 0.126465
21 38 0.091604
21 39 0.069413
21 40 0.059478
21 41 0.061719
21 42 0.071913
21 43 0.087538
21 44 0.103534
21 45 0.118411
21 46 0.129183
21 47 0.136886
21 48 0.140467
21 49 0.141948
21 50 0.140115
21 51 0.136192
21 52 0.128145
21 53 0.117058
21 54 0.101862
21 55 0.085590
21 56 0.069684
21 57 0.059267
21 58 0.056802
21 59 0.066578
21 60 0.088629
21 61 0.123412
21 62 0.167074
21 63 0.216765
21 64 0.267248
21 65 0.315989
21 66 0.360143
21 67 0.400099
21 68 0.436249
21 69 0.470584
21 70 0.503979
21 71 0.536510
21 72 0.566674
21 73 0.591086
21 74 0.606304
21 75 0.607708
21 76 0.593240
21 77 0.560818
21 78 0.512516
21 79 0.450617
21 80 0.380788
21 81 0.308294
21 82 0.239037
21 83 0.178298
21 84 0.128736
21 85 0.093507
21 86 0.070762
21 87 0.061291
21 88 0.059955
21 89 0.066422
21 90 0.074170
21 91 0.084400
21 92 0.088044
21 93 0.095054
21 94 0.082645
21 95 0.089509
21 96 0.050226
21 97 0.065048
21 98 0.004890
21 99 0.000000

22 0 0.000000
22 1 0.012656
22 2 0.069509
22 3 0.054530
22 4 0.094218
22 5 0.085587
22 6 0.099160
22 7 0.092800
22 8 0.092906
22 9 0.088249
22 10 0.089562
22 11 0.094997
22 12 0.111280
22 13 0.137456
22 14 0.177537
22 15 0.228590
22 16 0.290525
22 17 0.358034
22 18 0.426972
22 19 0.491312
22 20 0.545499
22 21 0.585808
22 22 0.609002
22 23 0.615919
22 24 0.607510
22 25 0.588412
22 26 0.562055
22 27 0.533148
22 28 0.503868
22 29 0.475415
22 30 0.446758
22 31 0.415591
22 32 0.379706
22 33 0.336884
22 34 0.287642
22 35 0.233126
22 36 0.177937
22 37 0.125841
22 38 0.082632
22 39 0.050717
22 40 0.033005
22 41 0.027692
22 42 0.033773
22 43 0.046295
22 44 0.062901
22 45 0.078757
22 46 0.093040
22 47 0.102867
22 48 0.109342
22 49 0.110790
22 50 0.108863
22 51 0.101905
22 52 0.091615
22 53 0.076857
22 54 0.060561
22 55 0.043494
22 56 0.030561
22 57 0.024038
22 58 0.028979
22 59 0.046278
22 60 0.077881
22 61 0.120721
22 62 0.172595
22 63 0.227474
22 64 0.281905
22 65 0.330909
22 66 0.373842
22 67 0.409566
22 68 0.441109
22 69 0.469680
22 70 0.498851
22 71 0.528129
22 72 0.558167
22 73 0.584646
22 74 0.605328
22 75 0.614072
22 76 0.609156
22 77 0.586674
22 78 0.548649
22 79 0.495775
22 80 0.433792
22 81 0.366995
22 82 0.301698
22 83 0.242858
22 84 0.193751
22 85 0.157621
22 86 0.133153
22 87 0.121379
22 88 0.117363
22 89 0.121122
22 90 0.125753
22 91 0.133320
22 92 0.133172
22 93 0.137733
22 94 0.120409
22 95 0.124398
22 96 0.080852
22 97 0.087137
22 98 0.033220
22 99 0.000000

23 0 0.000000
23 1 0.039628
23 2 0.086249
23 3 0.079381
23 4 0.120572
23 5 0.113783
23 6 0.130783
23 7 0.126046
23 8 0.129276
23 9 0.126984
23 10 0.131289
23 11 0.139476
23 12 0.158469
23 13 0.186886
23 14 0.228391
23 15 0.279759
23 16 0.340342
23 17 0.404811
23 18 0.468543
23 19 0.526037
23 20 0.571557
23 21 0.602570
23 22 0.615919
23 23 0.614086
23 24 0.597996
23 25 0.573916
23 26 0.544635
23 27 0.516076
23 28 0.488878
23 29 0.464998
23 30 0.441123
23 31 0.415612
23 32 0.383665
23 33 0.344140
23 34 0.295062
23 35 0.239384
23 36 0.179511
23 37 0.121838
23 38 0.070245
23 39 0.030486
23 40 0.003652
23 41 -0.008341
23 42 -0.008659
23 43 0.001261
23 44 0.016035
23 45 0.033686
23 46 0.049391
23 47 0.062663
23 48 0.070290
23 49 0.073340
23 50 0.069766
23 51 0.061624
23 52 0.047826
23 53 0.031616
23 54 0.013439
23 55 -0.001832
23 56 -0.012282
23 57 -0.012456
23 58 -0.000991
23 59 0.025356
23 60 0.064604
23 61 0.115721
23 62 0.172927
23 63 0.232342
23 64 0.287639
23 65 0.336280
23 66 0.375567
23 67 0.407095
23 68 0.432580
23 69 0.456051
23 70 0.480198
23 71 0.507015
23 72 0.536216
23 73 0.565184
23 74 0.590332
23 75 0.606287
23 76 0.609596
23 77 0.596478
23 78 0.567242
23 79 0.522584
23 80 0.466983
23 81 0.405028
23 82 0.342385
23 83 0.284679
23 84 0.234993
23 85 0.197430
23 86 0.170619
23 87 0.156421
23 88 0.149696
23 89 0.151229
23 90 0.153462
23 91 0.159586
23 92 0.157231
23 93 0.161231
23 94 0.141679
23 95 0.144760
23 96 0.101406
23 97 0.100183
23 98 0.058382
23 99 0.000000

24 0 0.000000
24 1 0.060566
24 2 0.091840
24 3 0.090923
24 4 0.129129
24 5 0.121610
24 6 0.139287
24 7 0.133910
24 8 0.138698
24 9 0.137393
24 10 0.144074
24 11 0.154568
24 12 0.176496
24 13 0.207482
24 14 0.251345
24 15 0.303929
24 16 0.364640
24 17 0.427349
24 18 0.487749
24 19 0.539866
24 20 0.578810
24 21 0.601950
24 22 0.607510
24 23 0.597996
24 24 0.575954
24 25 0.547316
24 26 0.516335
24 27 0.487842
24 28 0.463592
24 29 0.443632
24 30 0.425571
24 31 0.405299
24 32 0.379106
24 33 0.343144
24 34 0.297014
24 35 0.240974
24 36 0.179679
24 37 0.117002
24 38 0.059885
24 39 0.011816
24 40 -0.022299
24 41 -0.042749
24 42 -0.048578
24 43 -0.043933
24 44 -0.030467
24 45 -0.013889
24 46 0.004017
24 47 0.018210
24 48 0.028355
24 49 0.031065
24 50 0.027878
24 51 0.017248
24 52 0.002585
24 53 -0.015817
24 54 -0.032863
24 55 -0.046844
24 56 -0.051968
24 57 -0.046685
24 58 -0.026728
24 59 0.006809
24 60 0.054377
24 61 0.110881
24 62 0.173067
24 63 0.233714
24 64 0.289303
24 65 0.334746
24 66 0.370340
24 67 0.395798
24 68 0.415848
24 69 0.433116
24 70 0.453073
24 71 0.476476
24 72 0.505262
24 73 0.535388
24 74 0.564671
24 75 0.585966
24 76 0.596466
24 77 0.590474
24 78 0.568566
24 79 0.529802
24 80 0.479000
24 81 0.419723
24 82 0.358257
24 83 0.299859
24 84 0.248408
24 85 0.208092
24 86 0.178236
24 87 0.160991
24 88 0.151528
24 89 0.151103
24 90 0.151741
24 91 0.157712
24 92 0.154897
24 93 0.160556
24 94 0.141701
24 95 0.146433
24 96 0.107851
24 97 0.101501
24 98 0.076540
24 99 0.000000

25 0 0.000000
25 1 0.073442
25 2 0.084835
25 3 0.087601
25 4 0.117878
25 5 0.107428
25 6 0.122633
25 7 0.114680
25 8 0.119272
25 9 0.117905
25 10 0.126296
25 11 0.139088
25 12 0.164225
25 13 0.198719
25 14 0.245992
25 15 0.301516
25 16 0.364004
25 17 0.427291
25 18 0.486406
25 19 0.535904
25 20 0.570467
25 21 0.588642
25 22 0.588412
25 23 0.573916
25 24 0.547316
25 25 0.516257
25 26 0.484072
25 27 0.457104
25 28 0.435459
25 29 0.420506
25 30 0.407572
25 31 0.393905
25 32 0.373094
25 33 0.342921
25 34 0.300028
25 35 0.246744
25 36 0.184674
25 37 0.120413
25 38 0.057997
25 39 0.004494
25 40 -0.037827
25 41 -0.064934
25 42 -0.078559
25 43 -0.078392
25 44 -0.069476
25 45 -0.053578
25 46 -0.036875
25 47 -0.020978
25 48 -0.011090
25 49 -0.006953
25 50 -0.011462
25 51 -0.021715
25 52 -0.037996
25 53 -0.055065
25 54 -0.071369
25 55 -0.080668
25 56 -0.081278
25 57 -0.068069
25 58 -0.041448
25 59 0.000411
25 60 0.053386
25 61 0.115284
25 62 0.178986
25 63 0.240469
25 64 0.293187
25 65 0.335404
25 66 0.365038
25 67 0.385061
25 68 0.398270
25 69 0.410277
25 70 0.424920
25 71 0.445491
25 72 0.472364
25 73 0.503360
25 74 0.534587
25 75 0.559994
25 76 0.574909
25 77 0.574152
25 78 0.556551
25 79 0.521523
25 80 0.472599
25 81 0.413905
25 82 0.351051
25 83 0.290171
25 84 0.234930
25 85 0.190569
25 86 0.156345
25 87 0.135452
25 88 0.122793
25 89 0.120673
25 90 0.120251
25 91 0.127282
25 92 0.125659
25 93 0.134968
25 94 0.119858
25 95 0.128420
25 96 0.099334
25 97 0.090282
25 98 0.086005
25 99 0.000000

26 0 0.000000
26 1 0.075894
26 2 0.065130
26 3 0.068599
26 4 0.086812
26 5 0.071269
26 6 0.081254
26 7 0.068838
26 8 0.071797
26 9 0.069250
26 10 0.078970
26 11 0.093880
26 12 0.122793
26 13 0.161492
26 14 0.213611
26 15 0.273512
26 16 0.339976
26 17 0.405857
26 18 0.466503
26 19 0.515770
26 20 0.549163
26 21 0.564819
26 22 0.562055
26 23 0.544635
26 24 0.516335
26 25 0.484072
26 26 0.452794
26 27 0.427497
26 28 0.409825
26 29 0.399165
26 30 0.392447
26 31 0.384426
26 32 0.370511
26 33 0.345564
26 34 0.308337
26 35 0.257866
26 36 0.198282
26 37 0.132726
26 38 0.068460
26 39 0.009256
26 40 -0.038484
26 41 -0.073801
26 42 -0.093646
26 43 -0.101005
26 44 -0.096148
26 45 -0.084917
26 46 -0.069177
26 47 -0.055389
26 48 -0.044648
26 49 -0.041680
26 50 -0.044872
26 51 -0.055848
