0 0 0.000000
0 1 0.000000
0 2 0.000000
0 3 0.000000
0 4 0.000000
0 5 0.000000
0 6 0.000000
0 7 0.000000
0 8 0.000000
0 9 0.000000
0 10 0.000000
0 11 0.000000
0 12 0.000000
0 13 0.000000
0 14 0.000000
0 15 0.000000
0 16 0.000000
0 17 0.000000
0 18 0.000000
0 19 0.000000
0 20 0.000000
0 21 0.000000
0 22 0.000000
0 23 0.000000
0 24 0.000000
0 25 0.000000
0 26 0.000000
0 27 0.000000
0 28 0.000000
0 29 0.000000
0 30 0.000000
0 31 0.000000
0 32 0.000000
0 33 0.000000
0 34 0.000000
0 35 0.000000
0 36 0.000000
0 37 0.000000
0 38 0.000000
0 39 0.000000
0 40 0.000000
0 41 0.000000
0 42 0.000000
0 43 0.000000
0 44 0.000000
0 45 0.000000
0 46 0.000000
0 47 0.000000
0 48 0.000000
0 49 0.000000
0 50 0.000000
0 51 0.000000
0 52 0.000000
0 53 0.000000
0 54 0.000000
0 55 0.000000
0 56 0.000000
0 57 0.000000
0 58 0.000000
0 59 0.000000
0 60 0.000000
0 61 0.000000
0 62 0.000000
0 63 0.000000
0 64 0.000000
0 65 0.000000
0 66 0.000000
0 67 0.000000
0 68 0.000000
0 69 0.000000
0 70 0.000000
0 71 0.000000
0 72 0.000000
0 73 0.000000
0 74 0.000000
0 75 0.000000
0 76 0.000000
0 77 0.000000
0 78 0.000000
0 79 0.000000
0 80 0.000000
0 81 0.000000
0 82 0.000000
0 83 0.000000
0 84 0.000000
0 85 0.000000
0 86 0.000000
0 87 0.000000
0 88 0.000000
0 89 0.000000
0 90 0.000000
0 91 0.000000
0 92 0.000000
0 93 0.000000
0 94 0.000000
0 95 0.000000
0 96 0.000000
0 97 0.000000
0 98 0.000000
0 99 0.000000

1 0 0.000000
1 1 0.000456
1 2 0.000089
1 3 0.000348
1 4 0.000253
1 5 0.000218
1 6 0.000399
1 7 0.000140
1 8 0.000457
1 9 0.000151
1 10 0.000401
1 11 0.000200
1 12 0.000198
1 13 0.000118
1 14 -0.000271
1 15 -0.000399
1 16 -0.001322
1 17 -0.001904
1 18 -0.003705
1 19 -0.005451
1 20 -0.008812
1 21 -0.012700
1 22 -0.018557
1 23 -0.025568
1 24 -0.034691
1 25 -0.045204
1 26 -0.057340
1 27 -0.070103
1 28 -0.082819
1 29 -0.093975
1 30 -0.102140
1 31 -0.105525
1 32 -0.102595
1 33 -0.092033
1 34 -0.073175
1 35 -0.046113
1 36 -0.011985
1 37 0.026991
1 38 0.067481
1 39 0.105328
1 40 0.135977
1 41 0.155255
1 42 0.160163
1 43 0.149751
1 44 0.125577
1 45 0.091819
1 46 0.054639
1 47 0.021156
1 48 -0.002067
1 49 -0.010362
1 50 -0.002070
1 51 0.021150
1 52 0.054630
1 53 0.091806
1 54 0.125562
1 55 0.149733
1 56 0.160144
1 57 0.155236
1 58 0.135958
1 59 0.105309
1 60 0.067462
1 61 0.026971
1 62 -0.012006
1 63 -0.046138
1 64 -0.073199
1 65 -0.092064
1 66 -0.102620
1 67 -0.105565
1 68 -0.102158
1 69 -0.094029
1 70 -0.082817
1 71 -0.070184
1 72 -0.057301
1 73 -0.045331
1 74 -0.034591
1 75 -0.025765
1 76 -0.018374
1 77 -0.012984
1 78 -0.008539
1 79 -0.005814
1 80 -0.003367
1 81 -0.002300
1 82 -0.000989
1 83 -0.000738
1 84 -0.000044
1 85 -0.000061
1 86 0.000229
1 87 0.000243
1 88 0.000216
1 89 0.000384
1 90 0.000143
1 91 0.000425
1 92 0.000128
1 93 0.000368
1 94 0.000201
1 95 0.000231
1 96 0.000324
1 97 0.000078
1 98 0.000426
1 99 0.000000

2 0 0.000000
2 1 0.000089
2 2 -0.000215
2 3 0.000015
2 4 -0.000335
2 5 -0.000144
2 6 -0.000391
2 7 -0.000377
2 8 -0.000442
2 9 -0.000632
2 10 -0.000562
2 11 -0.000912
2 12 -0.000874
2 13 -0.001374
2 14 -0.001618
2 15 -0.002382
2 16 -0.003229
2 17 -0.004603
2 18 -0.006556
2 19 -0.009236
2 20 -0.013076
2 21 -0.018014
2 22 -0.024573
2 23 -0.032481
2 24 -0.041989
2 25 -0.052469
2 26 -0.063528
2 27 -0.073944
2 28 -0.082481
2 29 -0.087349
2 30 -0.086856
2 31 -0.079375
2 32 -0.063874
2 33 -0.040096
2 34 -0.008818
2 35 0.028099
2 36 0.067815
2 37 0.106679
2 38 0.140612
2 39 0.165432
2 40 0.177446
2 41 0.173916
2 42 0.153757
2 43 0.117937
2 44 0.069849
2 45 0.015060
2 46 -0.039194
2 47 -0.085210
2 48 -0.116029
2 49 -0.126886
2 50 -0.116029
2 51 -0.085212
2 52 -0.039199
2 53 0.015050
2 54 0.069834
2 55 0.117916
2 56 0.153733
2 57 0.173890
2 58 0.177422
2 59 0.165409
2 60 0.140592
2 61 0.106659
2 62 0.067796
2 63 0.028076
2 64 -0.008840
2 65 -0.040126
2 66 -0.063897
2 67 -0.079413
2 68 -0.086877
2 69 -0.087398
2 70 -0.082491
2 71 -0.074008
2 72 -0.063519
2 73 -0.052555
2 74 -0.041955
2 75 -0.032591
2 76 -0.024517
2 77 -0.018136
2 78 -0.013019
2 79 -0.009344
2 80 -0.006536
2 81 -0.004653
2 82 -0.003289
2 83 -0.002337
2 84 -0.001784
2 85 -0.001231
2 86 -0.001123
2 87 -0.000725
2 88 -0.000812
2 89 -0.000504
2 90 -0.000583
2 91 -0.000409
2 92 -0.000351
2 93 -0.000369
2 94 -0.000139
2 95 -0.000320
2 96 0.000010
2 97 -0.000204
2 98 0.000078
2 99 0.000000

3 0 0.000000
3 1 0.000348
3 2 0.000015
3 3 0.000255
3 4 0.000108
3 5 0.000124
3 6 0.000195
3 7 0.000003
3 8 0.000206
3 9 -0.000076
3 10 0.000087
3 11 -0.000180
3 12 -0.000274
3 13 -0.000569
3 14 -0.001176
3 15 -0.001773
3 16 -0.003246
3 17 -0.004742
3 18 -0.007721
3 19 -0.011150
3 20 -0.016700
3 21 -0.023411
3 22 -0.032735
3 23 -0.043773
3 24 -0.057331
3 25 -0.072286
3 26 -0.088400
3 27 -0.103919
3 28 -0.117373
3 29 -0.126311
3 30 -0.128553
3 31 -0.121807
3 32 -0.104627
3 33 -0.076414
3 34 -0.038002
3 35 0.008477
3 36 0.059490
3 37 0.110552
3 38 0.156495
3 39 0.192161
3 40 0.212884
3 41 0.215340
3 42 0.198069
3 43 0.162200
3 44 0.111531
3 45 0.052520
3 46 -0.006656
3 47 -0.057134
3 48 -0.091098
3 49 -0.103051
3 50 -0.091100
3 51 -0.057140
3 52 -0.006668
3 53 0.052500
3 54 0.111503
3 55 0.162164
3 56 0.198028
3 57 0.215297
3 58 0.212839
3 59 0.192118
3 60 0.156453
3 61 0.110511
3 62 0.059447
3 63 0.008431
3 64 -0.038049
3 65 -0.076470
3 66 -0.104674
3 67 -0.121874
3 68 -0.128593
3 69 -0.126395
3 70 -0.117390
3 71 -0.104032
3 72 -0.088374
3 73 -0.072446
3 74 -0.057240
3 75 -0.044001
3 76 -0.032563
3 77 -0.023715
3 78 -0.016447
3 79 -0.011514
3 80 -0.007422
3 81 -0.005114
3 82 -0.002973
3 83 -0.002068
3 84 -0.001016
3 85 -0.000707
3 86 -0.000292
3 87 -0.000129
3 88 -0.000100
3 89 0.000112
3 90 -0.000056
3 91 0.000198
3 92 0.000004
3 93 0.000178
3 94 0.000111
3 95 0.000094
3 96 0.000236
3 97 0.000011
3 98 0.000323
3 99 0.000000

4 0 0.000000
4 1 0.000253
4 2 -0.000335
4 3 0.000108
4 4 -0.000508
4 5 -0.000200
4 6 -0.000573
4 7 -0.000613
4 8 -0.000647
4 9 -0.001050
4 10 -0.000871
4 11 -0.001538
4 12 -0.001460
4 13 -0.002360
4 14 -0.002818
4 15 -0.004172
4 16 -0.005733
4 17 -0.008182
4 18 -0.011711
4 19 -0.016447
4 20 -0.023216
4 21 -0.031782
4 22 -0.043081
4 23 -0.056535
4 24 -0.072564
4 25 -0.090013
4 26 -0.108203
4 27 -0.125051
4 28 -0.138534
4 29 -0.145745
4 30 -0.144004
4 31 -0.130770
4 32 -0.104501
4 33 -0.064948
4 34 -0.013544
4 35 0.046490
4 36 0.110395
4 37 0.172168
4 38 0.225313
4 39 0.263393
4 40 0.281034
4 41 0.274559
4 42 0.242981
4 43 0.188357
4 44 0.116227
4 45 0.035022
4 46 -0.044648
4 47 -0.111781
4 48 -0.156538
4 49 -0.172279
4 50 -0.156542
4 51 -0.111790
4 52 -0.044666
4 53 0.034993
4 54 0.116188
4 55 0.188307
4 56 0.242924
4 57 0.274497
4 58 0.280973
4 59 0.263331
4 60 0.225253
4 61 0.172105
4 62 0.110333
4 63 0.046421
4 64 -0.013610
4 65 -0.065028
4 66 -0.104571
4 67 -0.130864
4 68 -0.144067
4 69 -0.145856
4 70 -0.138577
4 71 -0.125189
4 72 -0.108209
4 73 -0.090188
4 74 -0.072522
4 75 -0.056753
4 76 -0.042994
4 77 -0.032028
4 78 -0.023116
4 79 -0.016672
4 80 -0.011663
4 81 -0.008309
4 82 -0.005821
4 83 -0.004127
4 84 -0.003099
4 85 -0.002123
4 86 -0.001910
4 87 -0.001191
4 88 -0.001357
4 89 -0.000772
4 90 -0.000969
4 91 -0.000600
4 92 -0.000575
4 93 -0.000544
4 94 -0.000195
4 95 -0.000486
4 96 0.000094
4 97 -0.000319
4 98 0.000230
4 99 0.000000

5 0 0.000000
5 1 0.000218
5 2 -0.000144
5 3 0.000124
5 4 -0.000200
5 5 -0.000062
5 6 -0.000216
5 7 -0.000300
5 8 -0.000280
5 9 -0.000562
5 10 -0.000513
5 11 -0.000938
5 12 -0.001145
5 13 -0.001788
5 14 -0.002663
5 15 -0.003896
5 16 -0.006054
5 17 -0.008713
5 18 -0.013165
5 19 -0.018669
5 20 -0.026901
5 21 -0.037002
5 22 -0.050477
5 23 -0.066291
5 24 -0.085141
5 25 -0.105448
5 26 -0.126527
5 27 -0.145816
5 28 -0.161077
5 29 -0.168907
5 30 -0.166392
5 31 -0.150658
5 32 -0.120184
5 33 -0.074780
5 34 -0.016368
5 35 0.051309
5 36 0.122610
5 37 0.190805
5 38 0.248520
5 39 0.288875
5 40 0.306104
5 41 0.296727
5 42 0.260009
5 43 0.198780
5 44 0.119214
5 45 0.030701
5 46 -0.055554
5 47 -0.127774
5 48 -0.175830
5 49 -0.192647
5 50 -0.175838
5 51 -0.127792
5 52 -0.055585
5 53 0.030655
5 54 0.119151
5 55 0.198704
5 56 0.259921
5 57 0.296633
5 58 0.306005
5 59 0.288775
5 60 0.248418
5 61 0.190701
5 62 0.122504
5 63 0.051197
5 64 -0.016481
5 65 -0.074905
5 66 -0.120299
5 67 -0.150798
5 68 -0.166497
5 69 -0.169069
5 70 -0.161153
5 71 -0.146009
5 72 -0.126550
5 73 -0.105690
5 74 -0.085089
5 75 -0.066598
5 76 -0.050339
5 77 -0.037373
5 78 -0.026691
5 79 -0.019072
5 80 -0.012936
5 81 -0.009078
5 82 -0.005888
5 83 -0.004141
5 84 -0.002637
5 85 -0.001858
5 86 -0.001285
5 87 -0.000852
5 88 -0.000758
5 89 -0.000424
5 90 -0.000499
5 91 -0.000255
5 92 -0.000279
5 93 -0.000209
5 94 -0.000064
5 95 -0.000196
5 96 0.000110
5 97 -0.000140
5 98 0.000200
5 99 0.000000

6 0 0.000000
6 1 0.000399
6 2 -0.000391
6 3 0.000195
6 4 -0.000573
6 5 -0.000216
6 6 -0.000625
6 7 -0.000744
6 8 -0.000711
6 9 -0.001308
6 10 -0.001045
6 11 -0.001987
6 12 -0.001928
6 13 -0.003194
6 14 -0.003929
6 15 -0.005867
6 16 -0.008202
6 17 -0.011752
6 18 -0.016884
6 19 -0.023660
6 20 -0.033230
6 21 -0.045161
6 22 -0.060677
6 23 -0.078869
6 24 -0.100208
6 25 -0.123002
6 26 -0.146247
6 27 -0.167096
6 28 -0.182895
6 29 -0.189923
6 30 -0.184887
6 31 -0.164771
6 32 -0.127925
6 33 -0.074411
6 34 -0.006451
6 35 0.071445
6 36 0.152901
6 37 0.230067
6 38 0.294731
6 39 0.339035
6 40 0.356850
6 41 0.344411
6 42 0.301485
6 43 0.231452
6 44 0.141704
6 45 0.042623
6 46 -0.053209
6 47 -0.133173
6 48 -0.186131
6 49 -0.204711
6 50 -0.186145
6 51 -0.133204
6 52 -0.053258
6 53 0.042553
6 54 0.141615
6 55 0.231343
6 56 0.301361
6 57 0.344274
6 58 0.356707
6 59 0.338884
6 60 0.294578
6 61 0.229906
6 62 0.152740
6 63 0.071271
6 64 -0.006623
6 65 -0.074602
6 66 -0.128100
6 67 -0.164980
6 68 -0.185052
6 69 -0.190155
6 70 -0.183030
6 71 -0.167360
6 72 -0.146327
6 73 -0.123311
6 74 -0.100216
6 75 -0.079230
6 76 -0.060613
6 77 -0.045556
6 78 -0.033135
6 79 -0.024025
6 80 -0.016842
6 81 -0.011986
6 82 -0.008327
6 83 -0.005866
6 84 -0.004306
6 85 -0.002919
6 86 -0.002538
6 87 -0.001535
6 88 -0.001727
6 89 -0.000906
6 90 -0.001203
6 91 -0.000660
6 92 -0.000704
6 93 -0.000598
6 94 -0.000214
6 95 -0.000550
6 96 0.000172
6 97 -0.000373
6 98 0.000365
6 99 0.000000

7 0 0.000000
7 1 0.000140
7 2 -0.000377
7 3 0.000003
7 4 -0.000613
7 5 -0.000300
7 6 -0.000744
7 7 -0.000730
7 8 -0.000905
7 9 -0.001261
7 10 -0.001322
7 11 -0.002016
7 12 -0.002346
7 13 -0.003458
7 14 -0.004657
7 15 -0.006656
7 16 -0.009627
7 17 -0.013609
7 18 -0.019723
7 19 -0.027470
7 20 -0.038536
7 21 -0.052080
7 22 -0.069659
7 23 -0.090017
7 24 -0.113754
7 25 -0.138796
7 26 -0.164080
7 27 -0.186327
7 28 -0.202737
7 29 -0.209201
7 30 -0.202364
7 31 -0.179002
7 32 -0.137642
7 33 -0.078424
7 34 -0.004092
7 35 0.080447
7 36 0.167977
7 37 0.250082
7 38 0.317688
7 39 0.362618
7 40 0.378320
7 41 0.361369
7 42 0.311786
7 43 0.233912
7 44 0.135765
7 45 0.028813
7 46 -0.073897
7 47 -0.158974
7 48 -0.215215
7 49 -0.234822
7 50 -0.215240
7 51 -0.159025
7 52 -0.073976
7 53 0.028706
7 54 0.135627
7 55 0.233749
7 56 0.311598
7 57 0.361165
7 58 0.378099
7 59 0.362387
7 60 0.317445
7 61 0.249831
7 62 0.167716
7 63 0.080175
7 64 -0.004368
7 65 -0.078716
7 66 -0.137924
7 67 -0.179316
7 68 -0.202634
7 69 -0.209539
7 70 -0.202969
7 71 -0.186699
7 72 -0.164244
7 73 -0.139217
7 74 -0.113825
7 75 -0.090498
7 76 -0.069628
7 77 -0.052608
7 78 -0.038432
7 79 -0.027993
7 80 -0.019620
7 81 -0.014038
7 82 -0.009626
7 83 -0.006896
7 84 -0.004837
7 85 -0.003473
7 86 -0.002696
7 87 -0.001881
7 88 -0.001715
7 89 -0.001156
7 90 -0.001147
7 91 -0.000848
7 92 -0.000691
7 93 -0.000716
7 94 -0.000295
7 95 -0.000591
7 96 -0.000009
7 97 -0.000361
7 98 0.000121
7 99 0.000000

8 0 0.000000
8 1 0.000457
8 2 -0.000442
8 3 0.000206
8 4 -0.000647
8 5 -0.000280
8 6 -0.000711
8 7 -0.000905
8 8 -0.000847
8 9 -0.001615
8 10 -0.001344
8 11 -0.002553
8 12 -0.002602
8 13 -0.004263
8 14 -0.005379
8 15 -0.007991
8 16 -0.011229
8 17 -0.016031
8 18 -0.022906
8 19 -0.031856
8 20 -0.044265
8 21 -0.059497
8 22 -0.078947
8 23 -0.101360
8 24 -0.127153
8 25 -0.154104
8 26 -0.180873
8 27 -0.203974
8 28 -0.220289
8 29 -0.225584
8 30 -0.216270
8 31 -0.189199
8 32 -0.142840
8 33 -0.077677
8 34 0.003376
8 35 0.094769
8 36 0.188907
8 37 0.276553
8 38 0.348293
8 39 0.395327
8 40 0.411232
8 41 0.392518
8 42 0.339948
8 43 0.258229
8 44 0.156326
8 45 0.045937
8 46 -0.059283
8 47 -0.146179
8 48 -0.203307
8 49 -0.223304
8 50 -0.203345
8 51 -0.146256
8 52 -0.059400
8 53 0.045778
8 54 0.156129
8 55 0.257993
8 56 0.339682
8 57 0.392221
8 58 0.410915
8 59 0.394986
8 60 0.347937
8 61 0.276176
8 62 0.188521
8 63 0.094360
8 64 0.002968
8 65 -0.078113
8 66 -0.143259
8 67 -0.189662
8 68 -0.216678
8 69 -0.226074
8 70 -0.220656
8 71 -0.204497
8 72 -0.181164
8 73 -0.154672
8 74 -0.127342
8 75 -0.101977
8 76 -0.079031
8 77 -0.060137
8 78 -0.044288
8 79 -0.032444
8 80 -0.022969
8 81 -0.016444
8 82 -0.011468
8 83 -0.008103
8 84 -0.005898
8 85 -0.004026
8 86 -0.003387
8 87 -0.002076
8 88 -0.002209
8 89 -0.001165
8 90 -0.001491
8 91 -0.000797
8 92 -0.000873
8 93 -0.000694
8 94 -0.000290
8 95 -0.000631
8 96 0.000172
8 97 -0.000428
8 98 0.000413
8 99 0.000000

9 0 0.000000
9 1 0.000151
9 2 -0.000632
9 3 -0.000076
9 4 -0.001050
9 5 -0.000562
9 6 -0.001308
9 7 -0.001261
9 8 -0.001615
9 9 -0.002145
9 10 -0.002306
9 11 -0.003375
9 12 -0.003860
9 13 -0.005551
9 14 -0.007171
9 15 -0.010073
9 16 -0.014026
9 17 -0.019501
9 18 -0.027469
9 19 -0.037589
9 20 -0.051574
9 21 -0.068491
9 22 -0.089940
9 23 -0.114346
9 24 -0.142194
9 25 -0.170883
9 26 -0.199039
9 27 -0.222781
9 28 -0.238978
9 29 -0.243098
9 30 -0.231687
9 31 -0.201465
9 32 -0.151238
9 33 -0.081531
9 34 0.004193
9 35 0.100185
9 36 0.198123
9 37 0.288541
9 38 0.361359
9 39 0.407870
9 40 0.421429
9 41 0.399242
9 42 0.342354
9 43 0.256512
9 44 0.150938
9 45 0.038062
9 46 -0.068778
9 47 -0.156266
9 48 -0.213696
9 49 -0.233629
9 50 -0.213755
9 51 -0.156382
9 52 -0.068955
9 53 0.037829
9 54 0.150648
9 55 0.256171
9 56 0.341963
9 57 0.398811
9 58 0.420956
9 59 0.407365
9 60 0.360820
9 61 0.287976
9 62 0.197533
9 63 0.099572
9 64 0.003566
9 65 -0.082185
9 66 -0.151884
9 67 -0.202153
9 68 -0.232324
9 69 -0.243818
9 70 -0.239569
9 71 -0.223535
9 72 -0.199541
9 73 -0.171680
9 74 -0.142574
9 75 -0.115189
9 76 -0.090189
9 77 -0.069355
9 78 -0.051729
9 79 -0.038400
9 80 -0.027623
9 81 -0.020142
9 82 -0.014306
9 83 -0.010430
9 84 -0.007664
9 85 -0.005596
9 86 -0.004532
9 87 -0.003234
9 88 -0.002969
9 89 -0.002081
9 90 -0.001995
9 91 -0.001543
9 92 -0.001221
9 93 -0.001279
9 94 -0.000569
9 95 -0.001027
9 96 -0.000103
9 97 -0.000616
9 98 0.000120
9 99 0.000000

10 0 0.000000
10 1 0.000401
10 2 -0.000562
10 3 0.000087
10 4 -0.000871
10 5 -0.000513
10 6 -0.001045
10 7 -0.001322
10 8 -0.001344
10 9 -0.002306
10 10 -0.002137
10 11 -0.003670
10 12 -0.003949
10 13 -0.006123
10 14 -0.007781
10 15 -0.011264
10 16 -0.015621
10 17 -0.021922
10 18 -0.030761
10 19 -0.042086
10 20 -0.057436
10 21 -0.075951
10 22 -0.099105
10 23 -0.125256
10 24 -0.154701
10 25 -0.184694
10 26 -0.213596
10 27 -0.237423
10 28 -0.252797
10 29 -0.255251
10 30 -0.241201
10 31 -0.207657
10 32 -0.153417
10 33 -0.079491
10 34 0.010577
10 35 0.110404
10 36 0.211578
10 37 0.304002
10 38 0.377736
10 39 0.423763
10 40 0.436103
10 41 0.412123
10 42 0.353934
10 43 0.267488
10 44 0.162801
10 45 0.051840
10 46 -0.052047
10 47 -0.136741
10 48 -0.191886
10 49 -0.211146
10 50 -0.191969
10 51 -0.136907
10 52 -0.052294
10 53 0.051511
10 54 0.162398
10 55 0.267010
10 56 0.353392
10 57 0.411514
10 58 0.435442
10 59 0.423044
10 60 0.376975
10 61 0.303191
10 62 0.210738
10 63 0.109520
10 64 0.009680
10 65 -0.080433
10 66 -0.154345
10 67 -0.208645
10 68 -0.242126
10 69 -0.256276
10 70 -0.253673
10 71 -0.238482
10 72 -0.214374
10 73 -0.185790
10 74 -0.155339
10 75 -0.126384
10 76 -0.099592
10 77 -0.077073
10 78 -0.057817
10 79 -0.043111
10 80 -0.031148
10 81 -0.022702
10 82 -0.016167
10 83 -0.011654
10 84 -0.008604
10 85 -0.006071
10 86 -0.005029
10 87 -0.003306
10 88 -0.003266
10 89 -0.001940
10 90 -0.002184
10 91 -0.001313
10 92 -0.001315
10 93 -0.001055
10 94 -0.000554
10 95 -0.000878
10 96 0.000029
10 97 -0.000561
10 98 0.000344
10 99 0.000000

11 0 0.000000
11 1 0.000200
11 2 -0.000912
11 3 -0.000180
11 4 -0.001538
11 5 -0.000938
11 6 -0.001987
11 7 -0.002016
11 8 -0.002553
11 9 -0.003375
11 10 -0.003670
11 11 -0.005233
11 12 -0.005968
11 13 -0.008384
11 14 -0.010608
11 15 -0.014612
11 16 -0.019795
11 17 -0.026987
11 18 -0.037046
11 19 -0.049701
11 20 -0.066699
11 21 -0.086922
11 22 -0.111981
11 23 -0.139899
11 24 -0.171022
11 25 -0.202210
11 26 -0.231851
11 27 -0.255594
11 28 -0.270189
11 29 -0.270938
11 30 -0.254586
11 31 -0.218069
11 32 -0.160711
11 33 -0.083550
11 34 0.009215
11 35 0.111176
11 36 0.213269
11 37 0.305586
11 38 0.377813
11 39 0.421629
11 40 0.431172
11 41 0.405023
11 42 0.345607
11 43 0.259980
11 44 0.157861
11 45 0.051436
11 46 -0.047300
11 47 -0.126819
11 48 -0.178503
11 49 -0.196321
11 50 -0.178621
11 51 -0.127053
11 52 -0.047649
11 53 0.050978
11 54 0.157295
11 55 0.259316
11 56 0.344843
11 57 0.404173
11 58 0.430234
11 59 0.420617
11 60 0.376724
11 61 0.304436
11 62 0.212058
11 63 0.109914
11 64 0.007915
11 65 -0.084898
11 66 -0.162066
11 67 -0.219485
11 68 -0.255951
11 69 -0.272405
11 70 -0.271508
11 71 -0.257100
11 72 -0.233064
11 73 -0.203752
11 74 -0.172076
11 75 -0.141464
11 76 -0.112856
11 77 -0.088466
11 78 -0.067433
11 79 -0.051124
11 80 -0.037747
11 81 -0.028139
11 82 -0.020609
11 83 -0.015352
11 84 -0.011639
11 85 -0.008682
11 86 -0.007169
11 87 -0.005252
11 88 -0.004798
11 89 -0.003460
11 90 -0.003256
11 91 -0.002525
11 92 -0.002023
11 93 -0.002003
11 94 -0.000994
11 95 -0.001548
11 96 -0.000249
11 97 -0.000915
11 98 0.000142
11 99 0.000000

12 0 0.000000
12 1 0.000198
12 2 -0.000874
12 3 -0.000274
12 4 -0.001460
12 5 -0.001145
12 6 -0.001928
12 7 -0.002346
12 8 -0.002602
12 9 -0.003860
12 10 -0.003949
12 11 -0.005968
12 12 -0.006671
12 13 -0.009601
12 14 -0.012067
12 15 -0.016740
12 16 -0.022536
12 17 -0.030676
12 18 -0.041783
12 19 -0.055752
12 20 -0.074206
12 21 -0.096037
12 22 -0.122711
12 23 -0.152168
12 24 -0.184524
12 25 -0.216544
12 26 -0.246336
12 27 -0.269567
12 28 -0.282768
12 29 -0.281489
12 30 -0.262386
12 31 -0.222904
12 32 -0.162392
12 33 -0.082582
12 34 0.012296
12 35 0.115119
12 36 0.217012
12 37 0.307605
12 38 0.377300
12 39 0.417833
12 40 0.424679
12 41 0.396823
12 42 0.338130
12 43 0.255603
12 44 0.159558
12 45 0.060890
12 46 -0.029009
12 47 -0.100854
12 48 -0.146909
12 49 -0.162954
12 50 -0.147066
12 51 -0.101168
12 52 -0.029474
12 53 0.060274
12 54 0.158804
12 55 0.254708
12 56 0.337110
12 57 0.395674
12 58 0.423419
12 59 0.416456
12 60 0.375829
12 61 0.306032
12 62 0.215365
12 63 0.113384
12 64 0.010517
12 65 -0.084443
12 66 -0.164257
12 67 -0.224860
12 68 -0.264283
12 69 -0.283515
12 70 -0.284629
12 71 -0.271641
12 72 -0.248085
12 73 -0.218650
12 74 -0.186097
12 75 -0.154283
12 76 -0.124079
12 77 -0.098102
12 78 -0.075403
12 79 -0.057647
12 80 -0.042925
12 81 -0.032223
12 82 -0.023785
12 83 -0.017769
12 84 -0.013551
12 85 -0.010053
12 86 -0.008359
12 87 -0.005998
12 88 -0.005597
12 89 -0.003831
12 90 -0.003828
12 91 -0.002668
12 92 -0.002432
12 93 -0.002020
12 94 -0.001263
12 95 -0.001524
12 96 -0.000388
12 97 -0.000906
12 98 0.000112
12 99 0.000000

13 0 0.000000
13 1 0.000118
13 2 -0.001374
13 3 -0.000569
13 4 -0.002360
13 5 -0.001788
13 6 -0.003194
13 7 -0.003458
13 8 -0.004263
13 9 -0.005551
13 10 -0.006123
13 11 -0.008384
13 12 -0.009601
13 13 -0.013007
13 14 -0.016156
13 15 -0.021583
13 16 -0.028363
13 17 -0.037603
13 18 -0.050086
13 19 -0.065531
13 20 -0.085720
13 21 -0.109269
13 22 -0.137760
13 23 -0.168750
13 24 -0.202433
13 25 -0.235142
13 26 -0.265101
13 27 -0.287600
13 28 -0.299448
13 29 -0.295970
13 30 -0.274353
13 31 -0.231996
13 32 -0.169017
13 33 -0.087188
13 34 0.008406
13 35 0.110776
13 36 0.210421
13 37 0.297645
13 38 0.362790
13 39 0.399017
13 40 0.402269
13 41 0.373315
13 42 0.316281
13 43 0.239317
13 44 0.151768
13 45 0.064265
13 46 -0.014213
13 47 -0.075576
13 48 -0.114766
13 49 -0.128106
13 50 -0.114973
13 51 -0.075988
13 52 -0.014827
13 53 0.063457
13 54 0.150768
13 55 0.238139
13 56 0.314924
13 57 0.371796
13 58 0.400583
13 59 0.397186
13 60 0.360811
13 61 0.295539
13 62 0.208190
13 63 0.108439
13 64 0.005979
13 65 -0.089710
13 66 -0.171582
13 67 -0.234660
13 68 -0.276987
13 69 -0.298740
13 70 -0.302068
13 71 -0.290442
13 72 -0.267617
13 73 -0.238027
13 74 -0.204765
13 75 -0.171641
13 76 -0.139862
13 77 -0.112090
13 78 -0.087616
13 79 -0.068146
13 80 -0.051883
13 81 -0.039820
13 82 -0.030219
13 83 -0.023220
13 84 -0.018184
13 85 -0.014015
13 86 -0.011743
13 87 -0.008951
13 88 -0.008086
13 89 -0.006090
13 90 -0.005618
13 91 -0.004419
13 92 -0.003635
13 93 -0.003357
13 94 -0.001978
13 95 -0.002472
13 96 -0.000732
13 97 -0.001431
13 98 0.000002
13 99 0.000000

14 0 0.000000
14 1 -0.000271
14 2 -0.001618
14 3 -0.001176
14 4 -0.002818
14 5 -0.002663
14 6 -0.003929
14 7 -0.004657
14 8 -0.005379
14 9 -0.007171
14 10 -0.007781
14 11 -0.010608
14 12 -0.012067
14 13 -0.016156
14 14 -0.019838
14 15 -0.026151
14 16 -0.033830
14 17 -0.044259
14 18 -0.058047
14 19 -0.075023
14 20 -0.096839
14 21 -0.122103
14 22 -0.152206
14 23 -0.184639
14 24 -0.219312
14 25 -0.252534
14 26 -0.282212
14 27 -0.303777
14 28 -0.313793
14 29 -0.308009
14 30 -0.283524
14 31 -0.238494
14 32 -0.173097
14 33 -0.090081
14 34 0.005493
14 35 0.105784
14 36 0.201830
14 37 0.283659
14 38 0.343017
14 39 0.373494
14 40 0.373089
14 41 0.343105
14 42 0.289413
14 43 0.219667
14 44 0.143574
14 45 0.069557
14 46 0.005502
14 47 -0.043718
14 48 -0.074243
14 49 -0.084848
14 50 -0.074503
14 51 -0.044239
14 52 0.004728
14 53 0.068532
14 54 0.142312
14 55 0.218166
14 56 0.287692
14 57 0.341159
14 58 0.370942
14 59 0.371138
14 60 0.340481
14 61 0.280933
14 62 0.198954
14 63 0.102742
14 64 0.002342
14 65 -0.093383
14 66 -0.176453
14 67 -0.242001
14 68 -0.287004
14 69 -0.311673
14 70 -0.317300
14 71 -0.307549
14 72 -0.285636
14 73 -0.256370
14 74 -0.222554
14 75 -0.188482
14 76 -0.155202
14 77 -0.125857
14 78 -0.099601
14 79 -0.078525
14 80 -0.060674
14 81 -0.047285
14 82 -0.036484
14 83 -0.028487
14 84 -0.022641
14 85 -0.017720
14 86 -0.014966
14 87 -0.011571
14 88 -0.010480
14 89 -0.007953
14 90 -0.007431
14 91 -0.005731
14 92 -0.005005
14 93 -0.004250
14 94 -0.002983
14 95 -0.003039
14 96 -0.001426
14 97 -0.001737
14 98 -0.000437
14 99 0.000000

15 0 0.000000
15 1 -0.000399
15 2 -0.002382
15 3 -0.001773
15 4 -0.004172
15 5 -0.003896
15 6 -0.005867
15 7 -0.006656
15 8 -0.007991
15 9 -0.010073
15 10 -0.011264
15 11 -0.014612
15 12 -0.016740
15 13 -0.021583
15 14 -0.026151
15 15 -0.033486
15 16 -0.042378
15 17 -0.054148
15 18 -0.069529
15 19 -0.088161
15 20 -0.111849
15 21 -0.138872
15 22 -0.170754
15 23 -0.204546
15 24 -0.240286
15 25 -0.273797
15 26 -0.303199
15 27 -0.323498
15 28 -0.331678
15 29 -0.323236
15 30 -0.296024
15 31 -0.248174
15 32 -0.180944
15 33 -0.097122
15 34 -0.002876
15 35 0.094309
15 36 0.184877
15 37 0.260125
15 38 0.312041
15 39 0.336404
15 40 0.331890
15 41 0.302079
15 42 0.252823
15 43 0.192896
15 44 0.130260
15 45 0.072734
15 46 0.024873
15 47 -0.009908
15 48 -0.031142
15 49 -0.038108
15 50 -0.031463
15 51 -0.010545
15 52 0.023918
15 53 0.071476
15 54 0.128696
15 55 0.191046
15 56 0.250680
15 57 0.299669
15 58 0.329204
15 59 0.333468
15 60 0.308850
15 61 0.256708
15 62 0.181236
15 63 0.090468
15 64 -0.006898
15 65 -0.101323
15 66 -0.185264
15 67 -0.252671
15 68 -0.300550
15 69 -0.327968
15 70 -0.336296
15 71 -0.328404
15 72 -0.307782
15 73 -0.278815
15 74 -0.244712
15 75 -0.209598
15 76 -0.174939
15 77 -0.143839
15 78 -0.115781
15 79 -0.092852
15 80 -0.073293
15 81 -0.058308
15 82 -0.046122
15 83 -0.036872
15 84 -0.029980
15 85 -0.024101
15 86 -0.020569
15 87 -0.016450
15 88 -0.014743
15 89 -0.011698
15 90 -0.010607
15 91 -0.008598
15 92 -0.007248
15 93 -0.006398
15 94 -0.004409
15 95 -0.004544
15 96 -0.002158
15 97 -0.002586
15 98 -0.000648
15 99 0.000000

16 0 0.000000
16 1 -0.001322
16 2 -0.003229
16 3 -0.003246
16 4 -0.005733
16 5 -0.006054
16 6 -0.008202
16 7 -0.009627
16 8 -0.011229
16 9 -0.014026
16 10 -0.015621
16 11 -0.019795
16 12 -0.022536
16 13 -0.028363
16 14 -0.033830
16 15 -0.042378
16 16 -0.052523
16 17 -0.065813
16 18 -0.082816
16 19 -0.103264
16 20 -0.128796
16 21 -0.157695
16 22 -0.191229
16 23 -0.226433
16 24 -0.262989
16 25 -0.296785
16 26 -0.325545
16 27 -0.344542
16 28 -0.350451
16 29 -0.339391
16 30 -0.309121
16 31 -0.258832
16 32 -0.189864
16 33 -0.106294
16 34 -0.014134
16 35 0.078179
16 36 0.162109
16 37 0.228878
16 38 0.272623
16 39 0.289777
16 40 0.281676
16 41 0.252264
16 42 0.209279
16 43 0.160336
16 44 0.113561
16 45 0.073719
16 46 0.044129
16 47 0.024311
16 48 0.013644
16 49 0.009943
16 50 0.013268
16 51 0.023557
16 52 0.043009
16 53 0.072227
16 54 0.111717
16 55 0.158132
16 56 0.206740
16 57 0.249378
16 58 0.278474
16 59 0.286244
16 60 0.268796
16 61 0.224740
16 62 0.157711
16 63 0.073493
16 64 -0.019034
16 65 -0.111459
16 66 -0.195178
16 67 -0.264407
16 68 -0.314747
16 69 -0.345306
16 70 -0.356266
16 71 -0.350724
16 72 -0.331404
16 73 -0.303154
16 74 -0.268749
16 75 -0.232890
16 76 -0.196780
16 77 -0.164092
16 78 -0.134104
16 79 -0.109377
16 80 -0.087946
16 81 -0.071345
16 82 -0.057609
16 83 -0.047040
16 84 -0.038966
16 85 -0.032019
16 86 -0.027625
16 87 -0.022608
16 88 -0.020291
16 89 -0.016456
16 90 -0.014939
16 91 -0.012215
16 92 -0.010560
16 93 -0.009048
16 94 -0.006841
16 95 -0.006337
16 96 -0.003821
16 97 -0.003568
16 98 -0.001683
16 99 0.000000

17 0 0.000000
17 1 -0.001904
17 2 -0.004603
17 3 -0.004742
17 4 -0.008182
17 5 -0.008713
17 6 -0.011752
17 7 -0.013609
17 8 -0.016031
17 9 -0.019501
17 10 -0.021922
17 11 -0.026987
17 12 -0.030676
17 13 -0.037603
17 14 -0.044259
17 15 -0.054148
17 16 -0.065813
17 17 -0.080728
17 18 -0.099594
17 19 -0.121904
17 20 -0.149473
17 21 -0.180188
17 22 -0.215497
17 23 -0.251919
17 24 -0.289336
17 25 -0.323065
17 26 -0.351146
17 27 -0.368342
17 28 -0.371924
17 29 -0.357719
17 30 -0.324531
17 31 -0.271537
17 32 -0.201502
17 33 -0.118465
17 34 -0.029741
17 35 0.056977
17 36 0.132646
17 37 0.190444
17 38 0.224944
17 39 0.235422
17 40 0.223773
17 41 0.196473
17 42 0.160634
17 43 0.124899
17 44 0.094832
17 45 0.074560
17 46 0.063450
17 47 0.059837
17 48 0.059333
17 49 0.059689
17 50 0.058907
17 51 0.058988
17 52 0.062176
17 53 0.072874
17 54 0.092727
17 55 0.122395
17 56 0.157719
17 57 0.193174
17 58 0.220075
17 59 0.231356
17 60 0.220496
17 61 0.185646
17 62 0.127492
17 63 0.051497
17 64 -0.035534
17 65 -0.124566
17 66 -0.207851
17 67 -0.278190
17 68 -0.331329
17 69 -0.364852
17 70 -0.379041
17 71 -0.375876
17 72 -0.358426
17 73 -0.330908
17 74 -0.296618
17 75 -0.259952
17 76 -0.222647
17 77 -0.188237
17 78 -0.156429
17 79 -0.129707
17 80 -0.106395
17 81 -0.087944
17 82 -0.072567
17 83 -0.060439
17 84 -0.051034
17 85 -0.042796
17 86 -0.037334
17 87 -0.031233
17 88 -0.028024
17 89 -0.023285
17 90 -0.020950
17 91 -0.017518
17 92 -0.015022
17 93 -0.013025
17 94 -0.009887
17 95 -0.009105
17 96 -0.005594
17 97 -0.005130
17 98 -0.002435
17 99 0.000000

18 0 0.000000
18 1 -0.003705
18 2 -0.006556
18 3 -0.007721
18 4 -0.011711
18 5 -0.013165
18 6 -0.016884
18 7 -0.019723
18 8 -0.022906
18 9 -0.027469
18 10 -0.030761
18 11 -0.037046
18 12 -0.041783
18 13 -0.050086
18 14 -0.058047
18 15 -0.069529
18 16 -0.082816
18 17 -0.099594
18 18 -0.120376
18 19 -0.144756
18 20 -0.174328
18 21 -0.207024
18 22 -0.243957
18 23 -0.281701
18 24 -0.319680
18 25 -0.353372
18 26 -0.380314
18 27 -0.395695
18 28 -0.396406
18 29 -0.379173
18 30 -0.342696
18 31 -0.287570
18 32 -0.216576
18 33 -0.135304
18 34 -0.050590
18 35 0.028921
18 36 0.095845
18 37 0.143426
18 38 0.169061
18 39 0.172578
18 40 0.158857
18 41 0.134144
18 42 0.107389
18 43 0.085217
18 44 0.073348
18 45 0.072220
18 46 0.080362
18 47 0.091953
18 48 0.102197
18 49 0.105712
18 50 0.101742
18 51 0.091039
18 52 0.078998
18 53 0.070397
18 54 0.071083
18 55 0.082494
18 56 0.104232
18 57 0.130532
18 58 0.154822
18 59 0.168094
18 60 0.164169
18 61 0.138092
18 62 0.090124
18 63 0.022769
18 64 -0.057092
18 65 -0.142228
18 66 -0.223789
18 67 -0.295208
18 68 -0.350523
18 69 -0.387460
18 70 -0.404721
18 71 -0.404554
18 72 -0.388959
18 73 -0.362709
18 74 -0.328482
18 75 -0.291381
18 76 -0.252763
18 77 -0.216850
18 78 -0.183052
18 79 -0.154430
18 80 -0.129030
18 81 -0.108727
18 82 -0.091481
18 83 -0.077722
18 84 -0.066762
18 85 -0.057107
18 86 -0.050373
18 87 -0.042999
18 88 -0.038734
18 89 -0.032818
18 90 -0.029573
18 91 -0.025044
18 92 -0.021730
18 93 -0.018710
18 94 -0.014828
18 95 -0.013051
18 96 -0.008924
18 97 -0.007331
18 98 -0.004453
18 99 0.000000

19 0 0.000000
19 1 -0.005451
19 2 -0.009236
19 3 -0.011150
19 4 -0.016447
19 5 -0.018669
19 6 -0.023660
19 7 -0.027470
19 8 -0.031856
19 9 -0.037589
19 10 -0.042086
19 11 -0.049701
19 12 -0.055752
19 13 -0.065531
19 14 -0.075023
19 15 -0.088161
19 16 -0.103264
19 17 -0.121904
19 18 -0.144756
19 19 -0.171110
19 20 -0.202786
19 21 -0.237239
19 22 -0.275829
19 23 -0.314508
19 24 -0.352988
19 25 -0.386060
19 26 -0.411713
19 27 -0.424543
19 28 -0.422292
19 29 -0.401372
19 30 -0.361884
19 31 -0.304356
19 32 -0.233297
19 33 -0.153968
19 34 -0.074580
19 35 -0.002428
19 36 0.054694
19 37 0.092684
19 38 0.109279
19 39 0.107534
19 40 0.092300
19 41 0.072321
19 42 0.054989
19 43 0.047901
19 44 0.053476
19 45 0.071931
19 46 0.097621
19 47 0.124441
19 48 0.143830
19 49 0.151194
19 50 0.143369
19 51 0.123524
19 52 0.096238
19 53 0.070094
19 54 0.051166
19 55 0.045137
19 56 0.051747
19 57 0.068625
19 58 0.088120
19 59 0.102902
19 60 0.104161
19 61 0.087112
19 62 0.048642
19 63 -0.008936
19 64 -0.081546
19 65 -0.161394
19 66 -0.241133
19 67 -0.312671
19 68 -0.370516
19 69 -0.410532
19 70 -0.431611
19 71 -0.434490
19 72 -0.421571
19 73 -0.396706
19 74 -0.363214
19 75 -0.325720
19 76 -0.286262
19 77 -0.248805
19 78 -0.213322
19 79 -0.182702
19 80 -0.155382
19 81 -0.133086
19 82 -0.114032
19 83 -0.098475
19 84 -0.085933
19 85 -0.074680
19 86 -0.066574
19 87 -0.057743
19 88 -0.052241
19 89 -0.044974
19 90 -0.040538
19 91 -0.034786
19 92 -0.030238
19 93 -0.026171
19 94 -0.020958
19 95 -0.018311
19 96 -0.012808
19 97 -0.010322
19 98 -0.006492
19 99 0.000000

20 0 0.000000
20 1 -0.008812
20 2 -0.013076
20 3 -0.016700
20 4 -0.023216
20 5 -0.026901
20 6 -0.033230
20 7 -0.038536
20 8 -0.044265
20 9 -0.051574
20 10 -0.057436
20 11 -0.066699
20 12 -0.074206
20 13 -0.085720
20 14 -0.096839
20 15 -0.111849
20 16 -0.128796
20 17 -0.149473
20 18 -0.174328
20 19 -0.202786
20 20 -0.236376
20 21 -0.272660
20 22 -0.312556
20 23 -0.352156
20 24 -0.390582
20 25 -0.422917
20 26 -0.446543
20 27 -0.456725
20 28 -0.450787
20 29 -0.426396
20 30 -0.383502
20 31 -0.324382
20 32 -0.253302
20 33 -0.177194
20 34 -0.103201
20 35 -0.039501
20 36 0.008493
20 37 0.036668
20 38 0.046037
20 39 0.039630
20 40 0.025268
20 41 0.010455
20 42 0.004276
20 43 0.011396
20 44 0.034708
20 45 0.070419
20 46 0.113037
20 47 0.152456
20 48 0.180916
20 49 0.190662
20 50 0.180494
20 51 0.151603
20 52 0.111762
20 53 0.068702
20 54 0.032563
20 55 0.008790
20 56 0.001231
20 57 0.006931
20 58 0.021294
20 59 0.035156
20 60 0.041102
20 61 0.031212
20 62 0.002566
20 63 -0.045974
20 64 -0.110143
20 65 -0.184710
20 66 -0.261258
20 67 -0.332952
20 68 -0.392438
20 69 -0.436017
20 70 -0.460631
20 71 -0.467372
20 72 -0.457179
20 73 -0.434532
20 74 -0.401859
20 75 -0.364622
20 76 -0.324323
20 77 -0.285766
20 78 -0.248525
20 79 -0.216190
20 80 -0.186830
20 81 -0.162699
20 82 -0.141681
20 83 -0.124379
20 84 -0.110074
20 85 -0.097184
20 86 -0.087504
20 87 -0.077086
20 88 -0.070131
20 89 -0.061285
20 90 -0.055442
20 91 -0.048119
20 92 -0.042156
20 93 -0.036544
20 94 -0.029904
20 95 -0.025697
20 96 -0.018892
20 97 -0.014533
20 98 -0.010216
20 99 0.000000

21 0 0.000000
21 1 -0.012700
21 2 -0.018014
21 3 -0.023411
21 4 -0.031782
21 5 -0.037002
21 6 -0.045161
21 7 -0.052080
21 8 -0.059497
21 9 -0.068491
21 10 -0.075951
21 11 -0.086922
21 12 -0.096037
21 13 -0.109269
21 14 -0.122103
21 15 -0.138872
21 16 -0.157695
21 17 -0.180188
21 18 -0.207024
21 19 -0.237239
21 20 -0.272660
21 21 -0.310263
21 22 -0.351289
21 23 -0.391083
21 24 -0.429165
21 25 -0.459825
21 26 -0.481119
21 27 -0.487674
21 28 -0.478015
21 29 -0.449457
21 30 -0.403705
21 31 -0.342742
21 32 -0.272715
21 33 -0.199666
21 34 -0.132054
21 35 -0.075957
21 36 -0.037234
21 37 -0.016816
21 38 -0.013881
21 39 -0.022133
21 40 -0.034842
21 41 -0.042219
21 42 -0.037843
21 43 -0.015925
21 44 0.022588
21 45 0.074610
21 46 0.130619
21 47 0.181670
21 48 0.216493
21 49 0.229314
21 50 0.216151
21 51 0.180987
21 52 0.129579
21 53 0.073222
21 54 0.020818
21 55 -0.018063
21 56 -0.040395
21 57 -0.045166
21 58 -0.038238
21 59 -0.025955
21 60 -0.018189
21 61 -0.021586
21 62 -0.042526
21 63 -0.081760
21 64 -0.138405
21 65 -0.206585
21 66 -0.280181
21 67 -0.350848
21 68 -0.412311
21 69 -0.458807
21 70 -0.487743
21 71 -0.498301
21 72 -0.491906
21 73 -0.471722
21 74 -0.440905
21 75 -0.404174
21 76 -0.363862
21 77 -0.324366
21 78 -0.285978
21 79 -0.252016
21 80 -0.221064
21 81 -0.195142
21 82 -0.172478
21 83 -0.153437
21 84 -0.137568
21 85 -0.123006
21 86 -0.111839
21 87 -0.099753
21 88 -0.091322
21 89 -0.080767
21 90 -0.073373
21 91 -0.064319
21 92 -0.056651
21 93 -0.049343
21 94 -0.040813
21 95 -0.034947
21 96 -0.026217
21 97 -0.019885
21 98 -0.014546
21 99 0.000000

22 0 0.000000
22 1 -0.018557
22 2 -0.024573
22 3 -0.032735
22 4 -0.043081
22 5 -0.050477
22 6 -0.060677
22 7 -0.069659
22 8 -0.078947
22 9 -0.089940
22 10 -0.099105
22 11 -0.111981
22 12 -0.122711
22 13 -0.137760
22 14 -0.152206
22 15 -0.170754
22 16 -0.191229
22 17 -0.215497
22 18 -0.243957
22 19 -0.275829
22 20 -0.312556
22 21 -0.351289
22 22 -0.392700
22 23 -0.432381
22 24 -0.469143
22 25 -0.497784
22 26 -0.515690
22 27 -0.518510
22 28 -0.504311
22 29 -0.472043
22 30 -0.423058
22 31 -0.361284
22 32 -0.292091
22 33 -0.223147
22 34 -0.161072
22 35 -0.112821
22 36 -0.081255
22 37 -0.067773
22 38 -0.068157
22 39 -0.077190
22 40 -0.085410
22 41 -0.085531
22 42 -0.069453
22 43 -0.035127
22 44 0.017723
22 45 0.081966
22 46 0.149728
22 47 0.208440
22 48 0.249209
22 49 0.263107
22 50 0.249004
22 51 0.208018
22 52 0.149094
22 53 0.081090
22 54 0.016612
22 55 -0.036523
22 56 -0.071120
22 57 -0.087534
22 58 -0.087729
22 59 -0.079903
22 60 -0.071236
22 61 -0.071313
22 62 -0.085218
22 63 -0.117326
22 64 -0.166055
22 65 -0.228764
22 66 -0.298220
22 67 -0.368158
22 68 -0.430434
22 69 -0.480307
22 70 -0.512993
22 71 -0.528273
22 72 -0.525693
22 73 -0.509119
22 74 -0.480432
22 75 -0.445281
22 76 -0.405219
22 77 -0.365629
22 78 -0.326266
22 79 -0.291307
22 80 -0.258870
22 81 -0.231627
22 82 -0.207381
22 83 -0.186942
22 84 -0.169533
22 85 -0.153511
22 86 -0.140827
22 87 -0.127152
22 88 -0.117150
22 89 -0.104822
22 90 -0.095714
22 91 -0.084711
22 92 -0.075120
22 93 -0.065726
22 94 -0.055081
22 95 -0.046946
22 96 -0.036179
22 97 -0.026876
22 98 -0.020907
22 99 0.000000

23 0 0.000000
23 1 -0.025568
23 2 -0.032481
23 3 -0.043773
23 4 -0.056535
23 5 -0.066291
23 6 -0.078869
23 7 -0.090017
23 8 -0.101360
23 9 -0.114346
23 10 -0.125256
23 11 -0.139899
23 12 -0.152168
23 13 -0.168750
23 14 -0.184639
23 15 -0.204546
23 16 -0.226433
23 17 -0.251919
23 18 -0.281701
23 19 -0.314508
23 20 -0.352156
23 21 -0.391083
23 22 -0.432381
23 23 -0.470780
23 24 -0.505685
23 25 -0.531039
23 26 -0.545238
23 27 -0.543264
23 28 -0.524770
23 29 -0.488185
23 30 -0.436847
23 31 -0.373889
23 32 -0.306548
23 33 -0.240818
23 34 -0.184596
23 35 -0.142034
23 36 -0.116813
23 37 -0.106914
23 38 -0.109314
23 39 -0.115738
23 40 -0.119156
23 41 -0.110138
23 42 -0.084297
23 43 -0.037932
23 44 0.025091
23 45 0.099723
23 46 0.174363
23 47 0.239365
23 48 0.282587
23 49 0.298447
23 50 0.282563
23 51 0.239319
23 52 0.174271
23 53 0.099589
23 54 0.024869
23 55 -0.038236
23 56 -0.084751
23 57 -0.110728
23 58 -0.119967
23 59 -0.116754
23 60 -0.110630
23 61 -0.108520
23 62 -0.118805
23 63 -0.144422
23 64 -0.187461
23 65 -0.244208
23 66 -0.310486
23 67 -0.378506
23 68 -0.442042
23 69 -0.494254
23 70 -0.531375
23 71 -0.550993
23 72 -0.553363
23 73 -0.540600
23 74 -0.515395
23 75 -0.482269
23 76 -0.443715
23 77 -0.404466
23 78 -0.365161
23 79 -0.329562
23 80 -0.296460
23 81 -0.268202
23 82 -0.243040
23 83 -0.221476
23 84 -0.203060
23 85 -0.185809
23 86 -0.172007
23 87 -0.156899
23 88 -0.145578
23 89 -0.131539
23 90 -0.120808
23 91 -0.107820
23 92 -0.096222
23 93 -0.084621
23 94 -0.071596
23 95 -0.061003
23 96 -0.047819
23 97 -0.035170
23 98 -0.028452
23 99 0.000000

24 0 0.000000
24 1 -0.034691
24 2 -0.041989
24 3 -0.057331
24 4 -0.072564
24 5 -0.085141
24 6 -0.100208
24 7 -0.113754
24 8 -0.127153
24 9 -0.142194
24 10 -0.154701
24 11 -0.171022
24 12 -0.184524
24 13 -0.202433
24 14 -0.219312
24 15 -0.240286
24 16 -0.262989
24 17 -0.289336
24 18 -0.319680
24 19 -0.352988
24 20 -0.390582
24 21 -0.429165
24 22 -0.469143
24 23 -0.505685
24 24 -0.537414
24 25 -0.559112
24 26 -0.568472
24 27 -0.561887
24 28 -0.538407
24 29 -0.498357
24 30 -0.444264
24 31 -0.381221
24 32 -0.314915
24 33 -0.252910
24 34 -0.200499
24 35 -0.163002
24 36 -0.140748
24 37 -0.133108
24 38 -0.133787
24 39 -0.136950
24 40 -0.133025
24 41 -0.116307
24 42 -0.080390
24 43 -0.025890
24 44 0.045718
24 45 0.125442
24 46 0.205070
24 47 0.271644
24 48 0.317064
24 49 0.332453
24 50 0.317268
24 51 0.272040
24 52 0.205661
24 53 0.126188
24 54 0.046626
24 55 -0.024889
24 56 -0.079284
24 57 -0.115187
24 58 -0.131874
24 59 -0.135878
24 60 -0.132772
24 61 -0.132282
24 62 -0.140082
24 63 -0.162661
24 64 -0.200434
24 65 -0.253334
24 66 -0.315722
24 67 -0.382716
24 68 -0.446217
24 69 -0.501240
24 70 -0.541758
24 71 -0.566472
24 72 -0.573444
24 73 -0.565691
24 74 -0.544194
24 75 -0.514479
24 76 -0.477895
24 77 -0.440268
24 78 -0.401476
24 79 -0.366293
24 80 -0.332917
24 81 -0.304498
24 82 -0.278767
24 83 -0.256784
24 84 -0.237678
24 85 -0.219774
24 86 -0.205124
24 87 -0.189015
24 88 -0.176566
24 89 -0.161078
24 90 -0.148812
24 91 -0.133915
24 92 -0.120287
24 93 -0.106357
24 94 -0.090855
24 95 -0.077425
24 96 -0.061818
24 97 -0.044945
24 98 -0.038082
24 99 0.000000

25 0 0.000000
25 1 -0.045204
25 2 -0.052469
25 3 -0.072286
25 4 -0.090013
25 5 -0.105448
25 6 -0.123002
25 7 -0.138796
25 8 -0.154104
25 9 -0.170883
25 10 -0.184694
25 11 -0.202210
25 12 -0.216544
25 13 -0.235142
25 14 -0.252534
25 15 -0.273797
25 16 -0.296785
25 17 -0.323065
25 18 -0.353372
25 19 -0.386060
25 20 -0.422917
25 21 -0.459825
25 22 -0.497784
25 23 -0.531039
25 24 -0.559112
25 25 -0.575907
25 26 -0.580503
25 27 -0.568502
25 28 -0.540816
25 29 -0.496831
25 30 -0.441106
25 31 -0.377196
25 32 -0.312596
25 33 -0.252399
25 34 -0.203398
25 35 -0.167657
25 36 -0.147149
25 37 -0.137850
25 38 -0.135982
25 39 -0.132826
25 40 -0.122565
25 41 -0.097121
25 42 -0.054605
25 43 0.006992
25 44 0.081901
25 45 0.164816
25 46 0.243993
25 47 0.311146
25 48 0.354920
25 49 0.371140
25 50 0.355369
25 51 0.312048
25 52 0.245319
25 53 0.166574
25 54 0.084033
25 55 0.009507
25 56 -0.051791
25 57 -0.093995
25 58 -0.119233
25 59 -0.129273
25 60 -0.132328
25 61 -0.134090
25 62 -0.143411
25 63 -0.163961
25 64 -0.199863
25 65 -0.249094
25 66 -0.309589
25 67 -0.374654
25 68 -0.438973
25 69 -0.495457
25 70 -0.539903
25 71 -0.568716
25 72 -0.581145
25 73 -0.578124
25 74 -0.561627
25 75 -0.535624
25 76 -0.502484
25 77 -0.467027
25 78 -0.430128
25 79 -0.395930
25 80 -0.363455
25 81 -0.335407
25 82 -0.310098
25 83 -0.288208
25 84 -0.269272
25 85 -0.251213
25 86 -0.236459
25 87 -0.219809
25 88 -0.206849
25 89 -0.190295
25 90 -0.176960
25 91 -0.160427
25 92 -0.145064
25 93 -0.128959
25 94 -0.111115
25 95 -0.094844
25 96 -0.076926
25 97 -0.055449
25 98 -0.048988
25 99 0.000000

26 0 0.000000
26 1 -0.057340
26 2 -0.063528
26 3 -0.088400
26 4 -0.108203
26 5 -0.126527
26 6 -0.146247
26 7 -0.164080
26 8 -0.180873
26 9 -0.199039
26 10 -0.213596
26 11 -0.231851
26 12 -0.246336
26 13 -0.265101
26 14 -0.282212
26 15 -0.303199
26 16 -0.325545
26 17 -0.351146
26 18 -0.380314
26 19 -0.411713
26 20 -0.446543
26 21 -0.481119
26 22 -0.515690
26 23 -0.545238
26 24 -0.568472
26 25 -0.580503
