0 0 0.000000
0 1 0.000000
0 2 0.000000
0 3 0.000000
0 4 0.000000
0 5 0.000000
0 6 0.000000
0 7 0.000000
0 8 0.000000
0 9 0.000000
0 10 0.000000
0 11 0.000000
0 12 0.000000
0 13 0.000000
0 14 0.000000
0 15 0.000000
0 16 0.000000
0 17 0.000000
0 18 0.000000
0 19 0.000000
0 20 0.000000
0 21 0.000000
0 22 0.000000
0 23 0.000000
0 24 0.000000
0 25 0.000000
0 26 0.000000
0 27 0.000000
0 28 0.000000
0 29 0.000000
0 30 0.000000
0 31 0.000000
0 32 0.000000
0 33 0.000000
0 34 0.000000
0 35 0.000000
0 36 0.000000
0 37 0.000000
0 38 0.000000
0 39 0.000000
0 40 0.000000
0 41 0.000000
0 42 0.000000
0 43 0.000000
0 44 0.000000
0 45 0.000000
0 46 0.000000
0 47 0.000000
0 48 0.000000
0 49 0.000000
0 50 0.000000
0 51 0.000000
0 52 0.000000
0 53 0.000000
0 54 0.000000
0 55 0.000000
0 56 0.000000
0 57 0.000000
0 58 0.000000
0 59 0.000000
0 60 0.000000
0 61 0.000000
0 62 0.000000
0 63 0.000000
0 64 0.000000
0 65 0.000000
0 66 0.000000
0 67 0.000000
0 68 0.000000
0 69 0.000000
0 70 0.000000
0 71 0.000000
0 72 0.000000
0 73 0.000000
0 74 0.000000
0 75 0.000000
0 76 0.000000
0 77 0.000000
0 78 0.000000
0 79 0.000000
0 80 0.000000
0 81 0.000000
0 82 0.000000
0 83 0.000000
0 84 0.000000
0 85 0.000000
0 86 0.000000
0 87 0.000000
0 88 0.000000
0 89 0.000000
0 90 0.000000
0 91 0.000000
0 92 0.000000
0 93 0.000000
0 94 0.000000
0 95 0.000000
0 96 0.000000
0 97 0.000000
0 98 0.000000
0 99 0.000000

1 0 0.000000
1 1 0.001303
1 2 0.002247
1 3 0.004888
1 4 0.007415
1 5 0.012149
1 6 0.015832
1 7 0.022744
1 8 0.027799
1 9 0.036016
1 10 0.043029
1 11 0.052187
1 12 0.061463
1 13 0.071815
1 14 0.083085
1 15 0.094325
1 16 0.105888
1 17 0.115761
1 18 0.123809
1 19 0.127898
1 20 0.127383
1 21 0.120919
1 22 0.108055
1 23 0.088842
1 24 0.063674
1 25 0.034011
1 26 0.001129
1 27 -0.032702
1 28 -0.065876
1 29 -0.096176
1 30 -0.122372
1 31 -0.142979
1 32 -0.157568
1 33 -0.165616
1 34 -0.167500
1 35 -0.163491
1 36 -0.154493
1 37 -0.141223
1 38 -0.124783
1 39 -0.106026
1 40 -0.086017
1 41 -0.065563
1 42 -0.045585
1 43 -0.026757
1 44 -0.009822
1 45 0.004713
1 46 0.016303
1 47 0.024639
1 48 0.029405
1 49 0.030520
1 50 0.027928
1 51 0.021805
1 52 0.012360
1 53 0.000025
1 54 -0.014750
1 55 -0.031334
1 56 -0.049098
1 57 -0.067304
1 58 -0.085240
1 59 -0.102165
1 60 -0.117378
1 61 -0.130223
1 62 -0.140065
1 63 -0.146394
1 64 -0.148671
1 65 -0.146589
1 66 -0.139761
1 67 -0.128198
1 68 -0.111793
1 69 -0.091051
1 70 -0.066327
1 71 -0.038771
1 72 -0.009275
1 73 0.020423
1 74 0.049087
1 75 0.074808
1 76 0.096484
1 77 0.112744
1 78 0.123121
1 79 0.127440
1 80 0.125991
1 81 0.119996
1 82 0.110051
1 83 0.098342
1 84 0.085115
1 85 0.072582
1 86 0.060517
1 87 0.050017
1 88 0.041198
1 89 0.033058
1 90 0.027389
1 91 0.020658
1 92 0.017050
1 93 0.011325
1 94 0.008668
1 95 0.004765
1 96 0.002806
1 97 0.000959
1 98 0.000564
1 99 0.000000

2 0 0.000000
2 1 0.002247
2 2 0.004703
2 3 0.007861
2 4 0.012737
2 5 0.017369
2 6 0.023958
2 7 0.031050
2 8 0.038393
2 9 0.047078
2 10 0.054651
2 11 0.063258
2 12 0.070487
2 13 0.078050
2 14 0.084627
2 15 0.090789
2 16 0.095992
2 17 0.099477
2 18 0.100728
2 19 0.098098
2 20 0.090904
2 21 0.077623
2 22 0.057998
2 23 0.031699
2 24 -0.000371
2 25 -0.036907
2 26 -0.075754
2 27 -0.114456
2 28 -0.150352
2 29 -0.180947
2 30 -0.204174
2 31 -0.218570
2 32 -0.223435
2 33 -0.218812
2 34 -0.205439
2 35 -0.184621
2 36 -0.158009
2 37 -0.127485
2 38 -0.094878
2 39 -0.061951
2 40 -0.030124
2 41 -0.000612
2 42 0.025821
2 43 0.048596
2 44 0.067543
2 45 0.082557
2 46 0.093827
2 47 0.101455
2 48 0.105730
2 49 0.106736
2 50 0.104678
2 51 0.099511
2 52 0.091311
2 53 0.079930
2 54 0.065402
2 55 0.047609
2 56 0.026713
2 57 0.002817
2 58 -0.023600
2 59 -0.052042
2 60 -0.081576
2 61 -0.111240
2 62 -0.139647
2 63 -0.165460
2 64 -0.187041
2 65 -0.202998
2 66 -0.211871
2 67 -0.212735
2 68 -0.204874
2 69 -0.188383
2 70 -0.163765
2 71 -0.132414
2 72 -0.096098
2 73 -0.057230
2 74 -0.018283
2 75 0.018195
2 76 0.050016
2 77 0.075610
2 78 0.093938
2 79 0.105110
2 80 0.109396
2 81 0.108374
2 82 0.103023
2 83 0.095338
2 84 0.086275
2 85 0.076982
2 86 0.068291
2 87 0.059741
2 88 0.052594
2 89 0.044889
2 90 0.038721
2 91 0.031534
2 92 0.025599
2 93 0.019514
2 94 0.013637
2 95 0.009642
2 96 0.005087
2 97 0.002667
2 98 0.001108
2 99 0.000000

3 0 0.000000
3 1 0.004888
3 2 0.007861
3 3 0.013560
3 4 0.019225
3 5 0.027186
3 6 0.035153
3 7 0.046005
3 8 0.055664
3 9 0.068081
3 10 0.078701
3 11 0.090608
3 12 0.101011
3 13 0.111206
3 14 0.120467
3 15 0.128452
3 16 0.135341
3 17 0.139548
3 18 0.140919
3 19 0.137327
3 20 0.128046
3 21 0.111515
3 22 0.087276
3 23 0.055405
3 24 0.016693
3 25 -0.026798
3 26 -0.072886
3 27 -0.118235
3 28 -0.160157
3 29 -0.195427
3 30 -0.222141
3 31 -0.238441
3 32 -0.244063
3 33 -0.238986
3 34 -0.224577
3 35 -0.202246
3 36 -0.174289
3 37 -0.142664
3 38 -0.109691
3 39 -0.077039
3 40 -0.046401
3 41 -0.018703
3 42 0.005205
3 43 0.025169
3 44 0.041027
3 45 0.053138
3 46 0.061693
3 47 0.067221
3 48 0.069939
3 49 0.070266
3 50 0.068235
3 51 0.064028
3 52 0.057442
3 53 0.048446
3 54 0.036706
3 55 0.022134
3 56 0.004468
3 57 -0.016209
3 58 -0.039834
3 59 -0.065915
3 60 -0.093843
3 61 -0.122566
3 62 -0.150837
3 63 -0.177085
3 64 -0.199581
3 65 -0.216564
3 66 -0.226292
3 67 -0.227445
3 68 -0.218974
3 69 -0.200734
3 70 -0.173016
3 71 -0.137307
3 72 -0.095397
3 73 -0.050167
3 74 -0.004310
3 75 0.038924
3 76 0.077103
3 77 0.108006
3 78 0.130501
3 79 0.144375
3 80 0.149968
3 81 0.149019
3 82 0.142519
3 83 0.133104
3 84 0.121393
3 85 0.109518
3 86 0.097584
3 87 0.086146
3 88 0.075784
3 89 0.064989
3 90 0.056089
3 91 0.045587
3 92 0.037744
3 93 0.028283
3 94 0.021362
3 95 0.014378
3 96 0.009333
3 97 0.004734
3 98 0.003027
3 99 0.000000

4 0 0.000000
4 1 0.007415
4 2 0.012737
4 3 0.019225
4 4 0.028718
4 5 0.037753
4 6 0.049487
4 7 0.062345
4 8 0.074868
4 9 0.089580
4 10 0.101675
4 11 0.114975
4 12 0.125154
4 13 0.135005
4 14 0.142386
4 15 0.148166
4 16 0.151795
4 17 0.152135
4 18 0.148884
4 19 0.139668
4 20 0.123948
4 21 0.099619
4 22 0.066684
4 23 0.024827
4 24 -0.024366
4 25 -0.078845
4 26 -0.135347
4 27 -0.190263
4 28 -0.239792
4 29 -0.280470
4 30 -0.309580
4 31 -0.325366
4 32 -0.327250
4 33 -0.315758
4 34 -0.292401
4 35 -0.259456
4 36 -0.219582
4 37 -0.175672
4 38 -0.130364
4 39 -0.086111
4 40 -0.044703
4 41 -0.007603
4 42 0.024494
4 43 0.051113
4 44 0.072434
4 45 0.088614
4 46 0.100272
4 47 0.107752
4 48 0.111692
4 49 0.112284
4 50 0.109922
4 51 0.104483
4 52 0.096051
4 53 0.084219
4 54 0.068871
4 55 0.049504
4 56 0.026049
4 57 -0.001795
4 58 -0.033721
4 59 -0.069498
4 60 -0.108127
4 61 -0.148588
4 62 -0.189033
4 63 -0.227640
4 64 -0.261886
4 65 -0.289545
4 66 -0.308034
4 67 -0.315549
4 68 -0.310422
4 69 -0.292274
4 70 -0.261265
4 71 -0.219082
4 72 -0.167988
4 73 -0.111462
4 74 -0.053128
4 75 0.003063
4 76 0.053645
4 77 0.095975
4 78 0.128160
4 79 0.150070
4 80 0.161722
4 81 0.165307
4 82 0.161902
4 83 0.154482
4 84 0.144138
4 85 0.132680
4 86 0.121185
4 87 0.109014
4 88 0.098254
4 89 0.085758
4 90 0.075381
4 91 0.062666
4 92 0.052150
4 93 0.040805
4 94 0.030233
4 95 0.022358
4 96 0.013595
4 97 0.008544
4 98 0.004844
4 99 0.000000

5 0 0.000000
5 1 0.012149
5 2 0.017369
5 3 0.027186
5 4 0.037753
5 5 0.049867
5 6 0.063413
5 7 0.079021
5 8 0.093619
5 9 0.110322
5 10 0.123920
5 11 0.137851
5 12 0.148118
5 13 0.156918
5 14 0.162702
5 15 0.166010
5 16 0.166794
5 17 0.163925
5 18 0.157312
5 19 0.144802
5 20 0.125751
5 21 0.098397
5 22 0.062454
5 23 0.018064
5 24 -0.033494
5 25 -0.089603
5 26 -0.147266
5 27 -0.202284
5 28 -0.251155
5 29 -0.289957
5 30 -0.316420
5 31 -0.328561
5 32 -0.326438
5 33 -0.310547
5 34 -0.283134
5 35 -0.246481
5 36 -0.203924
5 37 -0.158228
5 38 -0.112516
5 39 -0.068887
5 40 -0.029400
5 41 0.005044
5 42 0.033632
5 43 0.056558
5 44 0.073921
5 45 0.086556
5 46 0.094943
5 47 0.100041
5 48 0.102246
5 49 0.102263
5 50 0.100133
5 51 0.096136
5 52 0.089887
5 53 0.081263
5 54 0.069566
5 55 0.054453
5 56 0.035181
5 57 0.011506
5 58 -0.016972
5 59 -0.049987
5 60 -0.087172
5 61 -0.127379
5 62 -0.169174
5 63 -0.210410
5 64 -0.248667
5 65 -0.281162
5 66 -0.305128
5 67 -0.318080
5 68 -0.318022
5 69 -0.303986
5 70 -0.275876
5 71 -0.235100
5 72 -0.183894
5 73 -0.125855
5 74 -0.064799
5 75 -0.005092
5 76 0.049552
5 77 0.096011
5 78 0.132261
5 79 0.157845
5 80 0.172801
5 81 0.179219
5 82 0.178199
5 83 0.172817
5 84 0.163974
5 85 0.153766
5 86 0.142775
5 87 0.130867
5 88 0.119458
5 89 0.106060
5 90 0.094046
5 91 0.079357
5 92 0.066804
5 93 0.052795
5 94 0.040467
5 95 0.029698
5 96 0.020007
5 97 0.011969
5 98 0.008722
5 99 0.000000

6 0 0.000000
6 1 0.015832
6 2 0.023958
6 3 0.035153
6 4 0.049487
6 5 0.063413
6 6 0.079991
6 7 0.097867
6 8 0.114244
6 9 0.132683
6 10 0.146454
6 11 0.160486
6 12 0.169073
6 13 0.175805
6 14 0.178182
6 15 0.177524
6 16 0.173714
6 17 0.165758
6 18 0.154025
6 19 0.136051
6 20 0.111827
6 21 0.079097
6 22 0.038229
6 23 -0.011094
6 24 -0.066930
6 25 -0.127002
6 26 -0.187657
6 27 -0.244978
6 28 -0.294902
6 29 -0.333860
6 30 -0.359212
6 31 -0.369483
6 32 -0.364552
6 33 -0.345552
6 34 -0.314633
6 35 -0.274733
6 36 -0.229024
6 37 -0.180831
6 38 -0.132958
6 39 -0.087934
6 40 -0.047345
6 41 -0.012446
6 42 0.016503
6 43 0.039342
6 44 0.056725
6 45 0.069075
6 46 0.077400
6 47 0.082190
6 48 0.084358
6 49 0.084123
6 50 0.082053
6 51 0.077953
6 52 0.071977
6 53 0.063527
6 54 0.052413
6 55 0.037774
6 56 0.019288
6 57 -0.003883
6 58 -0.031828
6 59 -0.064928
6 60 -0.102564
6 61 -0.144190
6 62 -0.188069
6 63 -0.232477
6 64 -0.274525
6 65 -0.311584
6 66 -0.340232
6 67 -0.357892
6 68 -0.361850
6 69 -0.350954
6 70 -0.324540
6 71 -0.283941
6 72 -0.231170
6 73 -0.169969
6 74 -0.104332
6 75 -0.038924
6 76 0.022083
6 77 0.075314
6 78 0.118202
6 79 0.150263
6 80 0.171060
6 81 0.182888
6 82 0.186499
6 83 0.185192
6 84 0.179745
6 85 0.172135
6 86 0.163300
6 87 0.152320
6 88 0.141733
6 89 0.127565
6 90 0.114982
6 91 0.098270
6 92 0.083839
6 93 0.067490
6 94 0.052168
6 95 0.039730
6 96 0.026409
6 97 0.017399
6 98 0.011468
6 99 0.000000

7 0 0.000000
7 1 0.022744
7 2 0.031050
7 3 0.046005
7 4 0.062345
7 5 0.079021
7 6 0.097867
7 7 0.117590
7 8 0.135438
7 9 0.154341
7 10 0.167890
7 11 0.180489
7 12 0.186728
7 13 0.190103
7 14 0.188366
7 15 0.183154
7 16 0.174546
7 17 0.162073
7 18 0.146152
7 19 0.124857
7 20 0.097997
7 21 0.063775
7 22 0.022172
7 23 -0.026741
7 24 -0.081525
7 25 -0.139542
7 26 -0.197689
7 27 -0.251711
7 28 -0.298134
7 29 -0.333097
7 30 -0.354597
7 31 -0.360919
7 32 -0.352606
7 33 -0.330537
7 34 -0.297488
7 35 -0.256040
7 36 -0.209887
7 37 -0.161839
7 38 -0.115100
7 39 -0.071543
7 40 -0.033095
7 41 -0.000288
7 42 0.026248
7 43 0.047061
7 44 0.062346
7 45 0.073176
7 46 0.080010
7 47 0.083948
7 48 0.085307
7 49 0.084918
7 50 0.082761
7 51 0.079277
7 52 0.074051
7 53 0.067122
7 54 0.057714
7 55 0.045538
7 56 0.029611
7 57 0.009536
7 58 -0.015538
7 59 -0.045693
7 60 -0.081123
7 61 -0.121055
7 62 -0.164496
7 63 -0.209430
7 64 -0.253503
7 65 -0.293619
7 66 -0.326594
7 67 -0.349205
7 68 -0.358710
7 69 -0.353250
7 70 -0.332021
7 71 -0.295773
7 72 -0.246435
7 73 -0.187438
7 74 -0.122827
7 75 -0.057248
7 76 0.004975
7 77 0.060302
7 78 0.106017
7 79 0.141414
7 80 0.165961
7 81 0.181751
7 82 0.189452
7 83 0.192181
7 84 0.190575
7 85 0.186452
7 86 0.180525
7 87 0.171836
7 88 0.162610
7 89 0.149127
7 90 0.136144
7 91 0.118548
7 92 0.102317
7 93 0.083941
7 94 0.066218
7 95 0.051114
7 96 0.035807
7 97 0.023439
7 98 0.017432
7 99 0.000000

8 0 0.000000
8 1 0.027799
8 2 0.038393
8 3 0.055664
8 4 0.074868
8 5 0.093619
8 6 0.114244
8 7 0.135438
8 8 0.153334
8 9 0.172107
8 10 0.183630
8 11 0.193779
8 12 0.195946
8 13 0.194669
8 14 0.187459
8 15 0.176430
8 16 0.162187
8 17 0.144272
8 18 0.123956
8 19 0.098985
8 20 0.069969
8 21 0.034558
8 22 -0.006689
8 23 -0.054385
8 24 -0.106720
8 25 -0.161794
8 26 -0.216253
8 27 -0.266586
8 28 -0.309110
8 29 -0.340686
8 30 -0.359086
8 31 -0.363267
8 32 -0.353466
8 33 -0.331150
8 34 -0.298645
8 35 -0.259011
8 36 -0.215318
8 37 -0.170759
8 38 -0.127776
8 39 -0.088590
8 40 -0.054304
8 41 -0.025849
8 42 -0.003051
8 43 0.014119
8 44 0.026598
8 45 0.034820
8 46 0.039935
8 47 0.042330
8 48 0.043009
8 49 0.042087
8 50 0.040268
8 51 0.037314
8 52 0.033576
8 53 0.028435
8 54 0.021870
8 55 0.012899
8 56 0.001199
8 57 -0.014419
8 58 -0.034307
8 59 -0.059452
8 60 -0.089705
8 61 -0.125251
8 62 -0.164820
8 63 -0.207272
8 64 -0.249907
8 65 -0.290282
8 66 -0.324690
8 67 -0.350258
8 68 -0.363544
8 69 -0.362767
8 70 -0.346358
8 71 -0.315000
8 72 -0.269958
8 73 -0.214589
8 74 -0.152515
8 75 -0.088369
8 76 -0.026340
8 77 0.030008
8 78 0.077828
8 79 0.116422
8 80 0.144908
8 81 0.165442
8 82 0.178192
8 83 0.186330
8 84 0.189994
8 85 0.190880
8 86 0.189514
8 87 0.184399
8 88 0.178267
8 89 0.166274
8 90 0.154546
8 91 0.136388
8 92 0.119625
8 93 0.099373
8 94 0.079655
8 95 0.062413
8 96 0.044196
8 97 0.029880
8 98 0.021505
8 99 0.000000

9 0 0.000000
9 1 0.036016
9 2 0.047078
9 3 0.068081
9 4 0.089580
9 5 0.110322
9 6 0.132683
9 7 0.154341
9 8 0.172107
9 9 0.189405
9 10 0.198376
9 11 0.204913
9 12 0.202379
9 13 0.195893
9 14 0.182934
9 15 0.166434
9 16 0.147029
9 17 0.125068
9 18 0.101772
9 19 0.075522
9 20 0.046641
9 21 0.013172
9 22 -0.024895
9 23 -0.067979
9 24 -0.115048
9 25 -0.164099
9 26 -0.212637
9 27 -0.257020
9 28 -0.294393
9 29 -0.321371
9 30 -0.336456
9 31 -0.338200
9 32 -0.327448
9 33 -0.305088
9 34 -0.273949
9 35 -0.236349
9 36 -0.195801
9 37 -0.154640
9 38 -0.115750
9 39 -0.080448
9 40 -0.050344
9 41 -0.025482
9 42 -0.006305
9 43 0.008058
9 44 0.017808
9 45 0.024179
9 46 0.027503
9 47 0.028959
9 48 0.028708
9 49 0.027687
9 50 0.025779
9 51 0.023612
9 52 0.020750
9 53 0.017460
9 54 0.012944
9 55 0.007064
9 56 -0.001325
9 57 -0.012680
9 58 -0.028260
9 59 -0.048479
9 60 -0.074179
9 61 -0.105110
9 62 -0.141006
9 63 -0.180356
9 64 -0.221358
9 65 -0.261148
9 66 -0.296698
9 67 -0.324579
9 68 -0.341749
9 69 -0.345736
9 70 -0.335113
9 71 -0.309821
9 72 -0.271102
9 73 -0.221640
9 74 -0.164982
9 75 -0.105251
9 76 -0.046594
9 77 0.007726
9 78 0.054832
9 79 0.094109
9 80 0.124555
9 81 0.148213
9 82 0.165043
9 83 0.177929
9 84 0.186765
9 85 0.192826
9 86 0.196459
9 87 0.195698
9 88 0.193220
9 89 0.183862
9 90 0.173704
9 91 0.156204
9 92 0.138847
9 93 0.117607
9 94 0.095739
9 95 0.076366
9 96 0.055627
9 97 0.037938
9 98 0.028760
9 99 0.000000

10 0 0.000000
10 1 0.043029
10 2 0.054651
10 3 0.078701
10 4 0.101675
10 5 0.123920
10 6 0.146454
10 7 0.167890
10 8 0.183630
10 9 0.198376
10 10 0.203033
10 11 0.204691
10 12 0.196223
10 13 0.183510
10 14 0.164366
10 15 0.142005
10 16 0.117905
10 17 0.092289
10 18 0.067296
10 19 0.040841
10 20 0.013929
10 21 -0.016157
10 22 -0.049073
10 23 -0.086201
10 24 -0.126390
10 25 -0.168663
10 26 -0.210453
10 27 -0.249069
10 28 -0.281461
10 29 -0.305033
10 30 -0.317877
10 31 -0.319155
10 32 -0.309081
10 33 -0.289029
10 34 -0.261021
10 35 -0.227819
10 36 -0.192021
10 37 -0.156441
10 38 -0.123003
10 39 -0.093591
10 40 -0.068844
10 41 -0.049479
10 42 -0.034978
10 43 -0.025242
10 44 -0.019114
10 45 -0.016209
10 46 -0.015237
10 47 -0.015919
10 48 -0.017123
10 49 -0.018842
10 50 -0.020213
10 51 -0.021549
10 52 -0.022311
10 53 -0.023183
10 54 -0.024019
10 55 -0.025932
10 56 -0.029190
10 57 -0.035265
10 58 -0.044644
10 59 -0.058808
10 60 -0.077951
10 61 -0.102923
10 62 -0.132920
10 63 -0.167511
10 64 -0.204403
10 65 -0.241705
10 66 -0.275869
10 67 -0.304238
10 68 -0.323152
10 69 -0.330653
10 70 -0.324580
10 71 -0.305117
10 72 -0.272711
10 73 -0.230067
10 74 -0.179970
10 75 -0.126430
10 76 -0.072988
10 77 -0.022749
10 78 0.021743
10 79 0.060005
10 80 0.091016
10 81 0.116882
10 82 0.137199
10 83 0.154820
10 84 0.169073
10 85 0.181056
10 86 0.190642
10 87 0.195418
10 88 0.198068
10 89 0.192563
10 90 0.185750
10 91 0.169810
10 92 0.153664
10 93 0.131917
10 94 0.109370
10 95 0.088170
10 96 0.065626
10 97 0.045147
10 98 0.034855
10 99 0.000000

11 0 0.000000
11 1 0.052187
11 2 0.063258
11 3 0.090608
11 4 0.114975
11 5 0.137851
11 6 0.160486
11 7 0.180489
11 8 0.193779
11 9 0.204913
11 10 0.204691
11 11 0.200973
11 12 0.186337
11 13 0.167780
11 14 0.142939
11 15 0.116082
11 16 0.088585
11 17 0.061472
11 18 0.036653
11 19 0.012522
11 20 -0.010439
11 21 -0.034765
11 22 -0.060946
11 23 -0.090366
11 24 -0.122882
11 25 -0.157520
11 26 -0.192708
11 27 -0.225572
11 28 -0.253899
11 29 -0.274626
11 30 -0.286492
11 31 -0.287916
11 32 -0.279634
11 33 -0.262097
11 34 -0.237835
11 35 -0.208615
11 36 -0.177629
11 37 -0.146687
11 38 -0.118430
11 39 -0.093742
11 40 -0.074090
11 41 -0.059168
11 42 -0.049355
11 43 -0.043481
11 44 -0.041325
11 45 -0.041380
11 46 -0.043322
11 47 -0.045721
11 48 -0.048456
11 49 -0.050378
11 50 -0.051685
11 51 -0.051589
11 52 -0.050664
11 53 -0.048543
11 54 -0.046227
11 55 -0.043832
11 56 -0.042780
11 57 -0.043600
11 58 -0.047922
11 59 -0.056349
11 60 -0.070201
11 61 -0.089535
11 62 -0.114651
11 63 -0.144422
11 64 -0.177623
11 65 -0.211750
11 66 -0.244238
11 67 -0.271855
11 68 -0.291767
11 69 -0.301407
11 70 -0.299206
11 71 -0.284654
11 72 -0.258508
11 73 -0.222689
11 74 -0.180039
11 75 -0.133753
11 76 -0.087273
11 77 -0.042980
11 78 -0.003310
11 79 0.031758
11 80 0.061189
11 81 0.087280
11 82 0.109438
11 83 0.130384
11 84 0.149148
11 85 0.166400
11 86 0.181777
11 87 0.192194
11 88 0.200334
11 89 0.199394
11 90 0.196431
11 91 0.183133
11 92 0.168462
11 93 0.147363
11 94 0.124027
11 95 0.101788
11 96 0.077320
11 97 0.053748
11 98 0.043144
11 99 0.000000

12 0 0.000000
12 1 0.061463
12 2 0.070487
12 3 0.101011
12 4 0.125154
12 5 0.148118
12 6 0.169073
12 7 0.186728
12 8 0.195946
12 9 0.202379
12 10 0.196223
12 11 0.186337
12 12 0.165378
12 13 0.140927
12 14 0.111264
12 15 0.080730
12 16 0.051550
12 17 0.024365
12 18 0.001801
12 19 -0.018507
12 20 -0.035663
12 21 -0.053231
12 22 -0.071553
12 23 -0.093169
12 24 -0.117873
12 25 -0.145785
12 26 -0.175131
12 27 -0.203925
12 28 -0.229467
12 29 -0.249339
12 30 -0.261492
12 31 -0.264842
12 32 -0.259139
12 33 -0.245338
12 34 -0.224922
12 35 -0.200296
12 36 -0.173631
12 37 -0.147560
12 38 -0.123722
12 39 -0.103968
12 40 -0.088723
12 41 -0.078711
12 42 -0.073167
12 43 -0.071953
12 44 -0.073586
12 45 -0.077589
12 46 -0.082295
12 47 -0.087340
12 48 -0.091254
12 49 -0.094034
12 50 -0.094597
12 51 -0.093404
12 52 -0.089840
12 53 -0.084878
12 54 -0.078412
12 55 -0.071924
12 56 -0.065775
12 57 -0.061825
12 58 -0.060652
12 59 -0.064115
12 60 -0.072492
12 61 -0.087017
12 62 -0.107003
12 63 -0.132448
12 64 -0.161251
12 65 -0.192013
12 66 -0.221427
12 67 -0.247335
12 68 -0.266261
12 69 -0.276599
12 70 -0.276154
12 71 -0.265146
12 72 -0.243628
12 73 -0.213924
12 74 -0.178061
12 75 -0.139309
12 76 -0.100255
12 77 -0.063124
12 78 -0.029630
12 79 0.000479
12 80 0.026569
12 81 0.051108
12 82 0.073487
12 83 0.096462
12 84 0.118694
12 85 0.140708
12 86 0.161651
12 87 0.178031
12 88 0.192268
12 89 0.196798
12 90 0.198960
12 91 0.189360
12 92 0.177835
12 93 0.158183
12 94 0.135800
12 95 0.112907
12 96 0.088029
12 97 0.061342
12 98 0.051698
12 99 0.000000

13 0 0.000000
13 1 0.071815
13 2 0.078050
13 3 0.111206
13 4 0.135005
13 5 0.156918
13 6 0.175805
13 7 0.190103
13 8 0.194669
13 9 0.195893
13 10 0.183510
13 11 0.167780
13 12 0.140927
13 13 0.111899
13 14 0.078680
13 15 0.046592
13 16 0.017524
13 17 -0.007346
13 18 -0.025948
13 19 -0.040466
13 20 -0.050835
13 21 -0.060638
13 22 -0.071242
13 23 -0.085206
13 24 -0.103360
13 25 -0.125641
13 26 -0.151157
13 27 -0.177396
13 28 -0.202319
13 29 -0.222637
13 30 -0.236818
13 31 -0.242680
13 32 -0.240514
13 33 -0.230116
13 34 -0.213689
13 35 -0.192538
13 36 -0.169789
13 37 -0.147038
13 38 -0.127069
13 39 -0.110669
13 40 -0.099486
13 41 -0.093056
13 42 -0.091819
13 43 -0.094277
13 44 -0.100103
13 45 -0.107319
13 46 -0.115414
13 47 -0.122469
13 48 -0.128239
13 49 -0.131217
13 50 -0.131672
13 51 -0.128677
13 52 -0.123104
13 53 -0.114658
13 54 -0.104796
13 55 -0.093813
13 56 -0.083613
13 57 -0.074879
13 58 -0.069631
13 59 -0.068513
13 60 -0.073098
13 61 -0.083389
13 62 -0.099867
13 63 -0.121363
13 64 -0.146886
13 65 -0.174031
13 66 -0.200618
13 67 -0.223690
13 68 -0.240911
13 69 -0.250051
13 70 -0.249967
13 71 -0.240298
13 72 -0.221912
13 73 -0.196454
13 74 -0.166414
13 75 -0.134219
13 76 -0.102579
13 77 -0.072783
13 78 -0.046467
13 79 -0.022523
13 80 -0.001503
13 81 0.019661
13 82 0.040305
13 83 0.063425
13 84 0.087479
13 85 0.112821
13 86 0.138377
13 87 0.160048
13 88 0.180224
13 89 0.190354
13 90 0.198062
13 91 0.192913
13 92 0.185104
13 93 0.167994
13 94 0.146852
13 95 0.124410
13 96 0.099069
13 97 0.069716
13 98 0.061511
13 99 0.000000

14 0 0.000000
14 1 0.083085
14 2 0.084627
14 3 0.120467
14 4 0.142386
14 5 0.162702
14 6 0.178182
14 7 0.188366
14 8 0.187459
14 9 0.182934
14 10 0.164366
14 11 0.142939
14 12 0.111264
14 13 0.078680
14 14 0.043832
14 15 0.011801
14 16 -0.014920
14 17 -0.035922
14 18 -0.048758
14 19 -0.056704
14 20 -0.059516
14 21 -0.061986
14 22 -0.065342
14 23 -0.073278
14 24 -0.086331
14 25 -0.105359
14 26 -0.128871
14 27 -0.155023
14 28 -0.180848
14 29 -0.203560
14 30 -0.220473
14 31 -0.229928
14 32 -0.231000
14 33 -0.224211
14 34 -0.210614
14 35 -0.192528
14 36 -0.172016
14 37 -0.151931
14 38 -0.133993
14 39 -0.120372
14 40 -0.111522
14 41 -0.108363
14 42 -0.109934
14 43 -0.116065
14 44 -0.124830
14 45 -0.135542
14 46 -0.145979
14 47 -0.155550
14 48 -0.162300
14 49 -0.166167
14 50 -0.165799
14 51 -0.161867
14 52 -0.153754
14 53 -0.142882
14 54 -0.129333
14 55 -0.115152
14 56 -0.100912
14 57 -0.088974
14 58 -0.079993
14 59 -0.076129
14 60 -0.077528
14 61 -0.085520
14 62 -0.099137
14 63 -0.118403
14 64 -0.140972
14 65 -0.165607
14 66 -0.188989
14 67 -0.209393
14 68 -0.223618
14 69 -0.230712
14 70 -0.228886
14 71 -0.218971
14 72 -0.201247
14 73 -0.178279
14 74 -0.151866
14 75 -0.124947
14 76 -0.099389
14 77 -0.076593
14 78 -0.057306
14 79 -0.040262
14 80 -0.025278
14 81 -0.009037
14 82 0.008208
14 83 0.029642
14 84 0.053754
14 85 0.080912
14 86 0.109791
14 87 0.135992
14 88 0.161638
14 89 0.177457
14 90 0.191105
14 91 0.191075
14 92 0.188043
14 93 0.174251
14 94 0.155751
14 95 0.134214
14 96 0.109872
14 97 0.077611
14 98 0.072591
14 99 0.000000

15 0 0.000000
15 1 0.094325
15 2 0.090789
15 3 0.128452
15 4 0.148166
15 5 0.166010
15 6 0.177524
15 7 0.183154
15 8 0.176430
15 9 0.166434
15 10 0.142005
15 11 0.116082
15 12 0.080730
15 13 0.046592
15 14 0.011801
15 15 -0.017901
15 16 -0.040712
15 17 -0.056073
15 18 -0.062450
15 19 -0.063194
15 20 -0.059092
15 21 -0.054952
15 22 -0.052992
15 23 -0.056658
15 24 -0.067312
15 25 -0.085190
15 26 -0.109432
15 27 -0.137205
15 28 -0.166059
15 29 -0.191971
15 30 -0.212818
15 31 -0.225631
15 32 -0.230265
15 33 -0.225992
15 34 -0.214958
15 35 -0.198323
15 36 -0.179527
15 37 -0.160284
15 38 -0.143858
15 39 -0.131171
15 40 -0.124256
15 41 -0.122584
15 42 -0.126730
15 43 -0.134852
15 44 -0.146515
15 45 -0.159206
15 46 -0.172198
15 47 -0.183020
15 48 -0.191294
15 49 -0.195115
15 50 -0.194841
15 51 -0.189402
15 52 -0.180017
15 53 -0.166486
15 54 -0.150798
15 55 -0.133458
15 56 -0.116928
15 57 -0.102041
15 58 -0.091215
15 59 -0.085037
15 60 -0.085211
15 61 -0.091440
15 62 -0.104109
15 63 -0.121626
15 64 -0.142872
15 65 -0.165143
15 66 -0.186344
15 67 -0.203561
15 68 -0.214904
15 69 -0.218557
15 70 -0.214093
15 71 -0.201716
15 72 -0.182971
15 73 -0.159842
15 74 -0.135107
15 75 -0.111001
15 76 -0.089971
15 77 -0.072531
15 78 -0.059646
15 79 -0.049076
15 80 -0.040637
15 81 -0.030109
15 82 -0.017703
15 83 0.000438
15 84 0.022776
15 85 0.049955
15 86 0.080562
15 87 0.109920
15 88 0.140142
15 89 0.161044
15 90 0.180556
15 91 0.185814
15 92 0.188045
15 93 0.178271
15 94 0.162969
15 95 0.143276
15 96 0.120128
15 97 0.085686
15 98 0.084090
15 99 0.000000

16 0 0.000000
16 1 0.105888
16 2 0.095992
16 3 0.135341
16 4 0.151795
16 5 0.166794
16 6 0.173714
16 7 0.174546
16 8 0.162187
16 9 0.147029
16 10 0.117905
16 11 0.088585
16 12 0.051550
16 13 0.017524
16 14 -0.014920
16 15 -0.040712
16 16 -0.057806
16 17 -0.066808
16 18 -0.066082
16 19 -0.060276
16 20 -0.050012
16 21 -0.041246
16 22 -0.035774
16 23 -0.037922
16 24 -0.048285
16 25 -0.067734
16 26 -0.094327
16 27 -0.125747
16 28 -0.158257
16 29 -0.188413
16 30 -0.212749
16 31 -0.229099
16 32 -0.236029
16 33 -0.233931
16 34 -0.223738
16 35 -0.208034
16 36 -0.189055
16 37 -0.170145
16 38 -0.153265
16 39 -0.141049
16 40 -0.134038
16 41 -0.133419
16 42 -0.138051
16 43 -0.147793
16 44 -0.160314
16 45 -0.174811
16 46 -0.188558
16 47 -0.200852
16 48 -0.209294
16 49 -0.213841
16 50 -0.212870
16 51 -0.207274
16 52 -0.196372
16 53 -0.182003
16 54 -0.164336
16 55 -0.145934
16 56 -0.127494
16 57 -0.111840
16 58 -0.099630
16 59 -0.093291
16 60 -0.092730
16 61 -0.099279
16 62 -0.111500
16 63 -0.129234
16 64 -0.149594
16 65 -0.171203
16 66 -0.190391
16 67 -0.205591
16 68 -0.213650
16 69 -0.214188
16 70 -0.205859
16 71 -0.190337
16 72 -0.168495
16 73 -0.143659
16 74 -0.118001
16 75 -0.094783
16 76 -0.075761
16 77 -0.062052
16 78 -0.053817
16 79 -0.048999
16 80 -0.046583
16 81 -0.042222
16 82 -0.035405
16 83 -0.021994
16 84 -0.003051
16 85 0.022298
16 86 0.052807
16 87 0.083727
16 88 0.117131
16 89 0.142248
16 90 0.167032
16 91 0.177503
16 92 0.185235
16 93 0.179867
16 94 0.168581
16 95 0.151095
16 96 0.130177
16 97 0.093474
16 98 0.096543
16 99 0.000000

17 0 0.000000
17 1 0.115761
17 2 0.099477
17 3 0.139548
17 4 0.152135
17 5 0.163925
17 6 0.165758
17 7 0.162073
17 8 0.144272
17 9 0.125068
17 10 0.092289
17 11 0.061472
17 12 0.024365
17 13 -0.007346
17 14 -0.035922
17 15 -0.056073
17 16 -0.066808
17 17 -0.068893
17 18 -0.061827
17 19 -0.050345
17 20 -0.036051
17 21 -0.024608
17 22 -0.018533
17 23 -0.021391
17 24 -0.034294
17 25 -0.056979
17 26 -0.087975
17 27 -0.123630
17 28 -0.160814
17 29 -0.194698
17 30 -0.222699
17 31 -0.241303
17 32 -0.250287
17 33 -0.248740
17 34 -0.239102
17 35 -0.222636
17 36 -0.203298
17 37 -0.183003
17 38 -0.165546
17 39 -0.151960
17 40 -0.144670
17 41 -0.143058
17 42 -0.147899
17 43 -0.157076
17 44 -0.170210
17 45 -0.184400
17 46 -0.198929
17 47 -0.210931
17 48 -0.220083
17 49 -0.224159
17 50 -0.223674
17 51 -0.217358
17 52 -0.206712
17 53 -0.191458
17 54 -0.173966
17 55 -0.154742
17 56 -0.136655
17 57 -0.120526
17 58 -0.109092
17 59 -0.102800
17 60 -0.103476
17 61 -0.110477
17 62 -0.124073
17 63 -0.142157
17 64 -0.163363
17 65 -0.184468
17 66 -0.203221
17 67 -0.216438
17 68 -0.222393
17 69 -0.219414
17 70 -0.207647
17 71 -0.187817
17 72 -0.162299
17 73 -0.133712
17 74 -0.105607
17 75 -0.080608
17 76 -0.061578
17 77 -0.048922
17 78 -0.043537
17 79 -0.042518
17 80 -0.045217
17 81 -0.046323
17 82 -0.045401
17 83 -0.037345
17 84 -0.023137
17 85 -0.001153
17 86 0.027466
17 87 0.058197
17 88 0.093234
17 89 0.121250
17 90 0.150494
17 91 0.165621
17 92 0.178881
17 93 0.178043
17 94 0.171346
17 95 0.156605
17 96 0.138440
17 97 0.100289
17 98 0.108050
17 99 0.000000

18 0 0.000000
18 1 0.123809
18 2 0.100728
18 3 0.140919
18 4 0.148884
18 5 0.157312
18 6 0.154025
18 7 0.146152
18 8 0.123956
18 9 0.101772
18 10 0.067296
18 11 0.036653
18 12 0.001801
18 13 -0.025948
18 14 -0.048758
18 15 -0.062450
18 16 -0.066082
18 17 -0.061827
18 18 -0.049114
18 19 -0.033917
18 20 -0.017374
18 21 -0.005999
18 22 -0.001365
18 23 -0.007568
18 24 -0.024430
18 25 -0.052143
18 26 -0.087809
18 27 -0.128400
18 28 -0.169381
18 29 -0.206861
18 30 -0.236918
18 31 -0.257315
18 32 -0.266515
18 33 -0.265161
18 34 -0.254313
18 35 -0.236991
18 36 -0.215620
18 37 -0.194006
18 38 -0.174227
18 39 -0.159301
18 40 -0.149749
18 41 -0.147031
18 42 -0.149858
18 43 -0.158279
18 44 -0.169731
18 45 -0.183566
18 46 -0.196793
18 47 -0.208867
18 48 -0.217121
18 49 -0.221691
18 50 -0.220709
18 51 -0.215277
18 52 -0.204500
18 53 -0.190469
18 54 -0.173182
18 55 -0.155490
18 56 -0.137947
18 57 -0.123665
18 58 -0.113136
18 59 -0.109000
18 60 -0.110897
18 61 -0.120222
18 62 -0.135109
18 63 -0.155299
18 64 -0.177356
18 65 -0.199728
18 66 -0.218227
18 67 -0.231228
18 68 -0.235301
18 69 -0.230310
18 70 -0.215015
18 71 -0.191695
18 72 -0.161684
18 73 -0.129136
18 74 -0.096831
18 75 -0.068804
18 76 -0.047293
18 77 -0.033845
18 78 -0.028747
18 79 -0.029840
18 80 -0.035792
18 81 -0.041564
18 82 -0.045948
18 83 -0.043684
18 84 -0.034980
18 85 -0.017845
18 86 0.007192
18 87 0.035823
18 88 0.070611
18 89 0.099911
18 90 0.132221
18 91 0.151149
18 92 0.169406
18 93 0.172972
18 94 0.171200
18 95 0.159417
18 96 0.144822
18 97 0.105607
18 98 0.118579
18 99 0.000000

19 0 0.000000
19 1 0.127898
19 2 0.098098
19 3 0.137327
19 4 0.139668
19 5 0.144802
19 6 0.136051
19 7 0.124857
19 8 0.098985
19 9 0.075522
19 10 0.040841
19 11 0.012522
19 12 -0.018507
19 13 -0.040466
19 14 -0.056704
19 15 -0.063194
19 16 -0.060276
19 17 -0.050345
19 18 -0.033917
19 19 -0.016750
19 20 -0.000674
19 21 0.008638
19 22 0.009251
19 23 -0.001625
19 24 -0.024132
19 25 -0.056984
19 26 -0.097864
19 27 -0.142312
19 28 -0.186791
19 29 -0.226067
19 30 -0.257614
19 31 -0.277856
19 32 -0.286929
19 33 -0.284020
19 34 -0.272031
19 35 -0.252321
19 36 -0.229279
19 37 -0.204831
19 38 -0.183136
19 39 -0.165153
19 40 -0.153618
19 41 -0.147794
19 42 -0.148754
19 43 -0.154241
19 44 -0.164183
19 45 -0.175532
19 46 -0.187875
19 47 -0.198174
19 48 -0.206383
19 49 -0.210061
19 50 -0.209955
19 51 -0.204530
19 52 -0.195477
19 53 -0.182226
19 54 -0.167318
19 55 -0.150971
19 56 -0.136228
19 57 -0.123645
19 58 -0.116135
19 59 -0.113885
19 60 -0.118852
19 61 -0.130088
19 62 -0.147895
19 63 -0.169774
19 64 -0.194271
19 65 -0.217704
19 66 -0.237677
19 67 -0.250586
19 68 -0.254642
19 69 -0.247954
19 70 -0.230842
19 71 -0.204131
19 72 -0.170693
19 73 -0.133563
19 74 -0.097056
19 75 -0.064387
19 76 -0.039266
19 77 -0.022608
19 78 -0.015987
19 79 -0.016625
19 80 -0.024127
19 81 -0.032680
19 82 -0.041548
19 83 -0.044471
19 84 -0.041694
19 85 -0.030156
19 86 -0.010155
19 87 0.014755
19 88 0.047464
19 89 0.076324
19 90 0.110260
19 91 0.131818
19 92 0.154535
19 93 0.162107
19 94 0.165718
19 95 0.157094
19 96 0.147057
19 97 0.107749
19 98 0.126009
19 99 0.000000

20 0 0.000000
20 1 0.127383
20 2 0.090904
20 3 0.128046
20 4 0.123948
20 5 0.125751
20 6 0.111827
20 7 0.097997
20 8 0.069969
20 9 0.046641
20 10 0.013929
20 11 -0.010439
20 12 -0.035663
20 13 -0.050835
20 14 -0.059516
20 15 -0.059092
20 16 -0.050012
20 17 -0.036051
20 18 -0.017374
20 19 -0.000674
20 20 0.013217
20 21 0.018163
20 22 0.013717
20 23 -0.003223
20 24 -0.031162
20 25 -0.069377
20 26 -0.114042
20 27 -0.161727
20 28 -0.207564
20 29 -0.247800
20 30 -0.278611
20 31 -0.298188
20 32 -0.305215
20 33 -0.300785
20 34 -0.286077
20 35 -0.264447
20 36 -0.238285
20 37 -0.211640
20 38 -0.186466
20 39 -0.166020
20 40 -0.150702
20 41 -0.142275
20 42 -0.139374
20 43 -0.142430
20 44 -0.148829
20 45 -0.158338
20 46 -0.167898
20 47 -0.177346
20 48 -0.183877
20 49 -0.187934
20 50 -0.187408
20 51 -0.183617
20 52 -0.175332
20 53 -0.164782
20 54 -0.151575
20 55 -0.138663
20 56 -0.126200
20 57 -0.117405
20 58 -0.112403
20 59 -0.113964
20 60 -0.121396
20 61 -0.136234
20 62 -0.156286
20 63 -0.181397
20 64 -0.207765
20 65 -0.233868
20 66 -0.255095
20 67 -0.269788
20 68 -0.274088
20 69 -0.267840
20 70 -0.249495
20 71 -0.221467
20 72 -0.185042
20 73 -0.144789
20 74 -0.103810
20 75 -0.066856
20 76 -0.036820
20 77 -0.016121
20 78 -0.005814
20 79 -0.004434
20 80 -0.011147
20 81 -0.021011
20 82 -0.032706
20 83 -0.040231
20 84 -0.043016
20 85 -0.037725
20 86 -0.023733
20 87 -0.004167
20 88 0.024684
20 89 0.051224
20 90 0.085017
20 91 0.107828
20 92 0.133963
20 93 0.145009
20 94 0.154078
20 95 0.148751
20 96 0.144270
20 97 0.105828
20 98 0.129635
20 99 0.000000

21 0 0.000000
21 1 0.120919
21 2 0.077623
21 3 0.111515
21 4 0.099619
21 5 0.098397
21 6 0.079097
21 7 0.063775
21 8 0.034558
21 9 0.013172
21 10 -0.016157
21 11 -0.034765
21 12 -0.053231
21 13 -0.060638
21 14 -0.061986
21 15 -0.054952
21 16 -0.041246
21 17 -0.024608
21 18 -0.005999
21 19 0.008638
21 20 0.018163
21 21 0.017838
21 22 0.007078
21 23 -0.015556
21 24 -0.048997
21 25 -0.090962
21 26 -0.138629
21 27 -0.187227
21 28 -0.233450
21 29 -0.272268
21 30 -0.301762
21 31 -0.318668
21 32 -0.323704
21 33 -0.316171
21 34 -0.299336
21 35 -0.274419
21 36 -0.246003
21 37 -0.215756
21 38 -0.188019
21 39 -0.163531
21 40 -0.145324
21 41 -0.132550
21 42 -0.126707
21 43 -0.125517
21 44 -0.129398
21 45 -0.135289
21 46 -0.143252
21 47 -0.150168
21 48 -0.156384
21 49 -0.159271
21 50 -0.159856
21 51 -0.156302
21 52 -0.150472
21 53 -0.141397
21 54 -0.131708
21 55 -0.121171
21 56 -0.112876
21 57 -0.106926
21 58 -0.106287
21 59 -0.110743
21 60 -0.122351
21 61 -0.139841
21 62 -0.163664
21 63 -0.191068
21 64 -0.220751
21 65 -0.248787
21 66 -0.272861
21 67 -0.289062
21 68 -0.295558
21 69 -0.290067
21 70 -0.272791
21 71 -0.244175
21 72 -0.207060
21 73 -0.164320
21 74 -0.120557
21 75 -0.079239
21 76 -0.044838
21 77 -0.018947
21 78 -0.004265
21 79 0.001181
21 80 -0.003281
21 81 -0.012209
21 82 -0.025345
21 83 -0.035903
21 84 -0.043741
21 85 -0.044399
21 86 -0.037107
21 87 -0.023847
21 88 -0.000418
21 89 0.022182
21 90 0.054166
21 91 0.076784
21 92 0.105379
21 93 0.119179
21 94 0.133998
21 95 0.131988
21 96 0.134517
21 97 0.098105
21 98 0.127940
21 99 0.000000

22 0 0.000000
22 1 0.108055
22 2 0.057998
22 3 0.087276
22 4 0.066684
22 5 0.062454
22 6 0.038229
22 7 0.022172
22 8 -0.006689
22 9 -0.024895
22 10 -0.049073
22 11 -0.060946
22 12 -0.071553
22 13 -0.071242
22 14 -0.065342
22 15 -0.052992
22 16 -0.035774
22 17 -0.018533
22 18 -0.001365
22 19 0.009251
22 20 0.013717
22 21 0.007078
22 22 -0.009413
22 23 -0.037601
22 24 -0.074712
22 25 -0.119446
22 26 -0.167580
22 27 -0.215948
22 28 -0.259997
22 29 -0.296700
22 30 -0.322738
22 31 -0.336983
22 32 -0.338375
22 33 -0.328368
22 34 -0.308032
22 35 -0.280816
22 36 -0.248800
22 37 -0.216080
22 38 -0.184324
22 39 -0.156984
22 40 -0.134316
22 41 -0.118469
22 42 -0.108063
22 43 -0.104029
22 44 -0.103775
22 45 -0.107575
22 46 -0.112331
22 47 -0.118321
22 48 -0.122593
22 49 -0.125933
22 50 -0.125974
22 51 -0.124275
22 52 -0.119250
22 53 -0.113280
22 54 -0.105534
22 55 -0.099044
22 56 -0.093472
22 57 -0.092078
22 58 -0.094490
22 59 -0.103536
22 60 -0.118090
22 61 -0.139821
22 62 -0.166224
22 63 -0.197377
22 64 -0.229275
22 65 -0.260679
22 66 -0.286790
22 67 -0.306148
22 68 -0.314584
22 69 -0.311937
22 70 -0.296158
22 71 -0.269462
22 72 -0.232576
22 73 -0.189895
22 74 -0.144215
22 75 -0.100484
22 76 -0.061876
22 77 -0.031588
22 78 -0.011601
22 79 -0.001619
22 80 -0.001990
22 81 -0.008728
22 82 -0.021273
22 83 -0.033696
22 84 -0.045248
22 85 -0.051563
22 86 -0.050889
22 87 -0.044779
22 88 -0.027868
22 89 -0.010781
22 90 0.017790
22 91 0.038713
22 92 0.068540
22 93 0.084324
22 94 0.104797
22 95 0.106180
22 96 0.116967
22 97 0.083896
22 98 0.120234
22 99 0.000000

23 0 0.000000
23 1 0.088842
23 2 0.031699
23 3 0.055405
23 4 0.024827
23 5 0.018064
23 6 -0.011094
23 7 -0.026741
23 8 -0.054385
23 9 -0.067979
23 10 -0.086201
23 11 -0.090366
23 12 -0.093169
23 13 -0.085206
23 14 -0.073278
23 15 -0.056658
23 16 -0.037922
23 17 -0.021391
23 18 -0.007568
23 19 -0.001625
23 20 -0.003223
23 21 -0.015556
23 22 -0.037601
23 23 -0.069469
23 24 -0.109232
23 25 -0.154153
23 26 -0.201587
23 27 -0.247129
23 28 -0.288314
23 29 -0.320750
23 30 -0.343391
23 31 -0.353336
23 32 -0.351806
23 33 -0.337993
23 34 -0.315290
23 35 -0.284504
23 36 -0.250220
23 37 -0.213681
23 38 -0.179359
23 39 -0.147738
23 40 -0.122201
23 41 -0.101823
23 42 -0.088607
23 43 -0.080268
23 44 -0.077758
23 45 -0.077969
23 46 -0.081436
23 47 -0.084898
23 48 -0.089083
23 49 -0.091124
23 50 -0.092351
23 51 -0.090609
23 52 -0.087995
23 53 -0.083158
23 54 -0.078891
23 55 -0.074514
23 56 -0.073202
23 57 -0.074562
23 58 -0.081593
23 59 -0.093587
23 60 -0.112648
23 61 -0.137109
23 62 -0.167571
23 63 -0.201052
23 64 -0.236542
23 65 -0.270039
23 66 -0.299573
23 67 -0.321159
23 68 -0.333172
23 69 -0.333052
23 70 -0.320886
23 71 -0.296540
23 72 -0.262459
23 73 -0.220807
23 74 -0.175850
23 75 -0.130646
23 76 -0.089873
23 77 -0.055419
23 78 -0.030990
23 79 -0.015599
23 80 -0.011455
23 81 -0.014218
23 82 -0.024966
23 83 -0.037290
23 84 -0.051455
23 85 -0.062164
23 86 -0.067874
23 87 -0.068861
23 88 -0.059289
23 89 -0.048702
23 90 -0.024947
23 91 -0.007028
23 92 0.022896
23 93 0.039791
23 94 0.065912
23 95 0.070542
23 96 0.091104
23 97 0.062492
23 98 0.106226
23 99 0.000000

24 0 0.000000
24 1 0.063674
24 2 -0.000371
24 3 0.016693
24 4 -0.024366
24 5 -0.033494
24 6 -0.066930
24 7 -0.081525
24 8 -0.106720
24 9 -0.115048
24 10 -0.126390
24 11 -0.122882
24 12 -0.117873
24 13 -0.103360
24 14 -0.086331
24 15 -0.067312
24 16 -0.048285
24 17 -0.034294
24 18 -0.024430
24 19 -0.024132
24 20 -0.031162
24 21 -0.048997
24 22 -0.074712
24 23 -0.109232
24 24 -0.149057
24 25 -0.193004
24 26 -0.237142
24 27 -0.279198
24 28 -0.315379
24 29 -0.343665
24 30 -0.361295
24 31 -0.367749
24 32 -0.362001
24 33 -0.345632
24 34 -0.319336
24 35 -0.286466
24 36 -0.248630
24 37 -0.209921
24 38 -0.171686
24 39 -0.137615
24 40 -0.107843
24 41 -0.084959
24 42 -0.067560
24 43 -0.057088
24 44 -0.050896
24 45 -0.049732
24 46 -0.050349
24 47 -0.053418
24 48 -0.055749
24 49 -0.058455
24 50 -0.058870
24 51 -0.058844
24 52 -0.056455
24 53 -0.054336
24 54 -0.051276
24 55 -0.050496
24 56 -0.051212
24 57 -0.056792
24 58 -0.066359
24 59 -0.082794
24 60 -0.104470
24 61 -0.133151
24 62 -0.165945
24 63 -0.203176
24 64 -0.240660
24 65 -0.277579
24 66 -0.309120
24 67 -0.334286
24 68 -0.348845
24 69 -0.352873
24 70 -0.343945
24 71 -0.324073
24 72 -0.293212
24 73 -0.255200
24 74 -0.211959
24 75 -0.167976
24 76 -0.126023
24 77 -0.089497
24 78 -0.060903
24 79 -0.041010
24 80 -0.031524
24 81 -0.029934
24 82 -0.037166
24 83 -0.048263
24 84 -0.063188
24 85 -0.077306
24 86 -0.088279
24 87 -0.096231
24 88 -0.094045
24 89 -0.090786
24 90 -0.072821
24 91 -0.059157
24 92 -0.030283
24 93 -0.013189
24 94 0.018193
24 95 0.025918
24 96 0.057258
24 97 0.034257
24 98 0.085969
24 99 0.000000

25 0 0.000000
25 1 0.034011
25 2 -0.036907
25 3 -0.026798
25 4 -0.078845
25 5 -0.089603
25 6 -0.127002
25 7 -0.139542
25 8 -0.161794
25 9 -0.164099
25 10 -0.168663
25 11 -0.157520
25 12 -0.145785
25 13 -0.125641
25 14 -0.105359
25 15 -0.085190
25 16 -0.067734
25 17 -0.056979
25 18 -0.052143
25 19 -0.056984
25 20 -0.069377
25 21 -0.090962
25 22 -0.119446
25 23 -0.154153
25 24 -0.193004
25 25 -0.233501
25 26 -0.273817
25 27 -0.310369
25 28 -0.341811
25 29 -0.364448
25 30 -0.378031
25 31 -0.379804
25 32 -0.371249
25 33 -0.351192
25 34 -0.322961
25 35 -0.286805
25 36 -0.247257
25 37 -0.205108
25 38 -0.165001
25 39 -0.127183
25 40 -0.095429
25 41 -0.068720
25 42 -0.049551
25 43 -0.035551
25 44 -0.028143
25 45 -0.024056
25 46 -0.024221
25 47 -0.025125
25 48 -0.027834
25 49 -0.029175
25 50 -0.030792
25 51 -0.030210
25 52 -0.029831
25 53 -0.027978
25 54 -0.027719
25 55 -0.028008
25 56 -0.032229
25 57 -0.039553
25 58 -0.053093
25 59 -0.071648
25 60 -0.097383
25 61 -0.128166
25 62 -0.164721
25 63 -0.203766
25 64 -0.244592
25 65 -0.283145
25 66 -0.317939
25 67 -0.345094
25 68 -0.363454
25 69 -0.370438
25 70 -0.366266
25 71 -0.350350
25 72 -0.324736
25 73 -0.290662
25 74 -0.251662
25 75 -0.209798
25 76 -0.169275
25 77 -0.131576
25 78 -0.100820
25 79 -0.076612
25 80 -0.062588
25 81 -0.055736
25 82 -0.058992
25 83 -0.067101
25 84 -0.081627
25 85 -0.097315
25 86 -0.112583
25 87 -0.126416
25 88 -0.131496
25 89 -0.135599
25 90 -0.124186
25 91 -0.115625
25 92 -0.088883
25 93 -0.072532
25 94 -0.036395
25 95 -0.026049
25 96 0.016887
25 97 0.000120
25 98 0.060528
25 99 0.000000

26 0 0.000000
26 1 0.001129
26 2 -0.075754
26 3 -0.072886
26 4 -0.135347
26 5 -0.147266
26 6 -0.187657
26 7 -0.197689
26 8 -0.216253
26 9 -0.212637
26 10 -0.210453
26 11 -0.192708
26 12 -0.175131
26 13 -0.151157
26 14 -0.128871
26 15 -0.109432
26 16 -0.094327
26 17 -0.087975
26 18 -0.087809
26 19 -0.097864
26 20 -0.114042
26 21 -0.138629
26 22 -0.167580
26 23 -0.201587
26 24 -0.237142
26 25 -0.273817
26 26 -0.308443
26 27 -0.339917
26 28 -0.365263
26 29 -0.383383
26 30 -0.391854
26 31 -0.390518
26 32 -0.378124
26 33 -0.356194
26 34 -0.324901
26 35 -0.287459
26 36 -0.244980
26 37 -0.201600
26 38 -0.158356
26 39 -0.119219
26 40 -0.084173
26 41 -0.056233
26 42 -0.033885
26 43 -0.019016
26 44 -0.008812
26 45 -0.004412
