0 0 0.000000
0 1 0.000000
0 2 0.000000
0 3 0.000000
0 4 0.000000
0 5 0.000000
0 6 0.000000
0 7 0.000000
0 8 0.000000
0 9 0.000000
0 10 0.000000
0 11 0.000000
0 12 0.000000
0 13 0.000000
0 14 0.000000
0 15 0.000000
0 16 0.000000
0 17 0.000000
0 18 0.000000
0 19 0.000000
0 20 0.000000
0 21 0.000000
0 22 0.000000
0 23 0.000000
0 24 0.000000
0 25 0.000000
0 26 0.000000
0 27 0.000000
0 28 0.000000
0 29 0.000000
0 30 0.000000
0 31 0.000000
0 32 0.000000
0 33 0.000000
0 34 0.000000
0 35 0.000000
0 36 0.000000
0 37 0.000000
0 38 0.000000
0 39 0.000000
0 40 0.000000
0 41 0.000000
0 42 0.000000
0 43 0.000000
0 44 0.000000
0 45 0.000000
0 46 0.000000
0 47 0.000000
0 48 0.000000
0 49 0.000000
0 50 0.000000
0 51 0.000000
0 52 0.000000
0 53 0.000000
0 54 0.000000
0 55 0.000000
0 56 0.000000
0 57 0.000000
0 58 0.000000
0 59 0.000000
0 60 0.000000
0 61 0.000000
0 62 0.000000
0 63 0.000000
0 64 0.000000
0 65 0.000000
0 66 0.000000
0 67 0.000000
0 68 0.000000
0 69 0.000000
0 70 0.000000
0 71 0.000000
0 72 0.000000
0 73 0.000000
0 74 0.000000
0 75 0.000000
0 76 0.000000
0 77 0.000000
0 78 0.000000
0 79 0.000000
0 80 0.000000
0 81 0.000000
0 82 0.000000
0 83 0.000000
0 84 0.000000
0 85 0.000000
0 86 0.000000
0 87 0.000000
0 88 0.000000
0 89 0.000000
0 90 0.000000
0 91 0.000000
0 92 0.000000
0 93 0.000000
0 94 0.000000
0 95 0.000000
0 96 0.000000
0 97 0.000000
0 98 0.000000
0 99 0.000000

1 0 0.000000
1 1 0.000000
1 2 0.000000
1 3 0.000000
1 4 0.000000
1 5 0.000000
1 6 0.000000
1 7 0.000001
1 8 0.000003
1 9 0.000008
1 10 0.000022
1 11 0.000053
1 12 0.000122
1 13 0.000265
1 14 0.000544
1 15 0.001059
1 16 0.001962
1 17 0.003464
1 18 0.005847
1 19 0.009459
1 20 0.014703
1 21 0.022011
1 22 0.031814
1 23 0.044499
1 24 0.060369
1 25 0.079606
1 26 0.102243
1 27 0.128147
1 28 0.157020
1 29 0.188414
1 30 0.221761
1 31 0.256412
1 32 0.291676
1 33 0.326868
1 34 0.361342
1 35 0.394523
1 36 0.425926
1 37 0.455171
1 38 0.481985
1 39 0.506201
1 40 0.527745
1 41 0.546626
1 42 0.562916
1 43 0.576740
1 44 0.588250
1 45 0.597613
1 46 0.604999
1 47 0.610563
1 48 0.614435
1 49 0.616717
1 50 0.617471
1 51 0.616717
1 52 0.614435
1 53 0.610563
1 54 0.604999
1 55 0.597613
1 56 0.588250
1 57 0.576740
1 58 0.562916
1 59 0.546626
1 60 0.527745
1 61 0.506201
1 62 0.481985
1 63 0.455171
1 64 0.425926
1 65 0.394523
1 66 0.361342
1 67 0.326868
1 68 0.291676
1 69 0.256412
1 70 0.221761
1 71 0.188414
1 72 0.157020
1 73 0.128147
1 74 0.102243
1 75 0.079606
1 76 0.060369
1 77 0.044499
1 78 0.031814
1 79 0.022011
1 80 0.014703
1 81 0.009459
1 82 0.005847
1 83 0.003464
1 84 0.001962
1 85 0.001059
1 86 0.000544
1 87 0.000265
1 88 0.000122
1 89 0.000053
1 90 0.000022
1 91 0.000008
1 92 0.000003
1 93 0.000001
1 94 0.000000
1 95 0.000000
1 96 0.000000
1 97 0.000000
1 98 0.000000
1 99 0.000000

2 0 0.000000
2 1 0.000000
2 2 0.000000
2 3 0.000000
2 4 0.000000
2 5 0.000000
2 6 0.000001
2 7 0.000003
2 8 0.000009
2 9 0.000025
2 10 0.000062
2 11 0.000144
2 12 0.000316
2 13 0.000656
2 14 0.001291
2 15 0.002411
2 16 0.004291
2 17 0.007290
2 18 0.011854
2 19 0.018491
2 20 0.027739
2 21 0.040114
2 22 0.056055
2 23 0.075862
2 24 0.099652
2 25 0.127320
2 26 0.158532
2 27 0.192729
2 28 0.229168
2 29 0.266969
2 30 0.305181
2 31 0.342854
2 32 0.379098
2 33 0.413134
2 34 0.444335
2 35 0.472246
2 36 0.496588
2 37 0.517255
2 38 0.534299
2 39 0.547903
2 40 0.558357
2 41 0.566031
2 42 0.571339
2 43 0.574720
2 44 0.576611
2 45 0.577425
2 46 0.577538
2 47 0.577273
2 48 0.576892
2 49 0.576585
2 50 0.576470
2 51 0.576585
2 52 0.576892
2 53 0.577273
2 54 0.577538
2 55 0.577425
2 56 0.576611
2 57 0.574720
2 58 0.571339
2 59 0.566031
2 60 0.558357
2 61 0.547903
2 62 0.534299
2 63 0.517255
2 64 0.496588
2 65 0.472246
2 66 0.444335
2 67 0.413134
2 68 0.379098
2 69 0.342854
2 70 0.305181
2 71 0.266969
2 72 0.229168
2 73 0.192729
2 74 0.158532
2 75 0.127320
2 76 0.099652
2 77 0.075862
2 78 0.056055
2 79 0.040114
2 80 0.027739
2 81 0.018491
2 82 0.011854
2 83 0.007290
2 84 0.004291
2 85 0.002411
2 86 0.001291
2 87 0.000656
2 88 0.000316
2 89 0.000144
2 90 0.000062
2 91 0.000025
2 92 0.000009
2 93 0.000003
2 94 0.000001
2 95 0.000000
2 96 0.000000
2 97 0.000000
2 98 0.000000
2 99 0.000000

3 0 0.000000
3 1 0.000000
3 2 0.000000
3 3 0.000000
3 4 0.000000
3 5 0.000001
3 6 0.000004
3 7 0.000010
3 8 0.000027
3 9 0.000068
3 10 0.000161
3 11 0.000359
3 12 0.000754
3 13 0.001502
3 14 0.002839
3 15 0.005109
3 16 0.008771
3 17 0.014405
3 18 0.022679
3 19 0.034314
3 20 0.050016
3 21 0.070396
3 22 0.095895
3 23 0.126714
3 24 0.162762
3 25 0.203633
3 26 0.248620
3 27 0.296748
3 28 0.346850
3 29 0.397649
3 30 0.447852
3 31 0.496241
3 32 0.541741
3 33 0.583478
3 34 0.620810
3 35 0.653332
3 36 0.680878
3 37 0.703492
3 38 0.721403
3 39 0.734989
3 40 0.744734
3 41 0.751194
3 42 0.754960
3 43 0.756626
3 44 0.756767
3 45 0.755915
3 46 0.754539
3 47 0.753041
3 48 0.751738
3 49 0.750863
3 50 0.750556
3 51 0.750863
3 52 0.751738
3 53 0.753041
3 54 0.754539
3 55 0.755915
3 56 0.756767
3 57 0.756626
3 58 0.754960
3 59 0.751194
3 60 0.744734
3 61 0.734989
3 62 0.721403
3 63 0.703492
3 64 0.680878
3 65 0.653332
3 66 0.620810
3 67 0.583478
3 68 0.541741
3 69 0.496241
3 70 0.447852
3 71 0.397649
3 72 0.346850
3 73 0.296748
3 74 0.248620
3 75 0.203633
3 76 0.162762
3 77 0.126714
3 78 0.095895
3 79 0.070396
3 80 0.050016
3 81 0.034314
3 82 0.022679
3 83 0.014405
3 84 0.008771
3 85 0.005109
3 86 0.002839
3 87 0.001502
3 88 0.000754
3 89 0.000359
3 90 0.000161
3 91 0.000068
3 92 0.000027
3 93 0.000010
3 94 0.000004
3 95 0.000001
3 96 0.000000
3 97 0.000000
3 98 0.000000
3 99 0.000000

4 0 0.000000
4 1 0.000000
4 2 0.000000
4 3 0.000000
4 4 0.000001
4 5 0.000004
4 6 0.000011
4 7 0.000029
4 8 0.000073
4 9 0.000175
4 10 0.000394
4 11 0.000837
4 12 0.001684
4 13 0.003216
4 14 0.005842
4 15 0.010118
4 16 0.016747
4 17 0.026548
4 18 0.040407
4 19 0.059187
4 20 0.083632
4 21 0.114264
4 22 0.151288
4 23 0.194531
4 24 0.243412
4 25 0.296956
4 26 0.353847
4 27 0.412526
4 28 0.471305
4 29 0.528495
4 30 0.582530
4 31 0.632061
4 32 0.676030
4 33 0.713706
4 34 0.744691
4 35 0.768907
4 36 0.786565
4 37 0.798115
4 38 0.804192
4 39 0.805568
4 40 0.803093
4 41 0.797650
4 42 0.790116
4 43 0.781330
4 44 0.772067
4 45 0.763019
4 46 0.754786
4 47 0.747864
4 48 0.742640
4 49 0.739394
4 50 0.738294
4 51 0.739394
4 52 0.742640
4 53 0.747864
4 54 0.754786
4 55 0.763019
4 56 0.772067
4 57 0.781330
4 58 0.790116
4 59 0.797650
4 60 0.803093
4 61 0.805568
4 62 0.804192
4 63 0.798115
4 64 0.786565
4 65 0.768907
4 66 0.744691
4 67 0.713706
4 68 0.676030
4 69 0.632061
4 70 0.582530
4 71 0.528495
4 72 0.471305
4 73 0.412526
4 74 0.353847
4 75 0.296956
4 76 0.243412
4 77 0.194531
4 78 0.151288
4 79 0.114264
4 80 0.083632
4 81 0.059187
4 82 0.040407
4 83 0.026548
4 84 0.016747
4 85 0.010118
4 86 0.005842
4 87 0.003216
4 88 0.001684
4 89 0.000837
4 90 0.000394
4 91 0.000175
4 92 0.000073
4 93 0.000029
4 94 0.000011
4 95 0.000004
4 96 0.000001
4 97 0.000000
4 98 0.000000
4 99 0.000000

5 0 0.000000
5 1 0.000000
5 2 0.000000
5 3 0.000001
5 4 0.000004
5 5 0.000011
5 6 0.000030
5 7 0.000076
5 8 0.000184
5 9 0.000420
5 10 0.000904
5 11 0.001839
5 12 0.003548
5 13 0.006509
5 14 0.011372
5 15 0.018970
5 16 0.030281
5 17 0.046359
5 18 0.068234
5 19 0.096780
5 20 0.132586
5 21 0.175843
5 22 0.226259
5 23 0.283030
5 24 0.344863
5 25 0.410044
5 26 0.476568
5 27 0.542297
5 28 0.605122
5 29 0.663128
5 30 0.714716
5 31 0.758691
5 32 0.794297
5 33 0.821220
5 34 0.839553
5 35 0.849740
5 36 0.852511
5 37 0.848810
5 38 0.839713
5 39 0.826367
5 40 0.809930
5 41 0.791525
5 42 0.772204
5 43 0.752925
5 44 0.734538
5 45 0.717775
5 46 0.703246
5 47 0.691446
5 48 0.682751
5 49 0.677429
5 50 0.675638
5 51 0.677429
5 52 0.682751
5 53 0.691446
5 54 0.703246
5 55 0.717775
5 56 0.734538
5 57 0.752925
5 58 0.772204
5 59 0.791525
5 60 0.809930
5 61 0.826367
5 62 0.839713
5 63 0.848810
5 64 0.852511
5 65 0.849740
5 66 0.839553
5 67 0.821220
5 68 0.794297
5 69 0.758691
5 70 0.714716
5 71 0.663128
5 72 0.605122
5 73 0.542297
5 74 0.476568
5 75 0.410044
5 76 0.344863
5 77 0.283030
5 78 0.226259
5 79 0.175843
5 80 0.132586
5 81 0.096780
5 82 0.068234
5 83 0.046359
5 84 0.030281
5 85 0.018970
5 86 0.011372
5 87 0.006509
5 88 0.003548
5 89 0.001839
5 90 0.000904
5 91 0.000420
5 92 0.000184
5 93 0.000076
5 94 0.000030
5 95 0.000011
5 96 0.000004
5 97 0.000001
5 98 0.000000
5 99 0.000000

6 0 0.000000
6 1 0.000000
6 2 0.000001
6 3 0.000004
6 4 0.000011
6 5 0.000030
6 6 0.000077
6 7 0.000189
6 8 0.000437
6 9 0.000951
6 10 0.001958
6 11 0.003819
6 12 0.007076
6 13 0.012478
6 14 0.020988
6 15 0.033748
6 16 0.051991
6 17 0.076917
6 18 0.109531
6 19 0.150479
6 20 0.199907
6 21 0.257359
6 22 0.321741
6 23 0.391355
6 24 0.463998
6 25 0.537125
6 26 0.608055
6 27 0.674192
6 28 0.733235
6 29 0.783334
6 30 0.823195
6 31 0.852116
6 32 0.869970
6 33 0.877140
6 34 0.874436
6 35 0.862994
6 36 0.844172
6 37 0.819449
6 38 0.790341
6 39 0.758326
6 40 0.724794
6 41 0.691014
6 42 0.658107
6 43 0.627045
6 44 0.598647
6 45 0.573587
6 46 0.552407
6 47 0.535526
6 48 0.523256
6 49 0.515811
6 50 0.513316
6 51 0.515811
6 52 0.523256
6 53 0.535526
6 54 0.552407
6 55 0.573587
6 56 0.598647
6 57 0.627045
6 58 0.658107
6 59 0.691014
6 60 0.724794
6 61 0.758326
6 62 0.790341
6 63 0.819449
6 64 0.844172
6 65 0.862994
6 66 0.874436
6 67 0.877140
6 68 0.869970
6 69 0.852116
6 70 0.823195
6 71 0.783334
6 72 0.733235
6 73 0.674192
6 74 0.608055
6 75 0.537125
6 76 0.463998
6 77 0.391355
6 78 0.321741
6 79 0.257359
6 80 0.199907
6 81 0.150479
6 82 0.109531
6 83 0.076917
6 84 0.051991
6 85 0.033748
6 86 0.020988
6 87 0.012478
6 88 0.007076
6 89 0.003819
6 90 0.001958
6 91 0.000951
6 92 0.000437
6 93 0.000189
6 94 0.000077
6 95 0.000030
6 96 0.000011
6 97 0.000004
6 98 0.000001
6 99 0.000000

7 0 0.000000
7 1 0.000001
7 2 0.000003
7 3 0.000010
7 4 0.000029
7 5 0.000076
7 6 0.000189
7 7 0.000443
7 8 0.000976
7 9 0.002032
7 10 0.004010
7 11 0.007510
7 12 0.013374
7 13 0.022697
7 14 0.036785
7 15 0.057060
7 16 0.084899
7 17 0.121447
7 18 0.167403
7 19 0.222854
7 20 0.287142
7 21 0.358833
7 22 0.435752
7 23 0.515121
7 24 0.593767
7 25 0.668389
7 26 0.735841
7 27 0.793402
7 28 0.838985
7 29 0.871254
7 30 0.889660
7 31 0.894390
7 32 0.886265
7 33 0.866607
7 34 0.837092
7 35 0.799607
7 36 0.756115
7 37 0.708549
7 38 0.658723
7 39 0.608278
7 40 0.558648
7 41 0.511051
7 42 0.466491
7 43 0.425776
7 44 0.389533
7 45 0.358243
7 46 0.332257
7 47 0.311827
7 48 0.297127
7 49 0.288267
7 50 0.285306
7 51 0.288267
7 52 0.297127
7 53 0.311827
7 54 0.332257
7 55 0.358243
7 56 0.389533
7 57 0.425776
7 58 0.466491
7 59 0.511051
7 60 0.558648
7 61 0.608278
7 62 0.658723
7 63 0.708549
7 64 0.756115
7 65 0.799607
7 66 0.837092
7 67 0.866607
7 68 0.886265
7 69 0.894390
7 70 0.889660
7 71 0.871254
7 72 0.838985
7 73 0.793402
7 74 0.735841
7 75 0.668389
7 76 0.593767
7 77 0.515121
7 78 0.435752
7 79 0.358833
7 80 0.287142
7 81 0.222854
7 82 0.167403
7 83 0.121447
7 84 0.084899
7 85 0.057060
7 86 0.036785
7 87 0.022697
7 88 0.013374
7 89 0.007510
7 90 0.004010
7 91 0.002032
7 92 0.000976
7 93 0.000443
7 94 0.000189
7 95 0.000076
7 96 0.000029
7 97 0.000010
7 98 0.000003
7 99 0.000000

8 0 0.000000
8 1 0.000003
8 2 0.000009
8 3 0.000027
8 4 0.000073
8 5 0.000184
8 6 0.000437
8 7 0.000976
8 8 0.002058
8 9 0.004109
8 10 0.007782
8 11 0.014005
8 12 0.023997
8 13 0.039230
8 14 0.061314
8 15 0.091818
8 16 0.132033
8 17 0.182722
8 18 0.243905
8 19 0.314704
8 20 0.393300
8 21 0.476984
8 22 0.562331
8 23 0.645459
8 24 0.722365
8 25 0.789292
8 26 0.843070
8 27 0.881383
8 28 0.902920
8 29 0.907394
8 30 0.895453
8 31 0.868521
8 32 0.828595
8 33 0.778036
8 34 0.719378
8 35 0.655150
8 36 0.587742
8 37 0.519307
8 38 0.451701
8 39 0.386465
8 40 0.324824
8 41 0.267713
8 42 0.215816
8 43 0.169596
8 44 0.129350
8 45 0.095243
8 46 0.067352
8 47 0.045692
8 48 0.030249
8 49 0.020997
8 50 0.017917
8 51 0.020997
8 52 0.030249
8 53 0.045692
8 54 0.067352
8 55 0.095243
8 56 0.129350
8 57 0.169596
8 58 0.215816
8 59 0.267713
8 60 0.324824
8 61 0.386465
8 62 0.451701
8 63 0.519307
8 64 0.587742
8 65 0.655150
8 66 0.719378
8 67 0.778036
8 68 0.828595
8 69 0.868521
8 70 0.895453
8 71 0.907394
8 72 0.902920
8 73 0.881383
8 74 0.843070
8 75 0.789292
8 76 0.722365
8 77 0.645459
8 78 0.562331
8 79 0.476984
8 80 0.393300
8 81 0.314704
8 82 0.243905
8 83 0.182722
8 84 0.132033
8 85 0.091818
8 86 0.061314
8 87 0.039230
8 88 0.023997
8 89 0.014005
8 90 0.007782
8 91 0.004109
8 92 0.002058
8 93 0.000976
8 94 0.000437
8 95 0.000184
8 96 0.000073
8 97 0.000027
8 98 0.000009
8 99 0.000000

9 0 0.000000
9 1 0.000008
9 2 0.000025
9 3 0.000068
9 4 0.000175
9 5 0.000420
9 6 0.000951
9 7 0.002032
9 8 0.004109
9 9 0.007875
9 10 0.014331
9 11 0.024811
9 12 0.040943
9 13 0.064530
9 14 0.097338
9 15 0.140821
9 16 0.195820
9 17 0.262298
9 18 0.339152
9 19 0.424156
9 20 0.514027
9 21 0.604631
9 22 0.691306
9 23 0.769281
9 24 0.834126
9 25 0.882196
9 26 0.910965
9 27 0.919217
9 28 0.907054
9 29 0.875755
9 30 0.827534
9 31 0.765242
9 32 0.692082
9 33 0.611349
9 34 0.526204
9 35 0.439518
9 36 0.353756
9 37 0.270928
9 38 0.192583
9 39 0.119844
9 40 0.053450
9 41 -0.006170
9 42 -0.058844
9 43 -0.104582
9 44 -0.143525
9 45 -0.175887
9 46 -0.201918
9 47 -0.221861
9 48 -0.235936
9 49 -0.244309
9 50 -0.247089
9 51 -0.244309
9 52 -0.235936
9 53 -0.221861
9 54 -0.201918
9 55 -0.175887
9 56 -0.143525
9 57 -0.104582
9 58 -0.058844
9 59 -0.006170
9 60 0.053450
9 61 0.119844
9 62 0.192583
9 63 0.270928
9 64 0.353756
9 65 0.439518
9 66 0.526204
9 67 0.611349
9 68 0.692082
9 69 0.765242
9 70 0.827534
9 71 0.875755
9 72 0.907054
9 73 0.919217
9 74 0.910965
9 75 0.882196
9 76 0.834126
9 77 0.769281
9 78 0.691306
9 79 0.604631
9 80 0.514027
9 81 0.424156
9 82 0.339152
9 83 0.262298
9 84 0.195820
9 85 0.140821
9 86 0.097338
9 87 0.064530
9 88 0.040943
9 89 0.024811
9 90 0.014331
9 91 0.007875
9 92 0.004109
9 93 0.002032
9 94 0.000951
9 95 0.000420
9 96 0.000175
9 97 0.000068
9 98 0.000024
9 99 0.000000

10 0 0.000000
10 1 0.000022
10 2 0.000062
10 3 0.000161
10 4 0.000394
10 5 0.000904
10 6 0.001958
10 7 0.004010
10 8 0.007782
10 9 0.014331
10 10 0.025088
10 11 0.041826
10 12 0.066534
10 13 0.101183
10 14 0.147409
10 15 0.206156
10 16 0.277355
10 17 0.359695
10 18 0.450541
10 19 0.546012
10 20 0.641226
10 21 0.730687
10 22 0.808788
10 23 0.870376
10 24 0.911296
10 25 0.928829
10 26 0.921929
10 27 0.891223
10 28 0.838805
10 29 0.767879
10 30 0.682351
10 31 0.586422
10 32 0.484252
10 33 0.379685
10 34 0.276060
10 35 0.176095
10 36 0.081854
10 37 -0.005226
10 38 -0.084270
10 39 -0.154872
10 40 -0.216993
10 41 -0.270877
10 42 -0.316948
10 43 -0.355750
10 44 -0.387869
10 45 -0.413893
10 46 -0.434364
10 47 -0.449763
10 48 -0.460473
10 49 -0.466784
10 50 -0.468867
10 51 -0.466784
10 52 -0.460473
10 53 -0.449763
10 54 -0.434364
10 55 -0.413893
10 56 -0.387869
10 57 -0.355750
10 58 -0.316948
10 59 -0.270877
10 60 -0.216993
10 61 -0.154872
10 62 -0.084270
10 63 -0.005226
10 64 0.081854
10 65 0.176095
10 66 0.276060
10 67 0.379685
10 68 0.484252
10 69 0.586422
10 70 0.682351
10 71 0.767879
10 72 0.838805
10 73 0.891223
10 74 0.921929
10 75 0.928829
10 76 0.911296
10 77 0.870376
10 78 0.808788
10 79 0.730687
10 80 0.641226
10 81 0.546012
10 82 0.450541
10 83 0.359695
10 84 0.277355
10 85 0.206156
10 86 0.147409
10 87 0.101183
10 88 0.066534
10 89 0.041826
10 90 0.025088
10 91 0.014331
10 92 0.007782
10 93 0.004010
10 94 0.001958
10 95 0.000903
10 96 0.000393
10 97 0.000160
10 98 0.000060
10 99 0.000000

11 0 0.000000
11 1 0.000053
11 2 0.000144
11 3 0.000359
11 4 0.000837
11 5 0.001839
11 6 0.003819
11 7 0.007510
11 8 0.014005
11 9 0.024811
11 10 0.041826
11 11 0.067214
11 12 0.103156
11 13 0.151489
11 14 0.213298
11 15 0.288522
11 16 0.375681
11 17 0.471755
11 18 0.572268
11 19 0.671570
11 20 0.763289
11 21 0.840928
11 22 0.898552
11 23 0.931461
11 24 0.936746
11 25 0.913592
11 26 0.863285
11 27 0.788923
11 28 0.694919
11 29 0.586431
11 30 0.468820
11 31 0.347204
11 32 0.226126
11 33 0.109345
11 34 -0.000266
11 35 -0.100725
11 36 -0.190873
11 37 -0.270240
11 38 -0.338911
11 39 -0.397370
11 40 -0.446384
11 41 -0.486877
11 42 -0.519854
11 43 -0.546307
11 44 -0.567189
11 45 -0.583349
11 46 -0.595538
11 47 -0.604369
11 48 -0.610332
11 49 -0.613768
11 50 -0.614893
11 51 -0.613768
11 52 -0.610332
11 53 -0.604369
11 54 -0.595538
11 55 -0.583349
11 56 -0.567189
11 57 -0.546307
11 58 -0.519854
11 59 -0.486877
11 60 -0.446384
11 61 -0.397370
11 62 -0.338911
11 63 -0.270240
11 64 -0.190873
11 65 -0.100725
11 66 -0.000266
11 67 0.109345
11 68 0.226126
11 69 0.347204
11 70 0.468820
11 71 0.586431
11 72 0.694919
11 73 0.788923
11 74 0.863285
11 75 0.913592
11 76 0.936746
11 77 0.931461
11 78 0.898552
11 79 0.840928
11 80 0.763289
11 81 0.671570
11 82 0.572268
11 83 0.471755
11 84 0.375681
11 85 0.288522
11 86 0.213298
11 87 0.151489
11 88 0.103156
11 89 0.067214
11 90 0.041826
11 91 0.024811
11 92 0.014005
11 93 0.007510
11 94 0.003819
11 95 0.001838
11 96 0.000836
11 97 0.000356
11 98 0.000139
11 99 0.000000

12 0 0.000000
12 1 0.000122
12 2 0.000316
12 3 0.000754
12 4 0.001684
12 5 0.003548
12 6 0.007076
12 7 0.013374
12 8 0.023997
12 9 0.040943
12 10 0.066534
12 11 0.103156
12 12 0.152871
12 13 0.216945
12 14 0.295390
12 15 0.386614
12 16 0.487268
12 17 0.592314
12 18 0.695336
12 19 0.789060
12 20 0.866054
12 21 0.919541
12 22 0.944224
12 23 0.936981
12 24 0.897269
12 25 0.827147
12 26 0.730892
12 27 0.614340
12 28 0.484112
12 29 0.346879
12 30 0.208791
12 31 0.075077
12 32 -0.050168
12 33 -0.164067
12 34 -0.264898
12 35 -0.351968
12 36 -0.425398
12 37 -0.485922
12 38 -0.534674
12 39 -0.573031
12 40 -0.602464
12 41 -0.624452
12 42 -0.640385
12 43 -0.651543
12 44 -0.659037
12 45 -0.663832
12 46 -0.666711
12 47 -0.668320
12 48 -0.669128
12 49 -0.669485
12 50 -0.669578
12 51 -0.669485
12 52 -0.669128
12 53 -0.668320
12 54 -0.666711
12 55 -0.663832
12 56 -0.659037
12 57 -0.651543
12 58 -0.640385
12 59 -0.624452
12 60 -0.602464
12 61 -0.573031
12 62 -0.534674
12 63 -0.485922
12 64 -0.425398
12 65 -0.351968
12 66 -0.264898
12 67 -0.164067
12 68 -0.050168
12 69 0.075077
12 70 0.208791
12 71 0.346879
12 72 0.484112
12 73 0.614340
12 74 0.730892
12 75 0.827147
12 76 0.897269
12 77 0.936981
12 78 0.944224
12 79 0.919541
12 80 0.866054
12 81 0.789060
12 82 0.695336
12 83 0.592314
12 84 0.487268
12 85 0.386614
12 86 0.295390
12 87 0.216945
12 88 0.152871
12 89 0.103156
12 90 0.066534
12 91 0.040943
12 92 0.023997
12 93 0.013374
12 94 0.007076
12 95 0.003548
12 96 0.001682
12 97 0.000746
12 98 0.000306
12 99 0.000000

13 0 0.000000
13 1 0.000265
13 2 0.000656
13 3 0.001502
13 4 0.003216
13 5 0.006509
13 6 0.012478
13 7 0.022697
13 8 0.039230
13 9 0.064530
13 10 0.101183
13 11 0.151489
13 12 0.216945
13 13 0.297707
13 14 0.392163
13 15 0.496717
13 16 0.605832
13 17 0.712359
13 18 0.808120
13 19 0.884709
13 20 0.934443
13 21 0.951354
13 22 0.932054
13 23 0.876273
13 24 0.786907
13 25 0.669565
13 26 0.531708
13 27 0.381617
13 28 0.227424
13 29 0.076368
13 30 -0.065677
13 31 -0.194411
13 32 -0.307138
13 33 -0.402612
13 34 -0.480821
13 35 -0.542671
13 36 -0.589702
13 37 -0.623803
13 38 -0.647021
13 39 -0.661382
13 40 -0.668811
13 41 -0.671033
13 42 -0.669572
13 43 -0.665700
13 44 -0.660495
13 45 -0.654802
13 46 -0.649317
13 47 -0.644547
13 48 -0.640890
13 49 -0.638589
13 50 -0.637811
13 51 -0.638589
13 52 -0.640890
13 53 -0.644547
13 54 -0.649317
13 55 -0.654802
13 56 -0.660495
13 57 -0.665700
13 58 -0.669572
13 59 -0.671033
13 60 -0.668811
13 61 -0.661382
13 62 -0.647021
13 63 -0.623803
13 64 -0.589702
13 65 -0.542671
13 66 -0.480821
13 67 -0.402612
13 68 -0.307138
13 69 -0.194411
13 70 -0.065677
13 71 0.076368
13 72 0.227424
13 73 0.381617
13 74 0.531708
13 75 0.669565
13 76 0.786907
13 77 0.876273
13 78 0.932054
13 79 0.951354
13 80 0.934443
13 81 0.884709
13 82 0.808120
13 83 0.712359
13 84 0.605832
13 85 0.496717
13 86 0.392163
13 87 0.297707
13 88 0.216945
13 89 0.151489
13 90 0.101183
13 91 0.064530
13 92 0.039230
13 93 0.022697
13 94 0.012477
13 95 0.006507
13 96 0.003210
13 97 0.001481
13 98 0.000634
13 99 0.000000

14 0 0.000000
14 1 0.000544
14 2 0.001291
14 3 0.002839
14 4 0.005842
14 5 0.011372
14 6 0.020988
14 7 0.036785
14 8 0.061314
14 9 0.097338
14 10 0.147409
14 11 0.213298
14 12 0.295390
14 13 0.392163
14 14 0.499890
14 15 0.612634
14 16 0.722580
14 17 0.820667
14 18 0.897488
14 19 0.944390
14 20 0.954639
14 21 0.924487
14 22 0.853869
14 23 0.746537
14 24 0.609527
14 25 0.452089
14 26 0.284354
14 27 0.116060
14 28 -0.044411
14 29 -0.190601
14 30 -0.318164
14 31 -0.424801
14 32 -0.509986
14 33 -0.574615
14 34 -0.620568
14 35 -0.650335
14 36 -0.666639
14 37 -0.672218
14 38 -0.669617
14 39 -0.661137
14 40 -0.648732
14 41 -0.634053
14 42 -0.618402
14 43 -0.602836
14 44 -0.588133
14 45 -0.574918
14 46 -0.563610
14 47 -0.554551
14 48 -0.547934
14 49 -0.543922
14 50 -0.542567
14 51 -0.543922
14 52 -0.547934
14 53 -0.554551
14 54 -0.563610
14 55 -0.574918
14 56 -0.588133
14 57 -0.602836
14 58 -0.618402
14 59 -0.634053
14 60 -0.648732
14 61 -0.661137
14 62 -0.669617
14 63 -0.672218
14 64 -0.666639
14 65 -0.650335
14 66 -0.620568
14 67 -0.574615
14 68 -0.509986
14 69 -0.424801
14 70 -0.318164
14 71 -0.190601
14 72 -0.044411
14 73 0.116060
14 74 0.284354
14 75 0.452089
14 76 0.609527
14 77 0.746537
14 78 0.853869
14 79 0.924487
14 80 0.954639
14 81 0.944390
14 82 0.897488
14 83 0.820667
14 84 0.722580
14 85 0.612634
14 86 0.499890
14 87 0.392163
14 88 0.295390
14 89 0.213298
14 90 0.147409
14 91 0.097338
14 92 0.061314
14 93 0.036785
14 94 0.020987
14 95 0.011367
14 96 0.005829
14 97 0.002794
14 98 0.001246
14 99 0.000000

15 0 0.000000
15 1 0.001059
15 2 0.002411
15 3 0.005109
15 4 0.010118
15 5 0.018970
15 6 0.033748
15 7 0.057060
15 8 0.091818
15 9 0.140821
15 10 0.206156
15 11 0.288522
15 12 0.386614
15 13 0.496717
15 14 0.612634
15 15 0.725987
15 16 0.826885
15 17 0.904917
15 18 0.950390
15 19 0.955691
15 20 0.916569
15 21 0.833038
15 22 0.709630
15 23 0.554831
15 24 0.379796
15 25 0.196673
15 26 0.016952
15 27 -0.149776
15 28 -0.296526
15 29 -0.419070
15 30 -0.515741
15 31 -0.586980
15 32 -0.634819
15 33 -0.662291
15 34 -0.672942
15 35 -0.670373
15 36 -0.657990
15 37 -0.638786
15 38 -0.615321
15 39 -0.589646
15 40 -0.563396
15 41 -0.537761
15 42 -0.513644
15 43 -0.491628
15 44 -0.472153
15 45 -0.455447
15 46 -0.441699
15 47 -0.430955
15 48 -0.423287
15 49 -0.418669
15 50 -0.417142
15 51 -0.418669
15 52 -0.423287
15 53 -0.430955
15 54 -0.441699
15 55 -0.455447
15 56 -0.472153
15 57 -0.491628
15 58 -0.513644
15 59 -0.537761
15 60 -0.563396
15 61 -0.589646
15 62 -0.615321
15 63 -0.638786
15 64 -0.657990
15 65 -0.670373
15 66 -0.672942
15 67 -0.662291
15 68 -0.634819
15 69 -0.586980
15 70 -0.515741
15 71 -0.419070
15 72 -0.296526
15 73 -0.149776
15 74 0.016952
15 75 0.196673
15 76 0.379796
15 77 0.554831
15 78 0.709630
15 79 0.833038
15 80 0.916569
15 81 0.955691
15 82 0.950390
15 83 0.904917
15 84 0.826885
15 85 0.725987
15 86 0.612634
15 87 0.496717
15 88 0.386614
15 89 0.288522
15 90 0.206156
15 91 0.140821
15 92 0.091818
15 93 0.057059
15 94 0.033744
15 95 0.018959
15 96 0.010091
15 97 0.005013
15 98 0.002327
15 99 0.000000

16 0 0.000000
16 1 0.001962
16 2 0.004291
16 3 0.008771
16 4 0.016747
16 5 0.030281
16 6 0.051991
16 7 0.084899
16 8 0.132033
16 9 0.195820
16 10 0.277355
16 11 0.375681
16 12 0.487268
16 13 0.605832
16 14 0.722580
16 15 0.826885
16 16 0.907351
16 17 0.953191
16 18 0.955781
16 19 0.910178
16 20 0.816272
16 21 0.679207
16 22 0.508842
16 23 0.318277
16 24 0.121808
16 25 -0.067164
16 26 -0.237747
16 27 -0.382442
16 28 -0.497279
16 29 -0.581442
16 30 -0.636585
16 31 -0.666087
16 32 -0.674280
16 33 -0.665837
16 34 -0.645238
16 35 -0.616490
16 36 -0.582920
16 37 -0.547207
16 38 -0.511341
16 39 -0.476797
16 40 -0.444513
16 41 -0.415123
16 42 -0.388912
16 43 -0.366059
16 44 -0.346531
16 45 -0.330310
16 46 -0.317241
16 47 -0.307256
16 48 -0.300190
16 49 -0.296009
16 50 -0.294603
16 51 -0.296009
16 52 -0.300190
16 53 -0.307256
16 54 -0.317241
16 55 -0.330310
16 56 -0.346531
16 57 -0.366059
16 58 -0.388912
16 59 -0.415123
16 60 -0.444513
16 61 -0.476797
16 62 -0.511341
16 63 -0.547207
16 64 -0.582920
16 65 -0.616490
16 66 -0.645238
16 67 -0.665837
16 68 -0.674280
16 69 -0.666087
16 70 -0.636585
16 71 -0.581442
16 72 -0.497279
16 73 -0.382442
16 74 -0.237747
16 75 -0.067164
16 76 0.121808
16 77 0.318277
16 78 0.508842
16 79 0.679207
16 80 0.816272
16 81 0.910178
16 82 0.955781
16 83 0.953191
16 84 0.907351
16 85 0.826885
16 86 0.722580
16 87 0.605832
16 88 0.487268
16 89 0.375681
16 90 0.277355
16 91 0.195820
16 92 0.132032
16 93 0.084897
16 94 0.051983
16 95 0.030256
16 96 0.016690
16 97 0.008581
16 98 0.004142
16 99 0.000000

17 0 0.000000
17 1 0.003464
17 2 0.007290
17 3 0.014405
17 4 0.026548
17 5 0.046359
17 6 0.076917
17 7 0.121447
17 8 0.182722
17 9 0.262298
17 10 0.359695
17 11 0.471755
17 12 0.592314
17 13 0.712359
17 14 0.820667
17 15 0.904917
17 16 0.953191
17 17 0.955718
17 18 0.906640
17 19 0.805442
17 20 0.657605
17 21 0.474166
17 22 0.270112
17 23 0.061966
17 24 -0.134795
17 25 -0.307823
17 26 -0.449048
17 27 -0.554828
17 28 -0.625376
17 29 -0.663772
17 30 -0.674926
17 31 -0.664585
17 32 -0.638585
17 33 -0.602237
17 34 -0.560050
17 35 -0.515540
17 36 -0.471344
17 37 -0.429232
17 38 -0.390376
17 39 -0.355347
17 40 -0.324424
17 41 -0.297532
17 42 -0.274553
17 43 -0.255172
17 44 -0.239163
17 45 -0.226165
17 46 -0.215973
17 47 -0.208270
17 48 -0.202944
17 49 -0.199771
17 50 -0.198750
17 51 -0.199771
17 52 -0.202944
17 53 -0.208270
17 54 -0.215973
17 55 -0.226165
17 56 -0.239163
17 57 -0.255172
17 58 -0.274553
17 59 -0.297532
17 60 -0.324424
17 61 -0.355347
17 62 -0.390376
17 63 -0.429232
17 64 -0.471344
17 65 -0.515540
17 66 -0.560050
17 67 -0.602237
17 68 -0.638585
17 69 -0.664585
17 70 -0.674926
17 71 -0.663772
17 72 -0.625376
17 73 -0.554828
17 74 -0.449048
17 75 -0.307823
17 76 -0.134795
17 77 0.061966
17 78 0.270112
17 79 0.474166
17 80 0.657605
17 81 0.805442
17 82 0.906640
17 83 0.955718
17 84 0.953191
17 85 0.904917
17 86 0.820667
17 87 0.712359
17 88 0.592314
17 89 0.471755
17 90 0.359695
17 91 0.262297
17 92 0.182720
17 93 0.121440
17 94 0.076899
17 95 0.046309
17 96 0.026437
17 97 0.014043
17 98 0.007042
17 99 0.000000

18 0 0.000000
18 1 0.005847
18 2 0.011854
18 3 0.022679
18 4 0.040407
18 5 0.068234
18 6 0.109531
18 7 0.167403
18 8 0.243905
18 9 0.339152
18 10 0.450541
18 11 0.572268
18 12 0.695336
18 13 0.808120
18 14 0.897488
18 15 0.950390
18 16 0.955781
18 17 0.906640
18 18 0.801701
18 19 0.646405
18 20 0.452639
18 21 0.237090
18 22 0.018516
18 23 -0.185371
18 24 -0.360537
18 25 -0.498171
18 26 -0.594918
18 27 -0.652109
18 28 -0.674411
18 29 -0.668425
18 30 -0.641403
18 31 -0.600348
18 32 -0.551328
18 33 -0.499228
18 34 -0.447591
18 35 -0.398853
18 36 -0.354412
18 37 -0.315018
18 38 -0.280786
18 39 -0.251594
18 40 -0.226987
18 41 -0.206560
18 42 -0.189731
18 43 -0.176114
18 44 -0.165174
18 45 -0.156621
18 46 -0.150014
18 47 -0.145196
18 48 -0.141847
18 49 -0.139942
18 50 -0.139277
18 51 -0.139942
18 52 -0.141847
18 53 -0.145196
18 54 -0.150014
18 55 -0.156621
18 56 -0.165174
18 57 -0.176114
18 58 -0.189731
18 59 -0.206560
18 60 -0.226987
18 61 -0.251594
18 62 -0.280786
18 63 -0.315018
18 64 -0.354412
18 65 -0.398853
18 66 -0.447591
18 67 -0.499228
18 68 -0.551328
18 69 -0.600348
18 70 -0.641403
18 71 -0.668425
18 72 -0.674411
18 73 -0.652109
18 74 -0.594918
18 75 -0.498171
18 76 -0.360537
18 77 -0.185371
18 78 0.018516
18 79 0.237090
18 80 0.452639
18 81 0.646405
18 82 0.801701
18 83 0.906640
18 84 0.955781
18 85 0.950390
18 86 0.897488
18 87 0.808120
18 88 0.695336
18 89 0.572268
18 90 0.450541
18 91 0.339151
18 92 0.243900
18 93 0.167390
18 94 0.109495
18 95 0.068137
18 96 0.040203
18 97 0.022023
18 98 0.011464
18 99 0.000000

19 0 0.000000
19 1 0.009459
19 2 0.018491
19 3 0.034314
19 4 0.059187
19 5 0.096780
19 6 0.150479
19 7 0.222854
19 8 0.314704
19 9 0.424156
19 10 0.546012
19 11 0.671570
19 12 0.789060
19 13 0.884709
19 14 0.944390
19 15 0.955691
19 16 0.910178
19 17 0.805442
19 18 0.646405
19 19 0.445344
19 20 0.220316
19 21 -0.007788
19 22 -0.218884
19 23 -0.396961
19 24 -0.532154
19 25 -0.621191
19 26 -0.666481
19 27 -0.674364
19 28 -0.653256
19 29 -0.612000
19 30 -0.558767
19 31 -0.500301
19 32 -0.441727
19 33 -0.386465
19 34 -0.336599
19 35 -0.293030
19 36 -0.255996
19 37 -0.225108
19 38 -0.199836
19 39 -0.179357
19 40 -0.163024
19 41 -0.150045
19 42 -0.139936
19 43 -0.132050
19 44 -0.126082
19 45 -0.121517
19 46 -0.118213
19 47 -0.115784
19 48 -0.114233
19 49 -0.113278
19 50 -0.113025
19 51 -0.113278
19 52 -0.114233
19 53 -0.115784
19 54 -0.118213
19 55 -0.121517
19 56 -0.126082
19 57 -0.132050
19 58 -0.139936
19 59 -0.150045
19 60 -0.163024
19 61 -0.179357
19 62 -0.199836
19 63 -0.225108
19 64 -0.255996
19 65 -0.293030
19 66 -0.336599
19 67 -0.386465
19 68 -0.441727
19 69 -0.500301
19 70 -0.558767
19 71 -0.612000
19 72 -0.653256
19 73 -0.674364
19 74 -0.666481
19 75 -0.621191
19 76 -0.532154
19 77 -0.396961
19 78 -0.218884
19 79 -0.007788
19 80 0.220316
19 81 0.445344
19 82 0.646405
19 83 0.805442
19 84 0.910178
19 85 0.955691
19 86 0.944390
19 87 0.884709
19 88 0.789060
19 89 0.671570
19 90 0.546011
19 91 0.424153
19 92 0.314694
19 93 0.222827
19 94 0.150410
19 95 0.096600
19 96 0.058829
19 97 0.033180
19 98 0.017912
19 99 0.000000

20 0 0.000000
20 1 0.014703
20 2 0.027739
20 3 0.050016
20 4 0.083632
20 5 0.132586
20 6 0.199907
20 7 0.287142
20 8 0.393300
20 9 0.514027
20 10 0.641226
20 11 0.763289
20 12 0.866054
20 13 0.934443
20 14 0.954639
20 15 0.916569
20 16 0.816272
20 17 0.657605
20 18 0.452639
20 19 0.220316
20 20 -0.016590
20 21 -0.235551
20 22 -0.418243
20 23 -0.553290
20 24 -0.637104
20 25 -0.672952
20 26 -0.668821
20 27 -0.635033
20 28 -0.582118
20 29 -0.519444
20 30 -0.454381
20 31 -0.392184
20 32 -0.336014
20 33 -0.287482
20 34 -0.246902
20 35 -0.213951
20 36 -0.187726
20 37 -0.167309
20 38 -0.151560
20 39 -0.139657
20 40 -0.130661
20 41 -0.124068
20 42 -0.119186
20 43 -0.115760
20 44 -0.113252
20 45 -0.111588
20 46 -0.110354
20 47 -0.109625
20 48 -0.109074
20 49 -0.108864
20 50 -0.108719
20 51 -0.108864
20 52 -0.109074
20 53 -0.109625
20 54 -0.110354
20 55 -0.111588
20 56 -0.113252
20 57 -0.115760
20 58 -0.119186
20 59 -0.124068
20 60 -0.130661
20 61 -0.139657
20 62 -0.151560
20 63 -0.167309
20 64 -0.187726
20 65 -0.213951
20 66 -0.246902
20 67 -0.287482
20 68 -0.336014
20 69 -0.392184
20 70 -0.454381
20 71 -0.519444
20 72 -0.582118
20 73 -0.635033
20 74 -0.668821
20 75 -0.672952
20 76 -0.637104
20 77 -0.553290
20 78 -0.418243
20 79 -0.235551
20 80 -0.016590
20 81 0.220316
20 82 0.452639
20 83 0.657605
20 84 0.816272
20 85 0.916569
20 86 0.954639
20 87 0.934443
20 88 0.866054
20 89 0.763288
20 90 0.641224
20 91 0.514020
20 92 0.393281
20 93 0.287091
20 94 0.199781
20 95 0.132268
20 96 0.083032
20 97 0.048134
20 98 0.026928
20 99 0.000000

21 0 0.000000
21 1 0.022011
21 2 0.040114
21 3 0.070396
21 4 0.114264
21 5 0.175843
21 6 0.257359
21 7 0.358833
21 8 0.476984
21 9 0.604631
21 10 0.730687
21 11 0.840928
21 12 0.919541
21 13 0.951354
21 14 0.924487
21 15 0.833038
21 16 0.679207
21 17 0.474166
21 18 0.237090
21 19 -0.007788
21 20 -0.235551
21 21 -0.425234
21 22 -0.563371
21 23 -0.645449
21 24 -0.675151
21 25 -0.661929
21 26 -0.618039
21 27 -0.555822
21 28 -0.485947
21 29 -0.416427
21 30 -0.352583
21 31 -0.297230
21 32 -0.251416
21 33 -0.214816
21 34 -0.186535
21 35 -0.165175
21 36 -0.149487
21 37 -0.138074
21 38 -0.130014
21 39 -0.124287
21 40 -0.120442
21 41 -0.117790
21 42 -0.116189
21 43 -0.115100
21 44 -0.114568
21 45 -0.114154
21 46 -0.114050
21 47 -0.113887
21 48 -0.113936
21 49 -0.113847
21 50 -0.113930
21 51 -0.113847
21 52 -0.113936
21 53 -0.113887
21 54 -0.114050
21 55 -0.114154
21 56 -0.114568
21 57 -0.115100
21 58 -0.116189
21 59 -0.117790
21 60 -0.120442
21 61 -0.124287
21 62 -0.130014
21 63 -0.138074
21 64 -0.149487
21 65 -0.165175
21 66 -0.186535
21 67 -0.214816
21 68 -0.251416
21 69 -0.297230
21 70 -0.352583
21 71 -0.416427
21 72 -0.485947
21 73 -0.555822
21 74 -0.618039
21 75 -0.661929
21 76 -0.675151
21 77 -0.645449
21 78 -0.563371
21 79 -0.425234
21 80 -0.235551
21 81 -0.007788
21 82 0.237090
21 83 0.474166
21 84 0.679207
21 85 0.833038
21 86 0.924487
21 87 0.951354
21 88 0.919541
21 89 0.840926
21 90 0.730682
21 91 0.604618
21 92 0.476948
21 93 0.358740
21 94 0.257140
21 95 0.175304
21 96 0.113300
21 97 0.067398
21 98 0.039045
21 99 0.000000

22 0 0.000000
22 1 0.031814
22 2 0.056055
22 3 0.095895
22 4 0.151288
22 5 0.226259
22 6 0.321741
22 7 0.435752
22 8 0.562331
22 9 0.691306
22 10 0.808788
22 11 0.898552
22 12 0.944224
22 13 0.932054
22 14 0.853869
22 15 0.709630
22 16 0.508842
22 17 0.270112
22 18 0.018516
22 19 -0.218884
22 20 -0.418243
22 21 -0.563371
22 22 -0.648024
22 23 -0.675605
22 24 -0.656634
22 25 -0.605230
22 26 -0.535691
22 27 -0.460179
22 28 -0.387482
22 29 -0.323024
22 30 -0.269234
22 31 -0.226553
22 32 -0.193992
22 33 -0.170095
22 34 -0.153021
22 35 -0.141252
22 36 -0.133213
22 37 -0.127941
22 38 -0.124395
22 39 -0.122221
22 40 -0.120772
22 41 -0.120051
22 42 -0.119537
22 43 -0.119405
22 44 -0.119191
22 45 -0.119218
22 46 -0.119067
22 47 -0.119143
22 48 -0.119015
22 49 -0.119115
22 50 -0.119001
22 51 -0.119115
22 52 -0.119015
22 53 -0.119143
22 54 -0.119067
22 55 -0.119218
22 56 -0.119191
22 57 -0.119405
22 58 -0.119537
22 59 -0.120051
22 60 -0.120772
22 61 -0.122221
22 62 -0.124395
22 63 -0.127941
22 64 -0.133213
22 65 -0.141252
22 66 -0.153021
22 67 -0.170095
22 68 -0.193992
22 69 -0.226553
22 70 -0.269234
22 71 -0.323024
22 72 -0.387482
22 73 -0.460179
22 74 -0.535691
22 75 -0.605230
22 76 -0.656634
22 77 -0.675605
22 78 -0.648024
22 79 -0.563371
22 80 -0.418243
22 81 -0.218884
22 82 0.018516
22 83 0.270112
22 84 0.508842
22 85 0.709630
22 86 0.853869
22 87 0.932054
22 88 0.944224
22 89 0.898549
22 90 0.808779
22 91 0.691282
22 92 0.562267
22 93 0.435591
22 94 0.321375
22 95 0.225384
22 96 0.149800
22 97 0.091296
22 98 0.054734
22 99 0.000000

23 0 0.000000
23 1 0.044499
23 2 0.075862
23 3 0.126714
23 4 0.194531
23 5 0.283030
23 6 0.391355
23 7 0.515121
23 8 0.645459
23 9 0.769281
23 10 0.870376
23 11 0.931461
23 12 0.936981
23 13 0.876273
23 14 0.746537
23 15 0.554831
23 16 0.318277
23 17 0.061966
23 18 -0.185371
23 19 -0.396961
23 20 -0.553290
23 21 -0.645449
23 22 -0.675605
23 23 -0.654678
23 24 -0.598408
23 25 -0.523166
23 26 -0.442903
23 27 -0.367466
23 28 -0.302547
23 29 -0.250242
23 30 -0.210372
23 31 -0.181275
23 32 -0.160959
23 33 -0.147192
23 34 -0.138266
23 35 -0.132481
23 36 -0.128899
23 37 -0.126476
23 38 -0.124992
23 39 -0.123841
23 40 -0.123197
23 41 -0.122547
23 42 -0.122208
23 43 -0.121665
23 44 -0.121376
23 45 -0.120846
23 46 -0.120632
23 47 -0.120198
23 48 -0.120127
23 49 -0.119844
23 50 -0.119947
23 51 -0.119844
23 52 -0.120127
23 53 -0.120198
23 54 -0.120632
23 55 -0.120846
23 56 -0.121376
23 57 -0.121665
23 58 -0.122208
23 59 -0.122547
23 60 -0.123197
23 61 -0.123841
23 62 -0.124992
23 63 -0.126476
23 64 -0.128899
23 65 -0.132481
23 66 -0.138266
23 67 -0.147192
23 68 -0.160959
23 69 -0.181275
23 70 -0.210372
23 71 -0.250242
23 72 -0.302547
23 73 -0.367466
23 74 -0.442903
23 75 -0.523166
23 76 -0.598408
23 77 -0.654678
23 78 -0.675605
23 79 -0.645449
23 80 -0.553290
23 81 -0.396961
23 82 -0.185371
23 83 0.061966
23 84 0.318277
23 85 0.554831
23 86 0.746537
23 87 0.876272
23 88 0.936979
23 89 0.931456
23 90 0.870359
23 91 0.769237
23 92 0.645349
23 93 0.514853
23 94 0.390770
23 95 0.281664
23 96 0.192322
23 97 0.119903
23 98 0.074350
23 99 0.000000

24 0 0.000000
24 1 0.060369
24 2 0.099652
24 3 0.162762
24 4 0.243412
24 5 0.344863
24 6 0.463998
24 7 0.593767
24 8 0.722365
24 9 0.834126
24 10 0.911296
24 11 0.936746
24 12 0.897269
24 13 0.786907
24 14 0.609527
24 15 0.379796
24 16 0.121808
24 17 -0.134795
24 18 -0.360537
24 19 -0.532154
24 20 -0.637104
24 21 -0.675151
24 22 -0.656634
24 23 -0.598408
24 24 -0.518927
24 25 -0.434281
24 26 -0.355823
24 27 -0.289854
24 28 -0.238316
24 29 -0.200449
24 30 -0.173913
24 31 -0.156181
24 32 -0.144677
24 33 -0.137553
24 34 -0.133053
24 35 -0.130284
24 36 -0.128219
24 37 -0.126751
24 38 -0.125320
24 39 -0.124255
24 40 -0.123055
24 41 -0.122171
24 42 -0.121017
24 43 -0.120177
24 44 -0.119054
24 45 -0.118359
24 46 -0.117432
24 47 -0.117020
24 48 -0.116388
24 49 -0.116310
24 50 -0.116022
24 51 -0.116310
24 52 -0.116388
24 53 -0.117020
24 54 -0.117432
24 55 -0.118359
24 56 -0.119054
24 57 -0.120177
24 58 -0.121017
24 59 -0.122171
24 60 -0.123055
24 61 -0.124255
24 62 -0.125320
24 63 -0.126751
24 64 -0.128219
24 65 -0.130284
24 66 -0.133053
24 67 -0.137553
24 68 -0.144677
24 69 -0.156181
24 70 -0.173913
24 71 -0.200449
24 72 -0.238316
24 73 -0.289854
24 74 -0.355823
24 75 -0.434281
24 76 -0.518927
24 77 -0.598408
24 78 -0.656634
24 79 -0.675151
24 80 -0.637104
24 81 -0.532154
24 82 -0.360537
24 83 -0.134795
24 84 0.121808
24 85 0.379796
24 86 0.609527
24 87 0.786906
24 88 0.897266
24 89 0.936735
24 90 0.911267
24 91 0.834052
24 92 0.722183
24 93 0.593339
24 94 0.463095
24 95 0.342805
24 96 0.240247
24 97 0.153000
24 98 0.098078
24 99 0.000000

25 0 0.000000
25 1 0.079606
25 2 0.127320
25 3 0.203633
25 4 0.296956
25 5 0.410044
25 6 0.537125
25 7 0.668389
25 8 0.789292
25 9 0.882196
25 10 0.928829
25 11 0.913592
25 12 0.827147
25 13 0.669565
25 14 0.452089
25 15 0.196673
25 16 -0.067164
25 17 -0.307823
25 18 -0.498171
25 19 -0.621191
25 20 -0.672952
25 21 -0.661929
25 22 -0.605230
25 23 -0.523166
25 24 -0.434281
25 25 -0.352013
25 26 -0.283824
25 27 -0.231847
25 28 -0.194873
25 29 -0.169880
25 30 -0.153771
25 31 -0.143619
25 32 -0.137474
25 33 -0.133560
25 34 -0.131053
25 35 -0.128924
25 36 -0.127155
25 37 -0.125185
25 38 -0.123503
25 39 -0.121595
25 40 -0.120069
25 41 -0.118237
25 42 -0.116817
25 43 -0.115063
25 44 -0.113862
25 45 -0.112390
25 46 -0.111592
25 47 -0.110527
25 48 -0.110181
25 49 -0.109561
25 50 -0.109695
25 51 -0.109561
25 52 -0.110181
25 53 -0.110527
25 54 -0.111592
25 55 -0.112390
25 56 -0.113862
25 57 -0.115063
25 58 -0.116817
25 59 -0.118237
25 60 -0.120069
25 61 -0.121595
25 62 -0.123503
25 63 -0.125185
25 64 -0.127155
25 65 -0.128924
25 66 -0.131053
25 67 -0.133560
25 68 -0.137474
25 69 -0.143619
25 70 -0.153771
25 71 -0.169880
25 72 -0.194873
25 73 -0.231847
25 74 -0.283824
25 75 -0.352013
25 76 -0.434281
25 77 -0.523166
25 78 -0.605230
25 79 -0.661929
25 80 -0.672952
25 81 -0.621191
25 82 -0.498171
25 83 -0.307823
25 84 -0.067164
25 85 0.196672
25 86 0.452088
25 87 0.669563
25 88 0.827141
25 89 0.913573
25 90 0.928781
25 91 0.882074
25 92 0.789003
25 93 0.667729
25 94 0.535781
25 95 0.407046
25 96 0.292569
25 97 0.190065
25 98 0.125904
25 99 0.000000

26 0 0.000000
26 1 0.102243
26 2 0.158532
26 3 0.248620
26 4 0.353847
26 5 0.476568
26 6 0.608055
26 7 0.735841
26 8 0.843070
26 9 0.910965
26 10 0.921929
26 11 0.863285
26 12 0.730892
26 13 0.531708
26 14 0.284354
26 15 0.016952
26 16 -0.237747
26 17 -0.449048
26 18 -0.594918
26 19 -0.666481
26 20 -0.668821
26 21 -0.618039
26 22 -0.535691
26 23 -0.442903
26 24 -0.355823
26 25 -0.283824
26 26 -0.229808
26 27 -0.192390
26 28 -0.167901
26 29 -0.152590
26 30 -0.143113
26 31 -0.137384
26 32 -0.133638
26 33 -0.131120
26 34 -0.128795
26 35 -0.126670
26 36 -0.124151
26 37 -0.121837
26 38 -0.119225
26 39 -0.117072
26 40 -0.114616
26 41 -0.112687
26 42 -0.110384
26 43 -0.108747
26 44 -0.106785
26 45 -0.105646
26 46 -0.104173
26 47 -0.103569
26 48 -0.102590
26 49 -0.102511
26 50 -0.102051
26 51 -0.102511
26 52 -0.102590
26 53 -0.103569
26 54 -0.104173
26 55 -0.105646
26 56 -0.106785
26 57 -0.108747
26 58 -0.110384
26 59 -0.112687
26 60 -0.114616
26 61 -0.117072
26 62 -0.119225
26 63 -0.121837
26 64 -0.124151
26 65 -0.126670
26 66 -0.128795
26 67 -0.131120
26 68 -0.133638
26 69 -0.137384
26 70 -0.143113
26 71 -0.152590
26 72 -0.167901
26 73 -0.192390
26 74 -0.229808
26 75 -0.283824
26 76 -0.355823
26 77 -0.442903
26 78 -0.535691
26 79 -0.618039
26 80 -0.668821
26 81 -0.666481
26 82 -0.594918
26 83 -0.449048
26 84 -0.237747
26 85 0.016952
26 86 0.284352
26 87 0.531704
