0 0 0.000000
0 1 0.000000
0 2 0.000000
0 3 0.000000
0 4 0.000000
0 5 0.000000
0 6 0.000000
0 7 0.000000
0 8 0.000000
0 9 0.000000
0 10 0.000000
0 11 0.000000
0 12 0.000000
0 13 0.000000
0 14 0.000000
0 15 0.000000
0 16 0.000000
0 17 0.000000
0 18 0.000000
0 19 0.000000
0 20 0.000000
0 21 0.000000
0 22 0.000000
0 23 0.000000
0 24 0.000000
0 25 0.000000
0 26 0.000000
0 27 0.000000
0 28 0.000000
0 29 0.000000
0 30 0.000000
0 31 0.000000
0 32 0.000000
0 33 0.000000
0 34 0.000000
0 35 0.000000
0 36 0.000000
0 37 0.000000
0 38 0.000000
0 39 0.000000
0 40 0.000000
0 41 0.000000
0 42 0.000000
0 43 0.000000
0 44 0.000000
0 45 0.000000
0 46 0.000000
0 47 0.000000
0 48 0.000000
0 49 0.000000
0 50 0.000000
0 51 0.000000
0 52 0.000000
0 53 0.000000
0 54 0.000000
0 55 0.000000
0 56 0.000000
0 57 0.000000
0 58 0.000000
0 59 0.000000
0 60 0.000000
0 61 0.000000
0 62 0.000000
0 63 0.000000
0 64 0.000000
0 65 0.000000
0 66 0.000000
0 67 0.000000
0 68 0.000000
0 69 0.000000
0 70 0.000000
0 71 0.000000
0 72 0.000000
0 73 0.000000
0 74 0.000000
0 75 0.000000
0 76 0.000000
0 77 0.000000
0 78 0.000000
0 79 0.000000
0 80 0.000000
0 81 0.000000
0 82 0.000000
0 83 0.000000
0 84 0.000000
0 85 0.000000
0 86 0.000000
0 87 0.000000
0 88 0.000000
0 89 0.000000
0 90 0.000000
0 91 0.000000
0 92 0.000000
0 93 0.000000
0 94 0.000000
0 95 0.000000
0 96 0.000000
0 97 0.000000
0 98 0.000000
0 99 0.000000

1 0 0.000000
1 1 0.340042
1 2 0.312561
1 3 0.418526
1 4 0.431129
1 5 0.431251
1 6 0.386980
1 7 0.309939
1 8 0.202033
1 9 0.071790
1 10 -0.071383
1 11 -0.216924
1 12 -0.354624
1 13 -0.475610
1 14 -0.573164
1 15 -0.643149
1 16 -0.684073
1 17 -0.696822
1 18 -0.684180
1 19 -0.650245
1 20 -0.599832
1 21 -0.537930
1 22 -0.469282
1 23 -0.398068
1 24 -0.327736
1 25 -0.260926
1 26 -0.199499
1 27 -0.144606
1 28 -0.096804
1 29 -0.056179
1 30 -0.022466
1 31 0.004840
1 32 0.026391
1 33 0.042909
1 34 0.055133
1 35 0.063778
1 36 0.069507
1 37 0.072920
1 38 0.074543
1 39 0.074826
1 40 0.074152
1 41 0.072836
1 42 0.071134
1 43 0.069255
1 44 0.067362
1 45 0.065582
1 46 0.064012
1 47 0.062724
1 48 0.061769
1 49 0.061184
1 50 0.060986
1 51 0.061184
1 52 0.061769
1 53 0.062724
1 54 0.064012
1 55 0.065582
1 56 0.067362
1 57 0.069255
1 58 0.071134
1 59 0.072836
1 60 0.074152
1 61 0.074826
1 62 0.074543
1 63 0.072920
1 64 0.069507
1 65 0.063778
1 66 0.055133
1 67 0.042909
1 68 0.026391
1 69 0.004840
1 70 -0.022466
1 71 -0.056179
1 72 -0.096804
1 73 -0.144606
1 74 -0.199499
1 75 -0.260926
1 76 -0.327736
1 77 -0.398070
1 78 -0.469285
1 79 -0.537939
1 80 -0.599853
1 81 -0.650294
1 82 -0.684285
1 83 -0.697041
1 84 -0.684512
1 85 -0.643990
1 86 -0.574709
1 87 -0.478332
1 88 -0.359222
1 89 -0.224383
1 90 -0.082965
1 91 0.054432
1 92 0.177492
1 93 0.275222
1 94 0.344856
1 95 0.367582
1 96 0.385086
1 97 0.287140
1 98 0.355267
1 99 0.000000

2 0 0.000000
2 1 0.312561
2 2 0.217521
2 3 0.281580
2 4 0.225079
2 5 0.160755
2 6 0.048176
2 7 -0.090316
2 8 -0.248417
2 9 -0.411284
2 10 -0.565221
2 11 -0.697155
2 12 -0.796787
2 13 -0.857488
2 14 -0.876753
2 15 -0.855998
2 16 -0.799872
2 17 -0.715284
2 18 -0.610346
2 19 -0.493398
2 20 -0.372221
2 21 -0.253477
2 22 -0.142403
2 23 -0.042705
2 24 0.043371
2 25 0.114848
2 26 0.171773
2 27 0.214952
2 28 0.245700
2 29 0.265622
2 30 0.276441
2 31 0.279865
2 32 0.277495
2 33 0.270773
2 34 0.260951
2 35 0.249085
2 36 0.236040
2 37 0.222508
2 38 0.209024
2 39 0.195990
2 40 0.183701
2 41 0.172360
2 42 0.162104
2 43 0.153014
2 44 0.145137
2 45 0.138488
2 46 0.133071
2 47 0.128876
2 48 0.125892
2 49 0.124106
2 50 0.123512
2 51 0.124106
2 52 0.125892
2 53 0.128876
2 54 0.133071
2 55 0.138488
2 56 0.145137
2 57 0.153014
2 58 0.162104
2 59 0.172360
2 60 0.183701
2 61 0.195990
2 62 0.209024
2 63 0.222508
2 64 0.236040
2 65 0.249085
2 66 0.260951
2 67 0.270773
2 68 0.277495
2 69 0.279865
2 70 0.276441
2 71 0.265622
2 72 0.245700
2 73 0.214952
2 74 0.171773
2 75 0.114847
2 76 0.043370
2 77 -0.042708
2 78 -0.142411
2 79 -0.253496
2 80 -0.372264
2 81 -0.493494
2 82 -0.610549
2 83 -0.715694
2 84 -0.800667
2 85 -0.857473
2 86 -0.879377
2 87 -0.861961
2 88 -0.804091
2 89 -0.708592
2 90 -0.582324
2 91 -0.435946
2 92 -0.281737
2 93 -0.135602
2 94 -0.003037
2 95 0.084881
2 96 0.180850
2 97 0.137965
2 98 0.286638
2 99 0.000000

3 0 0.000000
3 1 0.418526
3 2 0.281580
3 3 0.374861
3 4 0.303951
3 5 0.234687
3 6 0.106634
3 7 -0.047525
3 8 -0.221932
3 9 -0.398793
3 10 -0.563342
3 11 -0.702022
3 12 -0.805060
3 13 -0.867029
3 14 -0.886992
3 15 -0.867918
3 16 -0.815696
3 17 -0.737979
3 18 -0.643064
3 19 -0.538967
3 20 -0.432757
3 21 -0.330154
3 22 -0.235371
3 23 -0.151151
3 24 -0.078937
3 25 -0.019118
3 26 0.028712
3 27 0.065495
3 28 0.092497
3 29 0.111131
3 30 0.122829
3 31 0.128949
3 32 0.130724
3 33 0.129233
3 34 0.125392
3 35 0.119958
3 36 0.113540
3 37 0.106618
3 38 0.099558
3 39 0.092635
3 40 0.086044
3 41 0.079926
3 42 0.074369
3 43 0.069432
3 44 0.065145
3 45 0.061524
3 46 0.058571
3 47 0.056284
3 48 0.054656
3 49 0.053683
3 50 0.053358
3 51 0.053683
3 52 0.054656
3 53 0.056284
3 54 0.058571
3 55 0.061524
3 56 0.065145
3 57 0.069432
3 58 0.074369
3 59 0.079926
3 60 0.086044
3 61 0.092635
3 62 0.099558
3 63 0.106618
3 64 0.113540
3 65 0.119958
3 66 0.125392
3 67 0.129233
3 68 0.130724
3 69 0.128949
3 70 0.122829
3 71 0.111131
3 72 0.092497
3 73 0.065495
3 74 0.028711
3 75 -0.019119
3 76 -0.078940
3 77 -0.151157
3 78 -0.235386
3 79 -0.330191
3 80 -0.432840
3 81 -0.539145
3 82 -0.643430
3 83 -0.738701
3 84 -0.817061
3 85 -0.870390
3 86 -0.891289
3 87 -0.874192
3 88 -0.816501
3 89 -0.719562
3 90 -0.589026
3 91 -0.435127
3 92 -0.269988
3 93 -0.111944
3 94 0.035855
3 95 0.129362
3 96 0.247440
3 97 0.178063
3 98 0.382396
3 99 0.000000

4 0 0.000000
4 1 0.431129
4 2 0.225079
4 3 0.303951
4 4 0.181136
4 5 0.075125
4 6 -0.094679
4 7 -0.282747
4 8 -0.483824
4 9 -0.676860
4 10 -0.846676
4 11 -0.980128
4 12 -1.069111
4 13 -1.110531
4 14 -1.106022
4 15 -1.060922
4 16 -0.983003
4 17 -0.881175
4 18 -0.764376
4 19 -0.640750
4 20 -0.517130
4 21 -0.398802
4 22 -0.289491
4 23 -0.191501
4 24 -0.105955
4 25 -0.033052
4 26 0.027669
4 27 0.077108
4 28 0.116419
4 29 0.146870
4 30 0.169744
4 31 0.186264
4 32 0.197561
4 33 0.204648
4 34 0.208412
4 35 0.209616
4 36 0.208904
4 37 0.206810
4 38 0.203774
4 39 0.200149
4 40 0.196222
4 41 0.192215
4 42 0.188306
4 43 0.184628
4 44 0.181286
4 45 0.178356
4 46 0.175896
4 47 0.173945
4 48 0.172535
4 49 0.171681
4 50 0.171396
4 51 0.171681
4 52 0.172535
4 53 0.173945
4 54 0.175896
4 55 0.178356
4 56 0.181286
4 57 0.184628
4 58 0.188306
4 59 0.192215
4 60 0.196222
4 61 0.200149
4 62 0.203774
4 63 0.206810
4 64 0.208904
4 65 0.209616
4 66 0.208412
4 67 0.204648
4 68 0.197561
4 69 0.186264
4 70 0.169744
4 71 0.146870
4 72 0.116419
4 73 0.077107
4 74 0.027668
4 75 -0.033054
4 76 -0.105960
4 77 -0.191514
4 78 -0.289521
4 79 -0.398871
4 80 -0.517279
4 81 -0.641060
4 82 -0.764996
4 83 -0.882365
4 84 -0.985192
4 85 -1.064784
4 86 -1.112556
4 87 -1.121135
4 88 -1.085601
4 89 -1.004744
4 90 -0.881739
4 91 -0.725167
4 92 -0.545721
4 93 -0.363845
4 94 -0.179325
4 95 -0.051020
4 96 0.125449
4 97 0.078324
4 98 0.361630
4 99 0.000000

5 0 0.000000
5 1 0.431251
5 2 0.160755
5 3 0.234687
5 4 0.075125
5 5 -0.041481
5 6 -0.220291
5 7 -0.402321
5 8 -0.586691
5 9 -0.752052
5 10 -0.886639
5 11 -0.981083
5 12 -1.031678
5 13 -1.039373
5 14 -1.008969
5 15 -0.947725
5 16 -0.863999
5 17 -0.766091
5 18 -0.661430
5 19 -0.556100
5 20 -0.454670
5 21 -0.360252
5 22 -0.274690
5 23 -0.198824
5 24 -0.132764
5 25 -0.076124
5 26 -0.028222
5 27 0.011784
5 28 0.044787
5 29 0.071674
5 30 0.093283
5 31 0.110387
5 32 0.123684
5 33 0.133799
5 34 0.141281
5 35 0.146613
5 36 0.150208
5 37 0.152426
5 38 0.153568
5 39 0.153896
5 40 0.153625
5 41 0.152942
5 42 0.151995
5 43 0.150913
5 44 0.149794
5 45 0.148726
5 46 0.147768
5 47 0.146977
5 48 0.146383
5 49 0.146020
5 50 0.145895
5 51 0.146020
5 52 0.146383
5 53 0.146977
5 54 0.147768
5 55 0.148726
5 56 0.149794
5 57 0.150913
5 58 0.151995
5 59 0.152942
5 60 0.153625
5 61 0.153896
5 62 0.153568
5 63 0.152426
5 64 0.150208
5 65 0.146613
5 66 0.141281
5 67 0.133799
5 68 0.123684
5 69 0.110387
5 70 0.093283
5 71 0.071674
5 72 0.044787
5 73 0.011784
5 74 -0.028223
5 75 -0.076128
5 76 -0.132774
5 77 -0.198848
5 78 -0.274745
5 79 -0.360373
5 80 -0.454927
5 81 -0.556620
5 82 -0.662443
5 83 -0.767980
5 84 -0.867378
5 85 -0.953525
5 86 -1.018516
5 87 -1.054449
5 88 -1.054488
5 89 -1.014216
5 90 -0.932511
5 91 -0.813575
5 92 -0.662956
5 93 -0.500100
5 94 -0.316767
5 95 -0.186602
5 96 0.025427
5 97 -0.015186
5 98 0.333863
5 99 0.000000

6 0 0.000000
6 1 0.386980
6 2 0.048176
6 3 0.106634
6 4 -0.094679
6 5 -0.220291
6 6 -0.403975
6 7 -0.572609
6 8 -0.733041
6 9 -0.865293
6 10 -0.963109
6 11 -1.021993
6 12 -1.042947
6 13 -1.030342
6 14 -0.990830
6 15 -0.931850
6 16 -0.860509
6 17 -0.782837
6 18 -0.703459
6 19 -0.625568
6 20 -0.551109
6 21 -0.481072
6 22 -0.415791
6 23 -0.355225
6 24 -0.299154
6 25 -0.247314
6 26 -0.199465
6 27 -0.155416
6 28 -0.115020
6 29 -0.078164
6 30 -0.044745
6 31 -0.014651
6 32 0.012248
6 33 0.036104
6 34 0.057097
6 35 0.075418
6 36 0.091279
6 37 0.104892
6 38 0.116482
6 39 0.126262
6 40 0.134447
6 41 0.141229
6 42 0.146799
6 43 0.151316
6 44 0.154934
6 45 0.157776
6 46 0.159957
6 47 0.161559
6 48 0.162657
6 49 0.163294
6 50 0.163505
6 51 0.163294
6 52 0.162657
6 53 0.161559
6 54 0.159957
6 55 0.157776
6 56 0.154934
6 57 0.151316
6 58 0.146799
6 59 0.141229
6 60 0.134447
6 61 0.126262
6 62 0.116482
6 63 0.104892
6 64 0.091279
6 65 0.075418
6 66 0.057097
6 67 0.036104
6 68 0.012248
6 69 -0.014651
6 70 -0.044745
6 71 -0.078164
6 72 -0.115020
6 73 -0.155417
6 74 -0.199468
6 75 -0.247322
6 76 -0.299173
6 77 -0.355268
6 78 -0.415888
6 79 -0.481280
6 80 -0.551538
6 81 -0.626412
6 82 -0.705057
6 83 -0.785735
6 84 -0.865553
6 85 -0.940272
6 86 -1.004315
6 87 -1.051052
6 88 -1.073408
6 89 -1.065004
6 90 -1.020889
6 91 -0.940608
6 92 -0.823008
6 93 -0.685317
6 94 -0.507665
6 95 -0.378847
6 96 -0.129480
6 97 -0.153799
6 98 0.258033
6 99 0.000000

7 0 0.000000
7 1 0.309939
7 2 -0.090316
7 3 -0.047525
7 4 -0.282747
7 5 -0.402321
7 6 -0.572609
7 7 -0.705932
7 8 -0.820565
7 9 -0.899451
7 10 -0.943793
7 11 -0.954763
7 12 -0.938160
7 13 -0.901148
7 14 -0.851203
7 15 -0.794815
7 16 -0.736868
7 17 -0.680459
7 18 -0.627099
7 19 -0.577097
7 20 -0.530017
7 21 -0.485079
7 22 -0.441482
7 23 -0.398603
7 24 -0.356083
7 25 -0.313840
7 26 -0.272021
7 27 -0.230930
7 28 -0.190961
7 29 -0.152523
7 30 -0.115998
7 31 -0.081698
7 32 -0.049858
7 33 -0.020623
7 34 0.005937
7 35 0.029828
7 36 0.051106
7 37 0.069888
7 38 0.086314
7 39 0.100558
7 40 0.112795
7 41 0.123216
7 42 0.131995
7 43 0.139310
7 44 0.145311
7 45 0.150148
7 46 0.153932
7 47 0.156774
7 48 0.158742
7 49 0.159905
7 50 0.160285
7 51 0.159905
7 52 0.158742
7 53 0.156774
7 54 0.153932
7 55 0.150148
7 56 0.145311
7 57 0.139310
7 58 0.131995
7 59 0.123216
7 60 0.112795
7 61 0.100558
7 62 0.086314
7 63 0.069888
7 64 0.051106
7 65 0.029828
7 66 0.005937
7 67 -0.020623
7 68 -0.049858
7 69 -0.081698
7 70 -0.115998
7 71 -0.152523
7 72 -0.190962
7 73 -0.230932
7 74 -0.272027
7 75 -0.313854
7 76 -0.356117
7 77 -0.398679
7 78 -0.441648
7 79 -0.485424
7 80 -0.530708
7 81 -0.578424
7 82 -0.629541
7 83 -0.684770
7 84 -0.744170
7 85 -0.806677
7 86 -0.869679
7 87 -0.928743
7 88 -0.977604
7 89 -1.008872
7 90 -1.014238
7 91 -0.988591
7 92 -0.922787
7 93 -0.831002
7 94 -0.678124
7 95 -0.568276
7 96 -0.294530
7 97 -0.305690
7 98 0.153337
7 99 0.000000

8 0 0.000000
8 1 0.202033
8 2 -0.248417
8 3 -0.221932
8 4 -0.483824
8 5 -0.586691
8 6 -0.733041
8 7 -0.820565
8 8 -0.882473
8 9 -0.905330
8 10 -0.898710
8 11 -0.868952
8 12 -0.825564
8 13 -0.776910
8 14 -0.729662
8 15 -0.687997
8 16 -0.653658
8 17 -0.626406
8 18 -0.604681
8 19 -0.586279
8 20 -0.568909
8 21 -0.550596
8 22 -0.529893
8 23 -0.505961
8 24 -0.478517
8 25 -0.447741
8 26 -0.414138
8 27 -0.378417
8 28 -0.341373
8 29 -0.303805
8 30 -0.266446
8 31 -0.229937
8 32 -0.194801
8 33 -0.161455
8 34 -0.130195
8 35 -0.101230
8 36 -0.074665
8 37 -0.050548
8 38 -0.028847
8 39 -0.009508
8 40 0.007578
8 41 0.022515
8 42 0.035442
8 43 0.046476
8 44 0.055757
8 45 0.063388
8 46 0.069488
8 47 0.074130
8 48 0.077401
8 49 0.079336
8 50 0.079983
8 51 0.079336
8 52 0.077401
8 53 0.074130
8 54 0.069488
8 55 0.063388
8 56 0.055757
8 57 0.046476
8 58 0.035442
8 59 0.022515
8 60 0.007578
8 61 -0.009508
8 62 -0.028847
8 63 -0.050548
8 64 -0.074665
8 65 -0.101230
8 66 -0.130195
8 67 -0.161455
8 68 -0.194801
8 69 -0.229937
8 70 -0.266446
8 71 -0.303806
8 72 -0.341375
8 73 -0.378421
8 74 -0.414148
8 75 -0.447766
8 76 -0.478575
8 77 -0.506090
8 78 -0.530167
8 79 -0.551152
8 80 -0.569992
8 81 -0.588301
8 82 -0.608305
8 83 -0.632634
8 84 -0.663926
8 85 -0.704233
8 86 -0.754267
8 87 -0.812647
8 88 -0.875191
8 89 -0.935058
8 90 -0.982003
8 91 -1.007528
8 92 -0.994450
8 93 -0.954309
8 94 -0.833937
8 95 -0.752922
8 96 -0.464822
8 97 -0.463930
8 98 0.023464
8 99 0.000000

9 0 0.000000
9 1 0.071790
9 2 -0.411284
9 3 -0.398793
9 4 -0.676860
9 5 -0.752052
9 6 -0.865293
9 7 -0.899451
9 8 -0.905330
9 9 -0.872615
9 10 -0.819051
9 11 -0.754636
9 12 -0.690914
9 13 -0.635738
9 14 -0.593694
9 15 -0.565955
9 16 -0.551094
9 17 -0.546038
9 18 -0.547020
9 19 -0.550329
9 20 -0.552804
9 21 -0.552086
9 22 -0.546675
9 23 -0.535855
9 24 -0.519547
9 25 -0.498142
9 26 -0.472340
9 27 -0.443008
9 28 -0.411075
9 29 -0.377446
9 30 -0.342959
9 31 -0.308349
9 32 -0.274254
9 33 -0.241188
9 34 -0.209573
9 35 -0.179711
9 36 -0.151834
9 37 -0.126068
9 38 -0.102501
9 39 -0.081142
9 40 -0.061989
9 41 -0.044980
9 42 -0.030066
9 43 -0.017153
9 44 -0.006178
9 45 0.002960
9 46 0.010314
9 47 0.015971
9 48 0.019962
9 49 0.022350
9 50 0.023135
9 51 0.022350
9 52 0.019962
9 53 0.015971
9 54 0.010314
9 55 0.002960
9 56 -0.006178
9 57 -0.017153
9 58 -0.030066
9 59 -0.044980
9 60 -0.061989
9 61 -0.081142
9 62 -0.102501
9 63 -0.126068
9 64 -0.151834
9 65 -0.179711
9 66 -0.209573
9 67 -0.241188
9 68 -0.274254
9 69 -0.308349
9 70 -0.342959
9 71 -0.377447
9 72 -0.411079
9 73 -0.443016
9 74 -0.472359
9 75 -0.498186
9 76 -0.519647
9 77 -0.536068
9 78 -0.547114
9 79 -0.552953
9 80 -0.554449
9 81 -0.553323
9 82 -0.552246
9 83 -0.554788
9 84 -0.565143
9 85 -0.587580
9 86 -0.625582
9 87 -0.680781
9 88 -0.751661
9 89 -0.833165
9 90 -0.914661
9 91 -0.986208
9 92 -1.023520
9 93 -1.037209
9 94 -0.954515
9 95 -0.910959
9 96 -0.620685
9 97 -0.611364
9 98 -0.119582
9 99 0.000000

10 0 0.000000
10 1 -0.071383
10 2 -0.565221
10 3 -0.563342
10 4 -0.846676
10 5 -0.886639
10 6 -0.963109
10 7 -0.943793
10 8 -0.898710
10 9 -0.819051
10 10 -0.729669
10 11 -0.642116
10 12 -0.568188
10 13 -0.513782
10 14 -0.480674
10 15 -0.467013
10 16 -0.468768
10 17 -0.480970
10 18 -0.498713
10 19 -0.517781
10 20 -0.534939
10 21 -0.547981
10 22 -0.555624
10 23 -0.557335
10 24 -0.553128
10 25 -0.543407
10 26 -0.528805
10 27 -0.510082
10 28 -0.488036
10 29 -0.463458
10 30 -0.437087
10 31 -0.409612
10 32 -0.381639
10 33 -0.353717
10 34 -0.326292
10 35 -0.299752
10 36 -0.274383
10 37 -0.250432
10 38 -0.228054
10 39 -0.207391
10 40 -0.188505
10 41 -0.171465
10 42 -0.156268
10 43 -0.142941
10 44 -0.131446
10 45 -0.121790
10 46 -0.113921
10 47 -0.107845
10 48 -0.103508
10 49 -0.100927
10 50 -0.100056
10 51 -0.100927
10 52 -0.103508
10 53 -0.107845
10 54 -0.113921
10 55 -0.121790
10 56 -0.131446
10 57 -0.142941
10 58 -0.156268
10 59 -0.171465
10 60 -0.188505
10 61 -0.207391
10 62 -0.228054
10 63 -0.250432
10 64 -0.274383
10 65 -0.299752
10 66 -0.326292
10 67 -0.353717
10 68 -0.381639
10 69 -0.409612
10 70 -0.437088
10 71 -0.463460
10 72 -0.488042
10 73 -0.510096
10 74 -0.528837
10 75 -0.543482
10 76 -0.553291
10 77 -0.557675
10 78 -0.556307
10 79 -0.549296
10 80 -0.537370
10 81 -0.522092
10 82 -0.506047
10 83 -0.492936
10 84 -0.487487
10 85 -0.495075
10 86 -0.520945
10 87 -0.569096
10 88 -0.640600
10 89 -0.732894
10 90 -0.836249
10 91 -0.941444
10 92 -1.018611
10 93 -1.080131
10 94 -1.033410
10 95 -1.030590
10 96 -0.748888
10 97 -0.734643
10 98 -0.264405
10 99 0.000000

11 0 0.000000
11 1 -0.216924
11 2 -0.697155
11 3 -0.702022
11 4 -0.980128
11 5 -0.981083
11 6 -1.021993
11 7 -0.954763
11 8 -0.868952
11 9 -0.754636
11 10 -0.642116
11 11 -0.542178
11 12 -0.465369
11 13 -0.414772
11 14 -0.389333
11 15 -0.384803
11 16 -0.395574
11 17 -0.415936
11 18 -0.440903
11 19 -0.466581
11 20 -0.490212
11 21 -0.510033
11 22 -0.525069
11 23 -0.534921
11 24 -0.539590
11 25 -0.539335
11 26 -0.534579
11 27 -0.525827
11 28 -0.513632
11 29 -0.498548
11 30 -0.481143
11 31 -0.461954
11 32 -0.441517
11 33 -0.420306
11 34 -0.398775
11 35 -0.377294
11 36 -0.356215
11 37 -0.335802
11 38 -0.316319
11 39 -0.297937
11 40 -0.280844
11 41 -0.265133
11 42 -0.250935
11 43 -0.238285
11 44 -0.227273
11 45 -0.217896
11 46 -0.210221
11 47 -0.204221
11 48 -0.199949
11 49 -0.197366
11 50 -0.196520
11 51 -0.197366
11 52 -0.199949
11 53 -0.204221
11 54 -0.210221
11 55 -0.217896
11 56 -0.227273
11 57 -0.238285
11 58 -0.250935
11 59 -0.265133
11 60 -0.280844
11 61 -0.297937
11 62 -0.316319
11 63 -0.335802
11 64 -0.356215
11 65 -0.377294
11 66 -0.398775
11 67 -0.420306
11 68 -0.441517
11 69 -0.461954
11 70 -0.481144
11 71 -0.498552
11 72 -0.513642
11 73 -0.525851
11 74 -0.534634
11 75 -0.539457
11 76 -0.539849
11 77 -0.535449
11 78 -0.526102
11 79 -0.511972
11 80 -0.493708
11 81 -0.472627
11 82 -0.450932
11 83 -0.431890
11 84 -0.419897
11 85 -0.420321
11 86 -0.438938
11 87 -0.481013
11 88 -0.549489
11 89 -0.644340
11 90 -0.757469
11 91 -0.882367
11 92 -0.985307
11 93 -1.083786
11 94 -1.066453
11 95 -1.102964
11 96 -0.838741
11 97 -0.822556
11 98 -0.399485
11 99 0.000000

12 0 0.000000
12 1 -0.354624
12 2 -0.796787
12 3 -0.805060
12 4 -1.069111
12 5 -1.031678
12 6 -1.042947
12 7 -0.938160
12 8 -0.825564
12 9 -0.690914
12 10 -0.568188
12 11 -0.465369
12 12 -0.390933
12 13 -0.345042
12 14 -0.324498
12 15 -0.323731
12 16 -0.336752
12 17 -0.358154
12 18 -0.383635
12 19 -0.410071
12 20 -0.435357
12 21 -0.458172
12 22 -0.477745
12 23 -0.493686
12 24 -0.505853
12 25 -0.514276
12 26 -0.519082
12 27 -0.520480
12 28 -0.518714
12 29 -0.514093
12 30 -0.506943
12 31 -0.497648
12 32 -0.486574
12 33 -0.474124
12 34 -0.460641
12 35 -0.446494
12 36 -0.431976
12 37 -0.417412
12 38 -0.403034
12 39 -0.389116
12 40 -0.375825
12 41 -0.363380
12 42 -0.351886
12 43 -0.341518
12 44 -0.332326
12 45 -0.324450
12 46 -0.317898
12 47 -0.312780
12 48 -0.309072
12 49 -0.306863
12 50 -0.306104
12 51 -0.306863
12 52 -0.309072
12 53 -0.312780
12 54 -0.317898
12 55 -0.324450
12 56 -0.332326
12 57 -0.341518
12 58 -0.351886
12 59 -0.363380
12 60 -0.375825
12 61 -0.389116
12 62 -0.403034
12 63 -0.417412
12 64 -0.431976
12 65 -0.446494
12 66 -0.460641
12 67 -0.474124
12 68 -0.486575
12 69 -0.497649
12 70 -0.506946
12 71 -0.514100
12 72 -0.518731
12 73 -0.520519
12 74 -0.519171
12 75 -0.514469
12 76 -0.506253
12 77 -0.494482
12 78 -0.479265
12 79 -0.460958
12 80 -0.440256
12 81 -0.418337
12 82 -0.397014
12 83 -0.378913
12 84 -0.367606
12 85 -0.367625
12 86 -0.384154
12 87 -0.422465
12 88 -0.486219
12 89 -0.577324
12 90 -0.689308
12 91 -0.819797
12 92 -0.932649
12 93 -1.053903
12 94 -1.055502
12 95 -1.125417
12 96 -0.884853
12 97 -0.868330
12 98 -0.515072
12 99 0.000000

13 0 0.000000
13 1 -0.475610
13 2 -0.857488
13 3 -0.867029
13 4 -1.110531
13 5 -1.039373
13 6 -1.030342
13 7 -0.901148
13 8 -0.776910
13 9 -0.635738
13 10 -0.513782
13 11 -0.414772
13 12 -0.345042
13 13 -0.302405
13 14 -0.282634
13 15 -0.280050
13 16 -0.289320
13 17 -0.306041
13 18 -0.326937
13 19 -0.349709
13 20 -0.372795
13 21 -0.395136
13 22 -0.416023
13 23 -0.434976
13 24 -0.451687
13 25 -0.465951
13 26 -0.477656
13 27 -0.486735
13 28 -0.493206
13 29 -0.497130
13 30 -0.498664
13 31 -0.497986
13 32 -0.495354
13 33 -0.490999
13 34 -0.485215
13 35 -0.478240
13 36 -0.470386
13 37 -0.461877
13 38 -0.453018
13 39 -0.443999
13 40 -0.435095
13 41 -0.426446
13 42 -0.418292
13 43 -0.410722
13 44 -0.403940
13 45 -0.397984
13 46 -0.393026
13 47 -0.389059
13 48 -0.386222
13 49 -0.384470
13 50 -0.383912
13 51 -0.384470
13 52 -0.386222
13 53 -0.389059
13 54 -0.393026
13 55 -0.397984
13 56 -0.403940
13 57 -0.410722
13 58 -0.418292
13 59 -0.426446
13 60 -0.435095
13 61 -0.443999
13 62 -0.453018
13 63 -0.461877
13 64 -0.470386
13 65 -0.478240
13 66 -0.485215
13 67 -0.490999
13 68 -0.495355
13 69 -0.497988
13 70 -0.498668
13 71 -0.497142
13 72 -0.493234
13 73 -0.486799
13 74 -0.477797
13 75 -0.466248
13 76 -0.452288
13 77 -0.436144
13 78 -0.418202
13 79 -0.399035
13 80 -0.379492
13 81 -0.360744
13 82 -0.344370
13 83 -0.332433
13 84 -0.327571
13 85 -0.333068
13 86 -0.352742
13 87 -0.390789
13 88 -0.450326
13 89 -0.534222
13 90 -0.636972
13 91 -0.761086
13 92 -0.868892
13 93 -0.997986
13 94 -1.006262
13 95 -1.100377
13 96 -0.886839
13 97 -0.869912
13 98 -0.604016
13 99 0.000000

14 0 0.000000
14 1 -0.573164
14 2 -0.876753
14 3 -0.886992
14 4 -1.106022
14 5 -1.008969
14 6 -0.990830
14 7 -0.851203
14 8 -0.729662
14 9 -0.593694
14 10 -0.480674
14 11 -0.389333
14 12 -0.324498
14 13 -0.282634
14 14 -0.259755
14 15 -0.251134
14 16 -0.252793
14 17 -0.261625
14 18 -0.275346
14 19 -0.292273
14 20 -0.311133
14 21 -0.330946
14 22 -0.350949
14 23 -0.370566
14 24 -0.389345
14 25 -0.406936
14 26 -0.423035
14 27 -0.437417
14 28 -0.449895
14 29 -0.460392
14 30 -0.468868
14 31 -0.475391
14 32 -0.480024
14 33 -0.482922
14 34 -0.484199
14 35 -0.484079
14 36 -0.482711
14 37 -0.480364
14 38 -0.477191
14 39 -0.473469
14 40 -0.469326
14 41 -0.465031
14 42 -0.460673
14 43 -0.456500
14 44 -0.452558
14 45 -0.449067
14 46 -0.446024
14 47 -0.443621
14 48 -0.441811
14 49 -0.440752
14 50 -0.440358
14 51 -0.440752
14 52 -0.441811
14 53 -0.443621
14 54 -0.446024
14 55 -0.449067
14 56 -0.452558
14 57 -0.456500
14 58 -0.460673
14 59 -0.465031
14 60 -0.469326
14 61 -0.473469
14 62 -0.477191
14 63 -0.480364
14 64 -0.482711
14 65 -0.484079
14 66 -0.484199
14 67 -0.482922
14 68 -0.480025
14 69 -0.475395
14 70 -0.468876
14 71 -0.460411
14 72 -0.449940
14 73 -0.437518
14 74 -0.423252
14 75 -0.407382
14 76 -0.390226
14 77 -0.372239
14 78 -0.353997
14 79 -0.336276
14 80 -0.320077
14 81 -0.306669
14 82 -0.297556
14 83 -0.294446
14 84 -0.299188
14 85 -0.313787
14 86 -0.340335
14 87 -0.381238
14 88 -0.437989
14 89 -0.513353
14 90 -0.601722
14 91 -0.710598
14 92 -0.800980
14 93 -0.924244
14 94 -0.927080
14 95 -1.034412
14 96 -0.848773
14 97 -0.829776
14 98 -0.662297
14 99 0.000000

15 0 0.000000
15 1 -0.643149
15 2 -0.855998
15 3 -0.867918
15 4 -1.060922
15 5 -0.947725
15 6 -0.931850
15 7 -0.794815
15 8 -0.687997
15 9 -0.565955
15 10 -0.467013
15 11 -0.384803
15 12 -0.323731
15 13 -0.280050
15 14 -0.251134
15 15 -0.233918
15 16 -0.226077
15 17 -0.225725
15 18 -0.231310
15 19 -0.241458
15 20 -0.254958
15 21 -0.270774
15 22 -0.288080
15 23 -0.306221
15 24 -0.324688
15 25 -0.343025
15 26 -0.360847
15 27 -0.377788
15 28 -0.393585
15 29 -0.408009
15 30 -0.420956
15 31 -0.432317
15 32 -0.442103
15 33 -0.450277
15 34 -0.456942
15 35 -0.462130
15 36 -0.466031
15 37 -0.468714
15 38 -0.470420
15 39 -0.471217
15 40 -0.471366
15 41 -0.470918
15 42 -0.470139
15 43 -0.469046
15 44 -0.467895
15 45 -0.466664
15 46 -0.465589
15 47 -0.464604
15 48 -0.463921
15 49 -0.463432
15 50 -0.463317
15 51 -0.463432
15 52 -0.463921
15 53 -0.464604
15 54 -0.465589
15 55 -0.466664
15 56 -0.467895
15 57 -0.469046
15 58 -0.470139
15 59 -0.470918
15 60 -0.471366
15 61 -0.471217
15 62 -0.470420
15 63 -0.468714
15 64 -0.466031
15 65 -0.462130
15 66 -0.456942
15 67 -0.450277
15 68 -0.442105
15 69 -0.432323
15 70 -0.420969
15 71 -0.408040
15 72 -0.393656
15 73 -0.377943
15 74 -0.361171
15 75 -0.343677
15 76 -0.325948
15 77 -0.308559
15 78 -0.292245
15 79 -0.277895
15 80 -0.266641
15 81 -0.259836
15 82 -0.259012
15 83 -0.265693
15 84 -0.281186
15 85 -0.306419
15 86 -0.341779
15 87 -0.387606
15 88 -0.443069
15 89 -0.509972
15 90 -0.581416
15 91 -0.669580
15 92 -0.733717
15 93 -0.840224
15 94 -0.827304
15 95 -0.936676
15 96 -0.777947
15 97 -0.754033
15 98 -0.689028
15 99 0.000000

16 0 0.000000
16 1 -0.684073
16 2 -0.799872
16 3 -0.815696
16 4 -0.983003
16 5 -0.863999
16 6 -0.860509
16 7 -0.736868
16 8 -0.653658
16 9 -0.551094
16 10 -0.468768
16 11 -0.395574
16 12 -0.336752
16 13 -0.289320
16 14 -0.252793
16 15 -0.226077
16 16 -0.208444
16 17 -0.198965
16 18 -0.196502
16 19 -0.199761
16 20 -0.207460
16 21 -0.218499
16 22 -0.231997
16 23 -0.247285
16 24 -0.263795
16 25 -0.281037
16 26 -0.298526
16 27 -0.315869
16 28 -0.332699
16 29 -0.348785
16 30 -0.363892
16 31 -0.377914
16 32 -0.390688
16 33 -0.402203
16 34 -0.412364
16 35 -0.421267
16 36 -0.428879
16 37 -0.435373
16 38 -0.440734
16 39 -0.445183
16 40 -0.448699
16 41 -0.451536
16 42 -0.453656
16 43 -0.455325
16 44 -0.456475
16 45 -0.457371
16 46 -0.457908
16 47 -0.458341
16 48 -0.458529
16 49 -0.458706
16 50 -0.458695
16 51 -0.458706
16 52 -0.458529
16 53 -0.458341
16 54 -0.457908
16 55 -0.457371
16 56 -0.456475
16 57 -0.455325
16 58 -0.453656
16 59 -0.451536
16 60 -0.448699
16 61 -0.445183
16 62 -0.440734
16 63 -0.435374
16 64 -0.428879
16 65 -0.421267
16 66 -0.412364
16 67 -0.402204
16 68 -0.390692
16 69 -0.377923
16 70 -0.363913
16 71 -0.348833
16 72 -0.332807
16 73 -0.316100
16 74 -0.298999
16 75 -0.281968
16 76 -0.265554
16 77 -0.250479
16 78 -0.237563
16 79 -0.227811
16 80 -0.222403
16 81 -0.222746
16 82 -0.230362
16 83 -0.246674
16 84 -0.272613
16 85 -0.308301
16 86 -0.352656
16 87 -0.404064
16 88 -0.459103
16 89 -0.518150
16 90 -0.571986
16 91 -0.636967
16 92 -0.669783
16 93 -0.752092
16 94 -0.715989
16 95 -0.817369
16 96 -0.683443
16 97 -0.651197
16 98 -0.686065
16 99 0.000000

17 0 0.000000
17 1 -0.696822
17 2 -0.715284
17 3 -0.737979
17 4 -0.881175
17 5 -0.766091
17 6 -0.782837
17 7 -0.680459
17 8 -0.626406
17 9 -0.546038
17 10 -0.480970
17 11 -0.415936
17 12 -0.358154
17 13 -0.306041
17 14 -0.261625
17 15 -0.225725
17 16 -0.198965
17 17 -0.181067
17 18 -0.171094
17 19 -0.167726
17 20 -0.169626
17 21 -0.175643
17 22 -0.184892
17 23 -0.196645
17 24 -0.210294
17 25 -0.225240
17 26 -0.240980
17 27 -0.257037
17 28 -0.273099
17 29 -0.288855
17 30 -0.304143
17 31 -0.318721
17 32 -0.332507
17 33 -0.345307
17 34 -0.357143
17 35 -0.367879
17 36 -0.377630
17 37 -0.386284
17 38 -0.394016
17 39 -0.400717
17 40 -0.406613
17 41 -0.411585
17 42 -0.415899
17 43 -0.419414
17 44 -0.422415
17 45 -0.424731
17 46 -0.426658
17 47 -0.427994
17 48 -0.429032
17 49 -0.429538
17 50 -0.429794
17 51 -0.429538
17 52 -0.429032
17 53 -0.427994
17 54 -0.426658
17 55 -0.424731
17 56 -0.422415
17 57 -0.419414
17 58 -0.415899
17 59 -0.411585
17 60 -0.406613
17 61 -0.400717
17 62 -0.394016
17 63 -0.386284
17 64 -0.377630
17 65 -0.367879
17 66 -0.357144
17 67 -0.345310
17 68 -0.332513
17 69 -0.318735
17 70 -0.304175
17 71 -0.288929
17 72 -0.273260
17 73 -0.257373
17 74 -0.241653
17 75 -0.226538
17 76 -0.212696
17 77 -0.200914
17 78 -0.192177
17 79 -0.187572
17 80 -0.188360
17 81 -0.195917
17 82 -0.211696
17 83 -0.236945
17 84 -0.272278
17 85 -0.317186
17 86 -0.369429
17 87 -0.425775
17 88 -0.480337
17 89 -0.532047
17 90 -0.568674
17 91 -0.610308
17 92 -0.610099
17 93 -0.664336
17 94 -0.600994
17 95 -0.686434
17 96 -0.574779
17 97 -0.530857
17 98 -0.657347
17 99 0.000000

18 0 0.000000
18 1 -0.684180
18 2 -0.610346
18 3 -0.643064
18 4 -0.764376
18 5 -0.661430
18 6 -0.703459
18 7 -0.627099
18 8 -0.604681
18 9 -0.547020
18 10 -0.498713
18 11 -0.440903
18 12 -0.383635
18 13 -0.326937
18 14 -0.275346
18 15 -0.231310
18 16 -0.196502
18 17 -0.171094
18 18 -0.154280
18 19 -0.144769
18 20 -0.141217
18 21 -0.142486
18 22 -0.147616
18 23 -0.155803
18 24 -0.166274
18 25 -0.178370
18 26 -0.191483
18 27 -0.205216
18 28 -0.219212
18 29 -0.233299
18 30 -0.247217
18 31 -0.260867
18 32 -0.274002
18 33 -0.286599
18 34 -0.298450
18 35 -0.309629
18 36 -0.319944
18 37 -0.329533
18 38 -0.338195
18 39 -0.346131
18 40 -0.353131
18 41 -0.359453
18 42 -0.364870
18 43 -0.369680
18 44 -0.373631
18 45 -0.377051
18 46 -0.379660
18 47 -0.381804
18 48 -0.383177
18 49 -0.384129
18 50 -0.384332
18 51 -0.384129
18 52 -0.383177
18 53 -0.381804
18 54 -0.379660
18 55 -0.377051
18 56 -0.373631
18 57 -0.369680
18 58 -0.364870
18 59 -0.359453
18 60 -0.353131
18 61 -0.346131
18 62 -0.338195
18 63 -0.329533
18 64 -0.319944
18 65 -0.309629
18 66 -0.298451
18 67 -0.286602
18 68 -0.274011
18 69 -0.260889
18 70 -0.247267
18 71 -0.233409
18 72 -0.219446
18 73 -0.205693
18 74 -0.192421
18 75 -0.180140
18 76 -0.169484
18 77 -0.161393
18 78 -0.156961
18 79 -0.157476
18 80 -0.164267
18 81 -0.178715
18 82 -0.202091
18 83 -0.235374
18 84 -0.278755
18 85 -0.331166
18 86 -0.389427
18 87 -0.449125
18 88 -0.502279
18 89 -0.546748
18 90 -0.567010
18 91 -0.586654
18 92 -0.554386
18 93 -0.579851
18 94 -0.488513
18 95 -0.552630
18 96 -0.460816
18 97 -0.402503
18 98 -0.608130
18 99 0.000000

19 0 0.000000
19 1 -0.650245
19 2 -0.493398
19 3 -0.538967
19 4 -0.640750
19 5 -0.556100
19 6 -0.625568
19 7 -0.577097
19 8 -0.586279
19 9 -0.550329
19 10 -0.517781
19 11 -0.466581
19 12 -0.410071
19 13 -0.349709
19 14 -0.292273
19 15 -0.241458
19 16 -0.199761
19 17 -0.167726
19 18 -0.144769
19 19 -0.129721
19 20 -0.121337
19 21 -0.118429
19 22 -0.119938
19 23 -0.124827
19 24 -0.132186
19 25 -0.141193
19 26 -0.151302
19 27 -0.162082
19 28 -0.173359
19 29 -0.184893
19 30 -0.196612
19 31 -0.208258
19 32 -0.219803
19 33 -0.230994
19 34 -0.241892
19 35 -0.252249
19 36 -0.262190
19 37 -0.271439
19 38 -0.280183
19 39 -0.288123
19 40 -0.295519
19 41 -0.302051
19 42 -0.308038
19 43 -0.313131
19 44 -0.317698
19 45 -0.321361
19 46 -0.324529
19 47 -0.326795
19 48 -0.328592
19 49 -0.329493
19 50 -0.329939
19 51 -0.329493
19 52 -0.328592
19 53 -0.326795
19 54 -0.324529
19 55 -0.321361
19 56 -0.317698
19 57 -0.313131
19 58 -0.308038
19 59 -0.302051
19 60 -0.295519
19 61 -0.288123
19 62 -0.280183
19 63 -0.271439
19 64 -0.262191
19 65 -0.252249
19 66 -0.241894
19 67 -0.230999
19 68 -0.219817
19 69 -0.208291
19 70 -0.196685
19 71 -0.185052
19 72 -0.173690
19 73 -0.162746
19 74 -0.152580
19 75 -0.143558
19 76 -0.136391
19 77 -0.132005
19 78 -0.131702
19 79 -0.136923
19 80 -0.149196
19 81 -0.169891
19 82 -0.200110
19 83 -0.240417
19 84 -0.290460
19 85 -0.348532
19 86 -0.410646
19 87 -0.471590
19 88 -0.521771
19 89 -0.558617
19 90 -0.563402
19 91 -0.563240
19 92 -0.501746
19 93 -0.500224
19 94 -0.382954
19 95 -0.423000
19 96 -0.349028
19 97 -0.274618
19 98 -0.544243
19 99 0.000000

20 0 0.000000
20 1 -0.599832
20 2 -0.372221
20 3 -0.432757
20 4 -0.517130
20 5 -0.454670
20 6 -0.551109
20 7 -0.530017
20 8 -0.568909
20 9 -0.552804
20 10 -0.534939
20 11 -0.490212
20 12 -0.435357
20 13 -0.372795
20 14 -0.311133
20 15 -0.254958
20 16 -0.207460
20 17 -0.169626
20 18 -0.141217
20 19 -0.121337
20 20 -0.108814
20 21 -0.102412
20 22 -0.100812
20 23 -0.102775
20 24 -0.107146
20 25 -0.113118
20 26 -0.120094
20 27 -0.127846
20 28 -0.136145
20 29 -0.144960
20 30 -0.154050
20 31 -0.163399
20 32 -0.172733
20 33 -0.182119
20 34 -0.191278
20 35 -0.200348
20 36 -0.209000
20 37 -0.217427
20 38 -0.225258
20 39 -0.232764
20 40 -0.239544
20 41 -0.245944
20 42 -0.251522
20 43 -0.256691
20 44 -0.260973
20 45 -0.264837
20 46 -0.267773
20 47 -0.270296
20 48 -0.271868
20 49 -0.273031
20 50 -0.273235
20 51 -0.273031
20 52 -0.271868
20 53 -0.270296
20 54 -0.267773
20 55 -0.264837
20 56 -0.260973
20 57 -0.256691
20 58 -0.251522
20 59 -0.245944
20 60 -0.239544
20 61 -0.232764
20 62 -0.225258
20 63 -0.217427
20 64 -0.209001
20 65 -0.200349
20 66 -0.191282
20 67 -0.182127
20 68 -0.172754
20 69 -0.163447
20 70 -0.154156
20 71 -0.145185
20 72 -0.136605
20 73 -0.128750
20 74 -0.121800
20 75 -0.116216
20 76 -0.112551
20 77 -0.111826
20 78 -0.115362
20 79 -0.124839
20 80 -0.141926
20 81 -0.168096
20 82 -0.204246
20 83 -0.250507
20 84 -0.305828
20 85 -0.367783
20 86 -0.431573
20 87 -0.491508
20 88 -0.536835
20 89 -0.565315
20 90 -0.555372
20 91 -0.537908
20 92 -0.451128
20 93 -0.426102
20 94 -0.287080
20 95 -0.302677
20 96 -0.245113
20 97 -0.154090
20 98 -0.471450
20 99 0.000000

21 0 0.000000
21 1 -0.537930
21 2 -0.253477
21 3 -0.330154
21 4 -0.398802
21 5 -0.360252
21 6 -0.481072
21 7 -0.485079
21 8 -0.550596
21 9 -0.552086
21 10 -0.547981
21 11 -0.510033
21 12 -0.458172
21 13 -0.395136
21 14 -0.330946
21 15 -0.270774
21 16 -0.218499
21 17 -0.175643
21 18 -0.142486
21 19 -0.118429
21 20 -0.102412
21 21 -0.093014
21 22 -0.088705
21 23 -0.087945
21 24 -0.089540
21 25 -0.092595
21 26 -0.096715
21 27 -0.101611
21 28 -0.107266
21 29 -0.113449
21 30 -0.120157
21 31 -0.127094
21 32 -0.134336
21 33 -0.141586
21 34 -0.149014
21 35 -0.156262
21 36 -0.163553
21 37 -0.170457
21 38 -0.177279
21 39 -0.183541
21 40 -0.189641
21 41 -0.195042
21 42 -0.200225
21 43 -0.204598
21 44 -0.208717
21 45 -0.211949
21 46 -0.214909
21 47 -0.216930
21 48 -0.218671
21 49 -0.219442
21 50 -0.219932
21 51 -0.219442
21 52 -0.218671
21 53 -0.216930
21 54 -0.214909
21 55 -0.211949
21 56 -0.208717
21 57 -0.204598
21 58 -0.200225
21 59 -0.195042
21 60 -0.189641
21 61 -0.183541
21 62 -0.177279
21 63 -0.170457
21 64 -0.163554
21 65 -0.156264
21 66 -0.149019
21 67 -0.141599
21 68 -0.134367
21 69 -0.127163
21 70 -0.120307
21 71 -0.113760
21 72 -0.107890
21 73 -0.102816
21 74 -0.098951
21 75 -0.096579
21 76 -0.096363
21 77 -0.099163
21 78 -0.106401
21 79 -0.119773
21 80 -0.141149
21 81 -0.172024
21 82 -0.213180
21 83 -0.264264
21 84 -0.323504
21 85 -0.387648
21 86 -0.451084
21 87 -0.507845
21 88 -0.546410
21 89 -0.565621
21 90 -0.541548
21 91 -0.509283
21 92 -0.401651
21 93 -0.357554
21 94 -0.202283
21 95 -0.194959
21 96 -0.152909
21 97 -0.045944
21 98 -0.394971
21 99 0.000000

22 0 0.000000
22 1 -0.469282
22 2 -0.142403
22 3 -0.235371
22 4 -0.289491
22 5 -0.274690
22 6 -0.415791
22 7 -0.441482
22 8 -0.529893
22 9 -0.546675
22 10 -0.555624
22 11 -0.525069
22 12 -0.477745
22 13 -0.416023
22 14 -0.350949
22 15 -0.288080
22 16 -0.231997
22 17 -0.184892
22 18 -0.147616
22 19 -0.119938
22 20 -0.100812
22 21 -0.088705
22 22 -0.081801
22 23 -0.078488
22 24 -0.077454
22 25 -0.077991
22 26 -0.079629
22 27 -0.082285
22 28 -0.085696
22 29 -0.089842
22 30 -0.094386
22 31 -0.099390
22 32 -0.104535
22 33 -0.110026
22 34 -0.115499
22 35 -0.121218
22 36 -0.126717
22 37 -0.132344
22 38 -0.137564
22 39 -0.142831
22 40 -0.147537
22 41 -0.152230
22 42 -0.156226
22 43 -0.160164
22 44 -0.163295
22 45 -0.166343
22 46 -0.168506
22 47 -0.170570
22 48 -0.171695
22 49 -0.172714
22 50 -0.172768
22 51 -0.172714
22 52 -0.171695
22 53 -0.170570
22 54 -0.168506
22 55 -0.166343
22 56 -0.163295
22 57 -0.160164
22 58 -0.156226
22 59 -0.152230
22 60 -0.147537
22 61 -0.142831
22 62 -0.137564
22 63 -0.132345
22 64 -0.126719
22 65 -0.121221
22 66 -0.115507
22 67 -0.110045
22 68 -0.104579
22 69 -0.099486
22 70 -0.094592
22 71 -0.090265
22 72 -0.086528
22 73 -0.083862
22 74 -0.082504
22 75 -0.083025
22 76 -0.085923
22 77 -0.092164
22 78 -0.102986
22 79 -0.120149
22 80 -0.145463
22 81 -0.180478
22 82 -0.225769
22 83 -0.280585
22 84 -0.342392
22 85 -0.407140
22 86 -0.468371
22 87 -0.520032
22 88 -0.550106
22 89 -0.559186
22 90 -0.521499
22 91 -0.476776
22 92 -0.352770
22 93 -0.294359
22 94 -0.128923
22 95 -0.101552
22 96 -0.074534
22 97 0.046674
22 98 -0.319174
22 99 0.000000

23 0 0.000000
23 1 -0.398068
23 2 -0.042705
23 3 -0.151151
23 4 -0.191501
23 5 -0.198824
23 6 -0.355225
23 7 -0.398603
23 8 -0.505961
23 9 -0.535855
23 10 -0.557335
23 11 -0.534921
23 12 -0.493686
23 13 -0.434976
23 14 -0.370566
23 15 -0.306221
23 16 -0.247285
23 17 -0.196645
23 18 -0.155803
23 19 -0.124827
23 20 -0.102775
23 21 -0.087945
23 22 -0.078488
23 23 -0.072670
23 24 -0.069360
23 25 -0.067766
23 26 -0.067616
23 27 -0.068536
23 28 -0.070434
23 29 -0.072887
23 30 -0.075907
23 31 -0.079120
23 32 -0.082755
23 33 -0.086439
23 34 -0.090500
23 35 -0.094441
23 36 -0.098671
23 37 -0.102594
23 38 -0.106744
23 39 -0.110436
23 40 -0.114318
23 41 -0.117596
23 42 -0.121028
23 43 -0.123728
23 44 -0.126560
23 45 -0.128562
23 46 -0.130681
23 47 -0.131896
23 48 -0.133220
23 49 -0.133596
23 50 -0.134078
23 51 -0.133596
23 52 -0.133220
23 53 -0.131896
23 54 -0.130681
23 55 -0.128562
23 56 -0.126560
23 57 -0.123728
23 58 -0.121028
23 59 -0.117596
23 60 -0.114318
23 61 -0.110437
23 62 -0.106745
23 63 -0.102594
23 64 -0.098673
23 65 -0.094446
23 66 -0.090511
23 67 -0.086466
23 68 -0.082816
23 69 -0.079254
23 70 -0.076186
23 71 -0.073450
23 72 -0.071523
23 73 -0.070564
23 74 -0.071250
23 75 -0.074022
23 76 -0.079705
23 77 -0.089089
23 78 -0.103477
23 79 -0.124367
23 80 -0.153527
23 81 -0.192283
23 82 -0.241034
23 83 -0.298555
23 84 -0.361658
23 85 -0.425515
23 86 -0.482907
23 87 -0.527830
23 88 -0.547997
23 89 -0.546270
23 90 -0.495510
23 91 -0.440456
23 92 -0.304319
23 93 -0.236211
23 94 -0.066651
23 95 -0.022897
23 96 -0.010663
23 97 0.122307
23 98 -0.247430
23 99 0.000000

24 0 0.000000
24 1 -0.327736
24 2 0.043371
24 3 -0.078937
24 4 -0.105955
24 5 -0.132764
24 6 -0.299154
24 7 -0.356083
24 8 -0.478517
24 9 -0.519547
24 10 -0.553128
24 11 -0.539590
24 12 -0.505853
24 13 -0.451687
24 14 -0.389345
24 15 -0.324688
24 16 -0.263795
24 17 -0.210294
24 18 -0.166274
24 19 -0.132186
24 20 -0.107146
24 21 -0.089540
24 22 -0.077454
24 23 -0.069360
24 24 -0.064058
24 25 -0.060959
24 26 -0.059476
24 27 -0.059363
24 28 -0.060057
24 29 -0.061452
24 30 -0.063081
24 31 -0.065147
24 32 -0.067270
24 33 -0.069825
24 34 -0.072311
24 35 -0.075184
24 36 -0.077810
24 37 -0.080787
24 38 -0.083374
24 39 -0.086309
24 40 -0.088717
24 41 -0.091458
24 42 -0.093536
24 43 -0.095939
24 44 -0.097567
24 45 -0.099518
24 46 -0.100603
24 47 -0.102009
24 48 -0.102487
24 49 -0.103286
24 50 -0.103126
24 51 -0.103286
24 52 -0.102487
24 53 -0.102009
24 54 -0.100603
24 55 -0.099518
24 56 -0.097567
24 57 -0.095939
24 58 -0.093536
24 59 -0.091458
24 60 -0.088717
24 61 -0.086310
24 62 -0.083375
24 63 -0.080788
24 64 -0.077813
24 65 -0.075191
24 66 -0.072328
24 67 -0.069863
24 68 -0.067354
24 69 -0.065327
24 70 -0.063452
24 71 -0.062187
24 72 -0.061456
24 73 -0.061927
24 74 -0.063995
24 75 -0.068613
24 76 -0.076507
24 77 -0.088789
24 78 -0.106522
24 79 -0.131165
24 80 -0.164084
24 81 -0.206390
24 82 -0.258041
24 83 -0.317407
24 84 -0.380621
24 85 -0.442249
24 86 -0.494371
24 87 -0.531249
24 88 -0.540453
24 89 -0.527537
24 90 -0.464342
24 91 -0.400883
24 92 -0.256452
24 93 -0.182824
24 94 -0.014682
24 95 0.041487
24 96 0.039121
24 97 0.180893
24 98 -0.182098
24 99 0.000000

25 0 0.000000
25 1 -0.260926
25 2 0.114848
25 3 -0.019118
25 4 -0.033052
25 5 -0.076124
25 6 -0.247314
25 7 -0.313840
25 8 -0.447741
25 9 -0.498142
25 10 -0.543407
25 11 -0.539335
25 12 -0.514276
25 13 -0.465951
25 14 -0.406936
25 15 -0.343025
25 16 -0.281037
25 17 -0.225240
25 18 -0.178370
25 19 -0.141193
25 20 -0.113118
25 21 -0.092595
25 22 -0.077991
25 23 -0.067766
25 24 -0.060959
25 25 -0.056677
25 26 -0.054439
25 27 -0.053472
25 28 -0.053488
25 29 -0.053850
25 30 -0.054684
25 31 -0.055554
25 32 -0.056880
25 33 -0.058144
25 34 -0.059864
25 35 -0.061353
25 36 -0.063281
25 37 -0.064837
25 38 -0.066867
25 39 -0.068398
25 40 -0.070423
25 41 -0.071810
25 42 -0.073706
25 43 -0.074839
25 44 -0.076500
25 45 -0.077296
25 46 -0.078633
25 47 -0.079025
25 48 -0.079967
25 49 -0.079916
25 50 -0.080421
25 51 -0.079916
25 52 -0.079967
25 53 -0.079025
25 54 -0.078633
25 55 -0.077296
25 56 -0.076500
25 57 -0.074839
25 58 -0.073706
25 59 -0.071810
25 60 -0.070424
25 61 -0.068398
25 62 -0.066867
25 63 -0.064839
25 64 -0.063285
25 65 -0.061362
25 66 -0.059887
25 67 -0.058196
25 68 -0.056993
25 69 -0.055793
25 70 -0.055168
25 71 -0.054793
25 72 -0.055256
25 73 -0.056662
25 74 -0.059974
25 75 -0.065903
25 76 -0.075728
25 77 -0.090447
25 78 -0.111364
25 79 -0.139568
25 80 -0.176217
25 81 -0.221843
25 82 -0.275990
25 83 -0.336427
25 84 -0.398738
25 85 -0.456942
25 86 -0.502622
25 87 -0.530459
25 88 -0.528043
25 89 -0.503868
25 90 -0.429038
25 91 -0.358917
25 92 -0.209562
25 93 -0.133979
25 94 0.027993
25 95 0.092688
25 96 0.075984
25 97 0.223403
25 98 -0.124611
25 99 0.000000

26 0 0.000000
26 1 -0.199499
26 2 0.171773
26 3 0.028712
26 4 0.027669
26 5 -0.028222
26 6 -0.199465
26 7 -0.272021
26 8 -0.414138
26 9 -0.472340
26 10 -0.528805
26 11 -0.534579
26 12 -0.519082
