0 0 0.000000
0 1 0.000000
0 2 0.000000
0 3 0.000000
0 4 0.000000
0 5 0.000000
0 6 0.000000
0 7 0.000000
0 8 0.000000
0 9 0.000000
0 10 0.000000
0 11 0.000000
0 12 0.000000
0 13 0.000000
0 14 0.000000
0 15 0.000000
0 16 0.000000
0 17 0.000000
0 18 0.000000
0 19 0.000000
0 20 0.000000
0 21 0.000000
0 22 0.000000
0 23 0.000000
0 24 0.000000
0 25 0.000000
0 26 0.000000
0 27 0.000000
0 28 0.000000
0 29 0.000000
0 30 0.000000
0 31 0.000000
0 32 0.000000
0 33 0.000000
0 34 0.000000
0 35 0.000000
0 36 0.000000
0 37 0.000000
0 38 0.000000
0 39 0.000000
0 40 0.000000
0 41 0.000000
0 42 0.000000
0 43 0.000000
0 44 0.000000
0 45 0.000000
0 46 0.000000
0 47 0.000000
0 48 0.000000
0 49 0.000000
0 50 0.000000
0 51 0.000000
0 52 0.000000
0 53 0.000000
0 54 0.000000
0 55 0.000000
0 56 0.000000
0 57 0.000000
0 58 0.000000
0 59 0.000000
0 60 0.000000
0 61 0.000000
0 62 0.000000
0 63 0.000000
0 64 0.000000
0 65 0.000000
0 66 0.000000
0 67 0.000000
0 68 0.000000
0 69 0.000000
0 70 0.000000
0 71 0.000000
0 72 0.000000
0 73 0.000000
0 74 0.000000
0 75 0.000000
0 76 0.000000
0 77 0.000000
0 78 0.000000
0 79 0.000000
0 80 0.000000
0 81 0.000000
0 82 0.000000
0 83 0.000000
0 84 0.000000
0 85 0.000000
0 86 0.000000
0 87 0.000000
0 88 0.000000
0 89 0.000000
0 90 0.000000
0 91 0.000000
0 92 0.000000
0 93 0.000000
0 94 0.000000
0 95 0.000000
0 96 0.000000
0 97 0.000000
0 98 0.000000
0 99 0.000000

1 0 0.000000
1 1 0.066229
1 2 0.056021
1 3 0.081259
1 4 0.084899
1 5 0.092638
1 6 0.091237
1 7 0.087082
1 8 0.075622
1 9 0.060688
1 10 0.039875
1 11 0.016686
1 12 -0.009620
1 13 -0.036198
1 14 -0.062399
1 15 -0.086430
1 16 -0.107009
1 17 -0.123435
1 18 -0.134603
1 19 -0.140626
1 20 -0.141035
1 21 -0.136393
1 22 -0.126973
1 23 -0.113570
1 24 -0.097141
1 25 -0.078671
1 26 -0.059636
1 27 -0.041130
1 28 -0.024779
1 29 -0.011470
1 30 -0.002414
1 31 0.002180
1 32 0.002019
1 33 -0.002144
1 34 -0.009592
1 35 -0.018810
1 36 -0.028507
1 37 -0.037037
1 38 -0.043266
1 39 -0.046108
1 40 -0.045172
1 41 -0.040302
1 42 -0.031997
1 43 -0.020934
1 44 -0.008221
1 45 0.005054
1 46 0.017644
1 47 0.028534
1 48 0.036759
1 49 0.041724
1 50 0.042994
1 51 0.040552
1 52 0.034575
1 53 0.025630
1 54 0.014445
1 55 0.002036
1 56 -0.010520
1 57 -0.022054
1 58 -0.031515
1 59 -0.038024
1 60 -0.041022
1 61 -0.040379
1 62 -0.036383
1 63 -0.029867
1 64 -0.021942
1 65 -0.014154
1 66 -0.007926
1 67 -0.004825
1 68 -0.005793
1 69 -0.011646
1 70 -0.022210
1 71 -0.037168
1 72 -0.055180
1 73 -0.075022
1 74 -0.094758
1 75 -0.112907
1 76 -0.127756
1 77 -0.138167
1 78 -0.143269
1 79 -0.142498
1 80 -0.136012
1 81 -0.123743
1 82 -0.106714
1 83 -0.085272
1 84 -0.060912
1 85 -0.034526
1 86 -0.007479
1 87 0.018544
1 88 0.043060
1 89 0.063506
1 90 0.080894
1 91 0.092049
1 92 0.099589
1 93 0.100101
1 94 0.097920
1 95 0.087874
1 96 0.080889
1 97 0.056241
1 98 0.061765
1 99 0.000000

2 0 0.000000
2 1 0.056021
2 2 0.037008
2 3 0.054633
2 4 0.048313
2 5 0.045697
2 6 0.034349
2 7 0.019147
2 8 -0.001390
2 9 -0.025248
2 10 -0.052138
2 11 -0.079344
2 12 -0.106179
2 13 -0.129650
2 14 -0.148980
2 15 -0.162015
2 16 -0.168348
2 17 -0.167400
2 18 -0.159504
2 19 -0.145572
2 20 -0.126577
2 21 -0.104183
2 22 -0.079552
2 23 -0.054302
2 24 -0.029410
2 25 -0.006088
2 26 0.014917
2 27 0.032732
2 28 0.046744
2 29 0.056329
2 30 0.061096
2 31 0.060843
2 32 0.055728
2 33 0.046266
2 34 0.033403
2 35 0.018398
2 36 0.002792
2 37 -0.011856
2 38 -0.024023
2 39 -0.032555
2 40 -0.036620
2 41 -0.036002
2 42 -0.030878
2 43 -0.022035
2 44 -0.010489
2 45 0.002349
2 46 0.015141
2 47 0.026430
2 48 0.035121
2 49 0.040225
2 50 0.041308
2 51 0.038154
2 52 0.031165
2 53 0.020946
2 54 0.008660
2 55 -0.004473
2 56 -0.016876
2 57 -0.027177
2 58 -0.033947
2 59 -0.036292
2 60 -0.033555
2 61 -0.025865
2 62 -0.013721
2 63 0.001583
2 64 0.018533
2 65 0.035105
2 66 0.049463
2 67 0.059715
2 68 0.064591
2 69 0.063131
2 70 0.055203
2 71 0.041064
2 72 0.021650
2 73 -0.001872
2 74 -0.028032
2 75 -0.055305
2 76 -0.082247
2 77 -0.107349
2 78 -0.129469
2 79 -0.147251
2 80 -0.159908
2 81 -0.166416
2 82 -0.166410
2 83 -0.159637
2 84 -0.146266
2 85 -0.127303
2 86 -0.103393
2 87 -0.076849
2 88 -0.048447
2 89 -0.021143
2 90 0.004532
2 91 0.026060
2 92 0.043345
2 93 0.054851
2 94 0.061829
2 95 0.060959
2 96 0.062201
2 97 0.043151
2 98 0.056272
2 99 0.000000

3 0 0.000000
3 1 0.081259
3 2 0.054633
3 3 0.082187
3 4 0.074614
3 5 0.075009
3 6 0.062124
3 7 0.046244
3 8 0.022329
3 9 -0.004726
3 10 -0.036402
3 11 -0.068293
3 12 -0.100326
3 13 -0.128786
3 14 -0.152781
3 15 -0.170138
3 16 -0.180097
3 17 -0.182419
3 18 -0.177196
3 19 -0.165692
3 20 -0.148847
3 21 -0.128440
3 22 -0.105726
3 23 -0.082121
3 24 -0.058749
3 25 -0.036412
3 26 -0.016087
3 27 0.001775
3 28 0.016184
3 29 0.026805
3 30 0.032742
3 31 0.033968
3 32 0.030130
3 33 0.021935
3 34 0.009955
3 35 -0.004234
3 36 -0.019279
3 37 -0.033193
3 38 -0.044543
3 39 -0.051747
3 40 -0.054105
3 41 -0.051092
3 42 -0.043157
3 43 -0.030943
3 44 -0.015875
3 45 0.000668
3 46 0.016868
3 47 0.031278
3 48 0.042349
3 49 0.049163
3 50 0.050923
3 51 0.047596
3 52 0.039346
3 53 0.027088
3 54 0.011878
3 55 -0.004654
3 56 -0.020937
3 57 -0.035146
3 58 -0.045829
3 59 -0.051689
3 60 -0.052102
3 61 -0.046935
3 62 -0.036830
3 63 -0.022996
3 64 -0.007171
3 65 0.008584
3 66 0.022233
3 67 0.031825
3 68 0.036031
3 69 0.033887
3 70 0.025375
3 71 0.010778
3 72 -0.008753
3 73 -0.032085
3 74 -0.057551
3 75 -0.083766
3 76 -0.109181
3 77 -0.132458
3 78 -0.152434
3 79 -0.167795
3 80 -0.177809
3 81 -0.181247
3 82 -0.177928
3 83 -0.167187
3 84 -0.149568
3 85 -0.125686
3 86 -0.096659
3 87 -0.064769
3 88 -0.031015
3 89 0.000974
3 90 0.031199
3 91 0.055528
3 92 0.075559
3 93 0.087057
3 94 0.094594
3 95 0.090088
3 96 0.091190
3 97 0.062224
3 98 0.080993
3 99 0.000000

4 0 0.000000
4 1 0.084899
4 2 0.048313
4 3 0.074614
4 4 0.059760
4 5 0.053975
4 6 0.034040
4 7 0.010159
4 8 -0.021139
4 9 -0.055748
4 10 -0.093898
4 11 -0.131056
4 12 -0.166889
4 13 -0.196937
4 14 -0.220746
4 15 -0.235492
4 16 -0.241141
4 17 -0.237342
4 18 -0.224875
4 19 -0.205412
4 20 -0.180288
4 21 -0.151885
4 22 -0.121418
4 23 -0.090801
4 24 -0.060741
4 25 -0.032393
4 26 -0.006193
4 27 0.017032
4 28 0.036673
4 29 0.051848
4 30 0.061798
4 31 0.065836
4 32 0.063672
4 33 0.055476
4 34 0.042077
4 35 0.024836
4 36 0.005689
4 37 -0.013276
4 38 -0.029822
4 39 -0.042166
4 40 -0.048839
4 41 -0.049284
4 42 -0.043437
4 43 -0.032227
4 44 -0.016878
4 45 0.000655
4 46 0.018553
4 47 0.034676
4 48 0.047462
4 49 0.055376
4 50 0.057773
4 51 0.054214
4 52 0.045259
4 53 0.031665
4 54 0.015087
4 55 -0.002839
4 56 -0.019871
4 57 -0.034186
4 58 -0.043790
4 59 -0.047571
4 60 -0.044657
4 61 -0.035389
4 62 -0.020490
4 63 -0.001866
4 64 0.018465
4 65 0.037744
4 66 0.053701
4 67 0.063950
4 68 0.067164
4 69 0.062335
4 70 0.049682
4 71 0.029746
4 72 0.003962
4 73 -0.026197
4 74 -0.058948
4 75 -0.092632
4 76 -0.125786
4 77 -0.156836
4 78 -0.184726
4 79 -0.207830
4 80 -0.225291
4 81 -0.235509
4 82 -0.237830
4 83 -0.231406
4 84 -0.216050
4 85 -0.192695
4 86 -0.161710
4 87 -0.126235
4 88 -0.086834
4 89 -0.048073
4 90 -0.010229
4 91 0.022308
4 92 0.049873
4 93 0.069073
4 94 0.082759
4 95 0.083445
4 96 0.090052
4 97 0.060960
4 98 0.088039
4 99 0.000000

5 0 0.000000
5 1 0.092638
5 2 0.045697
5 3 0.075009
5 4 0.053975
5 5 0.047388
5 6 0.023589
5 7 -0.001907
5 8 -0.035342
5 9 -0.070638
5 10 -0.108887
5 11 -0.144979
5 12 -0.178771
5 13 -0.205962
5 14 -0.226160
5 15 -0.237039
5 16 -0.238765
5 17 -0.231507
5 18 -0.216387
5 19 -0.195348
5 20 -0.170037
5 21 -0.142660
5 22 -0.114548
5 23 -0.086979
5 24 -0.060585
5 25 -0.035644
5 26 -0.012535
5 27 0.008692
5 28 0.027212
5 29 0.042583
5 30 0.053470
5 31 0.059299
5 32 0.058999
5 33 0.052756
5 34 0.040689
5 35 0.024340
5 36 0.005186
5 37 -0.014229
5 38 -0.031886
5 39 -0.045364
5 40 -0.053334
5 41 -0.054604
5 42 -0.049351
5 43 -0.038010
5 44 -0.022232
5 45 -0.003637
5 46 0.015379
5 47 0.032924
5 48 0.046820
5 49 0.055805
5 50 0.058682
5 51 0.055387
5 52 0.046055
5 53 0.031934
5 54 0.014371
5 55 -0.004436
5 56 -0.022508
5 57 -0.037483
5 58 -0.047669
5 59 -0.051537
5 60 -0.048615
5 61 -0.038983
5 62 -0.023837
5 63 -0.004921
5 64 0.015319
5 65 0.034319
5 66 0.049567
5 67 0.058994
5 68 0.061281
5 69 0.055817
5 70 0.042967
5 71 0.023565
5 72 -0.000889
5 73 -0.028931
5 74 -0.058951
5 75 -0.089643
5 76 -0.119902
5 77 -0.148648
5 78 -0.175144
5 79 -0.198066
5 80 -0.216631
5 81 -0.229112
5 82 -0.234678
5 83 -0.231945
5 84 -0.220503
5 85 -0.200569
5 86 -0.172469
5 87 -0.138765
5 88 -0.100170
5 89 -0.061107
5 90 -0.021911
5 91 0.012438
5 92 0.042883
5 93 0.064190
5 94 0.081618
5 95 0.082960
5 96 0.094705
5 97 0.061944
5 98 0.098240
5 99 0.000000

6 0 0.000000
6 1 0.091237
6 2 0.034349
6 3 0.062124
6 4 0.034040
6 5 0.023589
6 6 -0.004689
6 7 -0.033574
6 8 -0.069506
6 9 -0.106132
6 10 -0.144772
6 11 -0.179867
6 12 -0.212079
6 13 -0.236625
6 14 -0.254085
6 15 -0.261952
6 16 -0.261106
6 17 -0.251883
6 18 -0.235617
6 19 -0.214556
6 20 -0.189996
6 21 -0.164345
6 22 -0.138124
6 23 -0.112657
6 24 -0.087586
6 25 -0.063248
6 26 -0.039209
6 27 -0.015850
6 28 0.006402
6 29 0.026386
6 30 0.042768
6 31 0.054011
6 32 0.058923
6 33 0.056788
6 34 0.047807
6 35 0.032938
6 36 0.014121
6 37 -0.006333
6 38 -0.025631
6 39 -0.041411
6 40 -0.051484
6 41 -0.054787
6 42 -0.050769
6 43 -0.040226
6 44 -0.024299
6 45 -0.005214
6 46 0.014981
6 47 0.033657
6 48 0.048947
6 49 0.058864
6 50 0.062608
6 51 0.059510
6 52 0.050244
6 53 0.035597
6 54 0.017571
6 55 -0.002006
6 56 -0.020482
6 57 -0.035880
6 58 -0.045938
6 59 -0.049630
6 60 -0.046106
6 61 -0.036089
6 62 -0.020570
6 63 -0.001980
6 64 0.017405
6 65 0.034478
6 66 0.047038
6 67 0.052791
6 68 0.050955
6 69 0.041025
6 70 0.024014
6 71 0.001003
6 72 -0.026018
6 73 -0.055470
6 74 -0.085667
6 75 -0.115464
6 76 -0.144131
6 77 -0.170930
6 78 -0.195715
6 79 -0.217427
6 80 -0.235722
6 81 -0.248883
6 82 -0.256075
6 83 -0.255745
6 84 -0.246961
6 85 -0.229895
6 86 -0.203951
6 87 -0.172045
6 88 -0.133840
6 89 -0.094482
6 90 -0.053528
6 91 -0.016645
6 92 0.017242
6 93 0.042567
6 94 0.064512
6 95 0.069598
6 96 0.087432
6 97 0.055190
6 98 0.100666
6 99 0.000000

7 0 0.000000
7 1 0.087082
7 2 0.019147
7 3 0.046244
7 4 0.010159
7 5 -0.001907
7 6 -0.033574
7 7 -0.062682
7 8 -0.097993
7 9 -0.132064
7 10 -0.166774
7 11 -0.196763
7 12 -0.223021
7 13 -0.241312
7 14 -0.252687
7 15 -0.255133
7 16 -0.250077
7 17 -0.238062
7 18 -0.220851
7 19 -0.200457
7 20 -0.178334
7 21 -0.156189
7 22 -0.134432
7 23 -0.113386
7 24 -0.092513
7 25 -0.071160
7 26 -0.048944
7 27 -0.025577
7 28 -0.001972
7 29 0.020945
7 30 0.040953
7 31 0.056477
7 32 0.065289
7 33 0.066680
7 34 0.059984
7 35 0.046471
7 36 0.027544
7 37 0.006191
7 38 -0.015061
7 39 -0.032957
7 40 -0.045514
7 41 -0.050778
7 42 -0.048548
7 43 -0.038889
7 44 -0.023521
7 45 -0.004119
7 46 0.016510
7 47 0.036191
7 48 0.052237
7 49 0.063140
7 50 0.067341
7 51 0.064755
7 52 0.055418
7 53 0.040825
7 54 0.022447
7 55 0.002874
7 56 -0.015735
7 57 -0.030696
7 58 -0.040307
7 59 -0.042991
7 60 -0.038579
7 61 -0.027427
7 62 -0.011285
7 63 0.007684
7 64 0.026522
7 65 0.042458
7 66 0.052873
7 67 0.056015
7 68 0.051029
7 69 0.038131
7 70 0.018493
7 71 -0.006122
7 72 -0.033610
7 73 -0.062043
7 74 -0.089919
7 75 -0.116235
7 76 -0.140781
7 77 -0.163338
7 78 -0.184397
7 79 -0.203454
7 80 -0.220603
7 81 -0.234370
7 82 -0.243957
7 83 -0.247596
7 84 -0.244040
7 85 -0.232884
7 86 -0.213115
7 87 -0.186936
7 88 -0.153759
7 89 -0.118128
7 90 -0.079583
7 91 -0.043605
7 92 -0.008946
7 93 0.017857
7 94 0.043786
7 95 0.050945
7 96 0.076381
7 97 0.044052
7 98 0.100492
7 99 0.000000

8 0 0.000000
8 1 0.075622
8 2 -0.001390
8 3 0.022329
8 4 -0.021139
8 5 -0.035342
8 6 -0.069506
8 7 -0.097993
8 8 -0.131503
8 9 -0.161549
8 10 -0.191309
8 11 -0.215033
8 12 -0.235028
8 13 -0.247029
8 14 -0.253133
8 15 -0.251586
8 16 -0.244277
8 17 -0.232101
8 18 -0.216589
8 19 -0.199975
8 20 -0.182880
8 21 -0.167009
8 22 -0.151594
8 23 -0.136849
8 24 -0.121056
8 25 -0.103603
8 26 -0.083239
8 27 -0.060086
8 28 -0.034645
8 29 -0.008658
8 30 0.015712
8 31 0.035846
8 32 0.049503
8 33 0.054985
8 34 0.051827
8 35 0.040569
8 36 0.023169
8 37 0.002156
8 38 -0.019105
8 39 -0.037690
8 40 -0.050686
8 41 -0.056543
8 42 -0.054209
8 43 -0.044350
8 44 -0.027987
8 45 -0.007594
8 46 0.014603
8 47 0.035519
8 48 0.053035
8 49 0.064735
8 50 0.069702
8 51 0.067035
8 52 0.057530
8 53 0.041981
8 54 0.022716
8 55 0.001709
8 56 -0.018012
8 57 -0.034377
8 58 -0.044900
8 59 -0.048695
8 60 -0.044968
8 61 -0.034862
8 62 -0.019648
8 63 -0.002288
8 64 0.014706
8 65 0.027912
8 66 0.035281
8 67 0.034704
8 68 0.026085
8 69 0.009595
8 70 -0.012751
8 71 -0.039102
8 72 -0.066688
8 73 -0.093629
8 74 -0.118203
8 75 -0.139766
8 76 -0.158429
8 77 -0.174586
8 78 -0.189411
8 79 -0.203011
8 80 -0.216156
8 81 -0.227701
8 82 -0.237155
8 83 -0.242701
8 84 -0.242823
8 85 -0.236872
8 86 -0.222981
8 87 -0.203246
8 88 -0.175826
8 89 -0.145537
8 90 -0.110589
8 91 -0.077132
8 92 -0.042770
8 93 -0.015206
8 94 0.014117
8 95 0.024101
8 96 0.056953
8 97 0.027264
8 98 0.093375
8 99 0.000000

9 0 0.000000
9 1 0.060688
9 2 -0.025248
9 3 -0.004726
9 4 -0.055748
9 5 -0.070638
9 6 -0.106132
9 7 -0.132064
9 8 -0.161549
9 9 -0.185469
9 10 -0.207852
9 11 -0.223434
9 12 -0.235291
9 13 -0.239687
9 14 -0.239558
9 15 -0.233354
9 16 -0.223634
9 17 -0.211044
9 18 -0.197434
9 19 -0.184337
9 20 -0.172347
9 21 -0.162156
9 22 -0.152810
9 23 -0.143438
9 24 -0.132256
9 25 -0.117758
9 26 -0.098974
9 27 -0.075482
9 28 -0.048479
9 29 -0.019480
9 30 0.008366
9 31 0.032552
9 32 0.049801
9 33 0.058662
9 34 0.057798
9 35 0.048295
9 36 0.031473
9 37 0.010701
9 38 -0.011144
9 39 -0.030147
9 40 -0.043894
9 41 -0.049862
9 42 -0.047652
9 43 -0.037073
9 44 -0.019997
9 45 0.001840
9 46 0.025217
9 47 0.047739
9 48 0.066248
9 49 0.079058
9 50 0.084266
9 51 0.081802
9 52 0.071589
9 53 0.055360
9 54 0.034679
9 55 0.012519
9 56 -0.008797
9 57 -0.026231
9 58 -0.038027
9 59 -0.042457
9 60 -0.039543
9 61 -0.029758
9 62 -0.015262
9 63 0.001520
9 64 0.017224
9 65 0.028962
9 66 0.034030
9 67 0.030979
9 68 0.019366
9 69 0.000173
9 70 -0.024669
9 71 -0.052482
9 72 -0.080521
9 73 -0.106311
9 74 -0.128345
9 75 -0.145821
9 76 -0.159383
9 77 -0.169720
9 78 -0.178763
9 79 -0.187158
9 80 -0.196382
9 81 -0.205751
9 82 -0.215136
9 83 -0.222849
9 84 -0.227242
9 85 -0.227387
9 86 -0.220884
9 87 -0.209238
9 88 -0.189957
9 89 -0.167137
9 90 -0.138518
9 91 -0.109696
9 92 -0.077869
9 93 -0.051228
9 94 -0.019416
9 95 -0.007680
9 96 0.033276
9 97 0.006267
9 98 0.082673
9 99 0.000000

10 0 0.000000
10 1 0.039875
10 2 -0.052138
10 3 -0.036402
10 4 -0.093898
10 5 -0.108887
10 6 -0.144772
10 7 -0.166774
10 8 -0.191309
10 9 -0.207852
10 10 -0.222326
10 11 -0.229303
10 12 -0.233216
10 13 -0.230613
10 14 -0.225194
10 15 -0.215812
10 16 -0.205057
10 17 -0.193880
10 18 -0.183492
10 19 -0.175543
10 20 -0.169556
10 21 -0.166226
10 22 -0.163409
10 23 -0.160301
10 24 -0.154089
10 25 -0.143569
10 26 -0.127047
10 27 -0.104714
10 28 -0.077334
10 29 -0.047281
10 30 -0.017412
10 31 0.008814
10 32 0.028469
10 33 0.039213
10 34 0.040261
10 35 0.031949
10 36 0.016383
10 37 -0.003717
10 38 -0.024530
10 39 -0.042799
10 40 -0.055135
10 41 -0.059795
10 42 -0.055464
10 43 -0.042904
10 44 -0.023155
10 45 0.000946
10 46 0.026969
10 47 0.051347
10 48 0.071742
10 49 0.085320
10 50 0.091089
10 51 0.087923
10 52 0.076774
10 53 0.058443
10 54 0.035626
10 55 0.010467
10 56 -0.013540
10 57 -0.034140
10 58 -0.048458
10 59 -0.055580
10 60 -0.054546
10 61 -0.046721
10 62 -0.033453
10 63 -0.018107
10 64 -0.003356
10 65 0.007024
10 66 0.011004
10 67 0.006435
10 68 -0.006371
10 69 -0.026879
10 70 -0.052330
10 71 -0.080292
10 72 -0.107261
10 73 -0.130972
10 74 -0.149440
10 75 -0.162216
10 76 -0.169900
10 77 -0.173739
10 78 -0.176050
10 79 -0.178135
10 80 -0.182069
10 81 -0.187707
10 82 -0.195399
10 83 -0.203684
10 84 -0.210961
10 85 -0.216197
10 86 -0.216431
10 87 -0.212921
10 88 -0.202043
10 89 -0.187804
10 90 -0.166441
10 91 -0.143946
10 92 -0.115729
10 93 -0.091497
10 94 -0.057953
10 95 -0.044902
10 96 0.003618
10 97 -0.018955
10 98 0.065705
10 99 0.000000

11 0 0.000000
11 1 0.016686
11 2 -0.079344
11 3 -0.068293
11 4 -0.131056
11 5 -0.144979
11 6 -0.179867
11 7 -0.196763
11 8 -0.215033
11 9 -0.223434
11 10 -0.229303
11 11 -0.227493
11 12 -0.223576
11 13 -0.214267
11 14 -0.204210
11 15 -0.192014
11 16 -0.180847
11 17 -0.171004
11 18 -0.163888
11 19 -0.160223
11 20 -0.159519
11 21 -0.161472
11 22 -0.163972
11 23 -0.165329
11 24 -0.162997
11 25 -0.155092
11 26 -0.140477
11 27 -0.118834
11 28 -0.091709
11 29 -0.061029
11 30 -0.030531
11 31 -0.003154
11 32 0.017306
11 33 0.029194
11 34 0.030918
11 35 0.023679
11 36 0.008815
11 37 -0.009962
11 38 -0.029635
11 39 -0.045914
11 40 -0.056330
11 41 -0.058140
11 42 -0.051106
11 43 -0.035051
11 44 -0.012238
11 45 0.015398
11 46 0.044120
11 47 0.071282
11 48 0.093234
11 49 0.108143
11 50 0.113772
11 51 0.110115
11 52 0.097000
11 53 0.076466
11 54 0.050214
11 55 0.021710
11 56 -0.006450
11 57 -0.030682
11 58 -0.048978
11 59 -0.059181
11 60 -0.061232
11 61 -0.055422
11 62 -0.044068
11 63 -0.029651
11 64 -0.015852
11 65 -0.005702
11 66 -0.002183
11 67 -0.006744
11 68 -0.019860
11 69 -0.040258
11 70 -0.065742
11 71 -0.093103
11 72 -0.119216
11 73 -0.141105
11 74 -0.157116
11 75 -0.166308
11 76 -0.169729
11 77 -0.168475
11 78 -0.165491
11 79 -0.162271
11 80 -0.161616
11 81 -0.163752
11 82 -0.169618
11 83 -0.178070
11 84 -0.187688
11 85 -0.197497
11 86 -0.204190
11 87 -0.208742
11 88 -0.206766
11 89 -0.201723
11 90 -0.188959
11 91 -0.173941
11 92 -0.151078
11 93 -0.130554
11 94 -0.096704
11 95 -0.083344
11 96 -0.028023
11 97 -0.045998
11 98 0.045590
11 99 0.000000

12 0 0.000000
12 1 -0.009620
12 2 -0.106179
12 3 -0.100326
12 4 -0.166889
12 5 -0.178771
12 6 -0.212079
12 7 -0.223021
12 8 -0.235028
12 9 -0.235291
12 10 -0.233216
12 11 -0.223576
12 12 -0.213008
12 13 -0.198539
12 14 -0.185104
12 15 -0.171611
12 16 -0.160828
12 17 -0.153242
12 18 -0.149384
12 19 -0.150128
12 20 -0.153942
12 21 -0.160771
12 22 -0.167555
12 23 -0.173052
12 24 -0.173962
12 25 -0.169053
12 26 -0.156585
12 27 -0.137018
12 28 -0.111317
12 29 -0.082212
12 30 -0.052767
12 31 -0.026698
12 32 -0.006980
12 33 0.003971
12 34 0.005519
12 35 -0.001929
12 36 -0.015996
12 37 -0.033857
12 38 -0.051436
12 39 -0.065478
12 40 -0.072470
12 41 -0.070875
12 42 -0.059449
12 43 -0.039372
12 44 -0.011920
12 45 0.019517
12 46 0.052210
12 47 0.082033
12 48 0.106422
12 49 0.122108
12 50 0.128067
12 51 0.122965
12 52 0.107976
12 53 0.083955
12 54 0.054066
12 55 0.020718
12 56 -0.011967
12 57 -0.041380
12 58 -0.064014
12 59 -0.078673
12 60 -0.083917
12 61 -0.081046
12 62 -0.071188
12 63 -0.057908
12 64 -0.043907
12 65 -0.033347
12 66 -0.028399
12 67 -0.031603
12 68 -0.042708
12 69 -0.061388
12 70 -0.084723
12 71 -0.110229
12 72 -0.134045
12 73 -0.153693
12 74 -0.166839
12 75 -0.172916
12 76 -0.172492
12 77 -0.167048
12 78 -0.159394
12 79 -0.151506
12 80 -0.146410
12 81 -0.144876
12 82 -0.148254
12 83 -0.155852
12 84 -0.166526
12 85 -0.179504
12 86 -0.191295
12 87 -0.202811
12 88 -0.208862
12 89 -0.212760
12 90 -0.208450
12 91 -0.201603
12 92 -0.184515
12 93 -0.168979
12 94 -0.135470
12 95 -0.122852
12 96 -0.061747
12 97 -0.074411
12 98 0.021289
12 99 0.000000

13 0 0.000000
13 1 -0.036198
13 2 -0.129650
13 3 -0.128786
13 4 -0.196937
13 5 -0.205962
13 6 -0.236625
13 7 -0.241312
13 8 -0.247029
13 9 -0.239687
13 10 -0.230613
13 11 -0.214267
13 12 -0.198539
13 13 -0.180062
13 14 -0.164595
13 15 -0.150357
13 16 -0.140547
13 17 -0.134768
13 18 -0.133752
13 19 -0.137474
13 20 -0.144624
13 21 -0.154381
13 22 -0.164103
13 23 -0.171949
13 24 -0.175267
13 25 -0.172301
13 26 -0.162087
13 27 -0.144490
13 28 -0.121261
13 29 -0.094352
13 30 -0.067570
13 31 -0.043654
13 32 -0.026312
13 33 -0.016841
13 34 -0.016686
13 35 -0.024262
13 36 -0.038148
13 37 -0.054347
13 38 -0.069922
13 39 -0.080478
13 40 -0.083834
13 41 -0.077344
13 42 -0.061262
13 43 -0.035673
13 44 -0.003465
13 45 0.033087
13 46 0.069592
13 47 0.103109
13 48 0.129437
13 49 0.146614
13 50 0.152070
13 51 0.145921
13 52 0.127942
13 53 0.100572
13 54 0.065727
13 55 0.027495
13 56 -0.011131
13 57 -0.045843
13 58 -0.074201
13 59 -0.093379
13 60 -0.103010
13 61 -0.102924
13 62 -0.095373
13 63 -0.082676
13 64 -0.068733
13 65 -0.056698
13 66 -0.049984
13 67 -0.050329
13 68 -0.058691
13 69 -0.074052
13 70 -0.094560
13 71 -0.117047
13 72 -0.138472
13 73 -0.155620
13 74 -0.166722
13 75 -0.170457
13 76 -0.167800
13 77 -0.159607
13 78 -0.149110
13 79 -0.137953
13 80 -0.129715
13 81 -0.125191
13 82 -0.126352
13 83 -0.132773
13 84 -0.143759
13 85 -0.158827
13 86 -0.174477
13 87 -0.191722
13 88 -0.204794
13 89 -0.216848
13 90 -0.220778
13 91 -0.222091
13 92 -0.211493
13 93 -0.201639
13 94 -0.169849
13 95 -0.158884
13 96 -0.093951
13 97 -0.101265
13 98 -0.004637
13 99 0.000000

14 0 0.000000
14 1 -0.062399
14 2 -0.148980
14 3 -0.152781
14 4 -0.220746
14 5 -0.226160
14 6 -0.254085
14 7 -0.252687
14 8 -0.253133
14 9 -0.239558
14 10 -0.225194
14 11 -0.204210
14 12 -0.185104
14 13 -0.164595
14 14 -0.148274
14 15 -0.134496
14 16 -0.125793
14 17 -0.121972
14 18 -0.122887
14 19 -0.128886
14 20 -0.137830
14 21 -0.149508
14 22 -0.160611
14 23 -0.170124
14 24 -0.174826
14 25 -0.173877
14 26 -0.165688
14 27 -0.150986
14 28 -0.130697
14 29 -0.107531
14 30 -0.084231
14 31 -0.064237
14 32 -0.050029
14 33 -0.043669
14 34 -0.045309
14 35 -0.054303
14 36 -0.067949
14 37 -0.083418
14 38 -0.096529
14 39 -0.104280
14 40 -0.103277
14 41 -0.092458
14 42 -0.070870
14 43 -0.040328
14 44 -0.002490
14 45 0.038553
14 46 0.079706
14 47 0.116200
14 48 0.145238
14 49 0.163095
14 50 0.168751
14 51 0.160689
14 52 0.140384
14 53 0.108793
14 54 0.069658
14 55 0.025722
14 56 -0.018142
14 57 -0.058880
14 58 -0.092202
14 59 -0.116504
14 60 -0.129683
14 61 -0.132811
14 62 -0.126594
14 63 -0.114646
14 64 -0.099561
14 65 -0.085859
14 66 -0.075901
14 67 -0.072832
14 68 -0.076779
14 69 -0.088089
14 70 -0.104200
14 71 -0.123126
14 72 -0.141116
14 73 -0.155830
14 74 -0.164711
14 75 -0.166971
14 76 -0.162782
14 77 -0.153304
14 78 -0.141131
14 79 -0.128186
14 80 -0.117763
14 81 -0.111057
14 82 -0.110137
14 83 -0.115092
14 84 -0.125494
14 85 -0.141333
14 86 -0.159191
14 87 -0.180362
14 88 -0.198658
14 89 -0.217342
14 90 -0.228189
14 91 -0.237033
14 92 -0.232410
14 93 -0.228716
14 94 -0.199004
14 95 -0.190780
14 96 -0.123575
14 97 -0.125728
14 98 -0.031675
14 99 0.000000

15 0 0.000000
15 1 -0.086430
15 2 -0.162015
15 3 -0.170138
15 4 -0.235492
15 5 -0.237039
15 6 -0.261952
15 7 -0.255133
15 8 -0.251586
15 9 -0.233354
15 10 -0.215812
15 11 -0.192014
15 12 -0.171611
15 13 -0.150357
15 14 -0.134496
15 15 -0.121415
15 16 -0.114049
15 17 -0.111326
15 18 -0.113483
15 19 -0.120170
15 20 -0.129791
15 21 -0.141624
15 22 -0.153126
15 23 -0.162849
15 24 -0.168480
15 25 -0.168652
15 26 -0.162685
15 27 -0.150526
15 28 -0.133918
15 29 -0.114482
15 30 -0.095708
15 31 -0.079709
15 32 -0.069752
15 33 -0.066464
15 34 -0.070953
15 35 -0.081134
15 36 -0.095511
15 37 -0.109849
15 38 -0.121427
15 39 -0.125871
15 40 -0.121456
15 41 -0.105754
15 42 -0.079649
15 43 -0.043568
15 44 -0.001121
15 45 0.045042
15 46 0.089823
15 47 0.129985
15 48 0.160754
15 49 0.180068
15 50 0.185029
15 51 0.175936
15 52 0.152530
15 53 0.117722
15 54 0.073663
15 55 0.025131
15 56 -0.024482
15 57 -0.070089
15 58 -0.108817
15 59 -0.137116
15 60 -0.154282
15 61 -0.159593
15 62 -0.155163
15 63 -0.143027
15 64 -0.127218
15 65 -0.110928
15 66 -0.098010
15 67 -0.090550
15 68 -0.090187
15 69 -0.096436
15 70 -0.108178
15 71 -0.122699
15 72 -0.137474
15 73 -0.149383
15 74 -0.156748
15 75 -0.157873
15 76 -0.153458
15 77 -0.143703
15 78 -0.131539
15 79 -0.118084
15 80 -0.107004
15 81 -0.099051
15 82 -0.096814
15 83 -0.100361
15 84 -0.109812
15 85 -0.125435
15 86 -0.144105
15 87 -0.167480
15 88 -0.189135
15 89 -0.212638
15 90 -0.228842
15 91 -0.244013
15 92 -0.244771
15 93 -0.247035
15 94 -0.220152
15 95 -0.215220
15 96 -0.148209
15 97 -0.145381
15 98 -0.058103
15 99 0.000000

16 0 0.000000
16 1 -0.107009
16 2 -0.168348
16 3 -0.180097
16 4 -0.241141
16 5 -0.238765
16 6 -0.261106
16 7 -0.250077
16 8 -0.244277
16 9 -0.223634
16 10 -0.205057
16 11 -0.180847
16 12 -0.160828
16 13 -0.140547
16 14 -0.125793
16 15 -0.114049
16 16 -0.107550
16 17 -0.105611
16 18 -0.107757
16 19 -0.114315
16 20 -0.123077
16 21 -0.134238
16 22 -0.144726
16 23 -0.154148
16 24 -0.159622
16 25 -0.160833
16 26 -0.156333
16 27 -0.147020
16 28 -0.133575
16 29 -0.118455
16 30 -0.103816
16 31 -0.092599
16 32 -0.086567
16 33 -0.087306
16 34 -0.094378
16 35 -0.106893
16 36 -0.121823
16 37 -0.136400
16 38 -0.146386
16 39 -0.149111
16 40 -0.141323
16 41 -0.122488
16 42 -0.091927
16 43 -0.052102
16 44 -0.005005
16 45 0.044584
16 46 0.093262
16 47 0.135637
16 48 0.168739
16 49 0.188399
16 50 0.193663
16 51 0.182828
16 52 0.157718
16 53 0.119374
16 54 0.072124
16 55 0.018991
16 56 -0.034435
16 57 -0.084747
16 58 -0.126932
16 59 -0.159082
16 60 -0.178471
16 61 -0.185995
16 62 -0.181916
16 63 -0.169872
16 64 -0.152252
16 65 -0.133860
16 66 -0.117155
16 67 -0.105857
16 68 -0.100487
16 69 -0.102187
16 70 -0.108938
16 71 -0.119536
16 72 -0.130640
16 73 -0.140351
16 74 -0.146112
16 75 -0.147036
16 76 -0.142838
16 77 -0.134136
16 78 -0.122895
16 79 -0.110451
16 80 -0.099746
16 81 -0.091788
16 82 -0.088839
16 83 -0.091392
16 84 -0.099592
16 85 -0.114264
16 86 -0.132398
16 87 -0.156224
16 88 -0.179164
16 89 -0.205319
16 90 -0.224758
16 91 -0.244528
16 92 -0.249241
16 93 -0.256881
16 94 -0.232693
16 95 -0.231613
16 96 -0.166574
16 97 -0.159449
16 98 -0.082532
16 99 0.000000

17 0 0.000000
17 1 -0.123435
17 2 -0.167400
17 3 -0.182419
17 4 -0.237342
17 5 -0.231507
17 6 -0.251883
17 7 -0.238062
17 8 -0.232101
17 9 -0.211044
17 10 -0.193880
17 11 -0.171004
17 12 -0.153242
17 13 -0.134768
17 14 -0.121972
17 15 -0.111326
17 16 -0.105611
17 17 -0.103437
17 18 -0.104978
17 19 -0.110064
17 20 -0.117300
17 21 -0.126471
17 22 -0.135464
17 23 -0.143421
17 24 -0.148497
17 25 -0.149711
17 26 -0.146638
17 27 -0.139202
17 28 -0.129040
17 29 -0.117316
17 30 -0.107118
17 31 -0.099847
17 32 -0.098298
17 33 -0.102396
17 34 -0.112946
17 35 -0.127373
17 36 -0.144160
17 37 -0.158851
17 38 -0.168971
17 39 -0.170135
17 40 -0.161056
17 41 -0.139428
17 42 -0.106690
17 43 -0.063464
17 44 -0.013974
17 45 0.038912
17 46 0.089490
17 47 0.134366
17 48 0.168263
17 49 0.189115
17 50 0.193716
17 51 0.182586
17 52 0.155394
17 53 0.115496
17 54 0.065168
17 55 0.009779
17 56 -0.047051
17 57 -0.099614
17 58 -0.144810
17 59 -0.178528
17 60 -0.199909
17 61 -0.207784
17 62 -0.204218
17 63 -0.190949
17 64 -0.172113
17 65 -0.150821
17 66 -0.131248
17 67 -0.115680
17 68 -0.106350
17 69 -0.103236
17 70 -0.105993
17 71 -0.112449
17 72 -0.120772
17 73 -0.128138
17 74 -0.133179
17 75 -0.133978
17 76 -0.131037
17 77 -0.123834
17 78 -0.114796
17 79 -0.104150
17 80 -0.095183
17 81 -0.088053
17 82 -0.085429
17 83 -0.087377
17 84 -0.094533
17 85 -0.107751
17 86 -0.124428
17 87 -0.147192
17 88 -0.169514
17 89 -0.196177
17 90 -0.216603
17 91 -0.238954
17 92 -0.245953
17 93 -0.257826
17 94 -0.236178
17 95 -0.238839
17 96 -0.177924
17 97 -0.166817
17 98 -0.104088
17 99 0.000000

18 0 0.000000
18 1 -0.134603
18 2 -0.159504
18 3 -0.177196
18 4 -0.224875
18 5 -0.216387
18 6 -0.235617
18 7 -0.220851
18 8 -0.216589
18 9 -0.197434
18 10 -0.183492
18 11 -0.163888
18 12 -0.149384
18 13 -0.133752
18 14 -0.122887
18 15 -0.113483
18 16 -0.107757
18 17 -0.104978
18 18 -0.104776
18 19 -0.107912
18 20 -0.112448
18 21 -0.119248
18 22 -0.125610
18 23 -0.131829
18 24 -0.135344
18 25 -0.136337
18 26 -0.133442
18 27 -0.127699
18 28 -0.119518
18 29 -0.111133
18 30 -0.104125
18 31 -0.101005
18 32 -0.102876
18 33 -0.110937
18 34 -0.124217
18 35 -0.141669
18 36 -0.159966
18 37 -0.176448
18 38 -0.186779
18 39 -0.188588
18 40 -0.178643
18 41 -0.156814
18 42 -0.122488
18 43 -0.078588
18 44 -0.027192
18 45 0.026435
18 46 0.078821
18 47 0.124111
18 48 0.159341
18 49 0.179977
18 50 0.185212
18 51 0.173139
18 52 0.145895
18 53 0.104477
18 54 0.053663
18 55 -0.003475
18 56 -0.060845
18 57 -0.114980
18 58 -0.160393
18 59 -0.195154
18 60 -0.216128
18 61 -0.224242
18 62 -0.219409
18 63 -0.205352
18 64 -0.184207
18 65 -0.160972
18 66 -0.138028
18 67 -0.119498
18 68 -0.106085
18 69 -0.099576
18 70 -0.098366
18 71 -0.102001
18 72 -0.107569
18 73 -0.113731
18 74 -0.118069
18 75 -0.119772
18 76 -0.118226
18 77 -0.113592
18 78 -0.107158
18 79 -0.099517
18 80 -0.092951
18 81 -0.087866
18 82 -0.086230
18 83 -0.088424
18 84 -0.094737
18 85 -0.106509
18 86 -0.121036
18 87 -0.141634
18 88 -0.161659
18 89 -0.186827
18 90 -0.205996
18 91 -0.228745
18 92 -0.236065
18 93 -0.250705
18 94 -0.230916
18 95 -0.237007
18 96 -0.181659
18 97 -0.167275
18 98 -0.121339
18 99 0.000000

19 0 0.000000
19 1 -0.140626
19 2 -0.145572
19 3 -0.165692
19 4 -0.205412
19 5 -0.195348
19 6 -0.214556
19 7 -0.200457
19 8 -0.199975
19 9 -0.184337
19 10 -0.175543
19 11 -0.160223
19 12 -0.150128
19 13 -0.137474
19 14 -0.128886
19 15 -0.120170
19 16 -0.114315
19 17 -0.110064
19 18 -0.107912
19 19 -0.108186
19 20 -0.109891
19 21 -0.113397
19 22 -0.117039
19 23 -0.120480
19 24 -0.122297
19 25 -0.121834
19 26 -0.118927
19 27 -0.113492
19 28 -0.107149
19 29 -0.100689
19 30 -0.096934
19 31 -0.096680
19 32 -0.102390
19 33 -0.113390
19 34 -0.130300
19 35 -0.150124
19 36 -0.171401
19 37 -0.189458
19 38 -0.202067
19 39 -0.204738
19 40 -0.196513
19 41 -0.175007
19 42 -0.141995
19 43 -0.098008
19 44 -0.047613
19 45 0.006425
19 46 0.058053
19 47 0.103990
19 48 0.138627
19 49 0.160056
19 50 0.164802
19 51 0.153623
19 52 0.126004
19 53 0.085618
19 54 0.034621
19 55 -0.021272
19 56 -0.078547
19 57 -0.131176
19 58 -0.176188
19 59 -0.209193
19 60 -0.229470
19 61 -0.235586
19 62 -0.229719
19 63 -0.213342
19 64 -0.190689
19 65 -0.164661
19 66 -0.139614
19 67 -0.117799
19 68 -0.101828
19 69 -0.091903
19 70 -0.088268
19 71 -0.089142
19 72 -0.093325
19 73 -0.098285
19 74 -0.103043
19 75 -0.105591
19 76 -0.106387
19 77 -0.104328
19 78 -0.101424
19 79 -0.097008
19 80 -0.093856
19 81 -0.091266
19 82 -0.091617
19 83 -0.094492
19 84 -0.100590
19 85 -0.110894
19 86 -0.123072
19 87 -0.140634
19 88 -0.157099
19 89 -0.179032
19 90 -0.194875
19 91 -0.215911
19 92 -0.221494
19 93 -0.237178
19 94 -0.218367
19 95 -0.227025
19 96 -0.178495
19 97 -0.161114
19 98 -0.134043
19 99 0.000000

20 0 0.000000
20 1 -0.141035
20 2 -0.126577
20 3 -0.148847
20 4 -0.180288
20 5 -0.170037
20 6 -0.189996
20 7 -0.178334
20 8 -0.182880
20 9 -0.172347
20 10 -0.169556
20 11 -0.159519
20 12 -0.153942
20 13 -0.144624
20 14 -0.137830
20 15 -0.129791
20 16 -0.123077
20 17 -0.117300
20 18 -0.112448
20 19 -0.109891
20 20 -0.107992
20 21 -0.108253
20 22 -0.108242
20 23 -0.108860
20 24 -0.107799
20 25 -0.105735
20 26 -0.101425
20 27 -0.096156
20 28 -0.090180
20 29 -0.085662
20 30 -0.083741
20 31 -0.086652
20 32 -0.094945
20 33 -0.109570
20 34 -0.129108
20 35 -0.152467
20 36 -0.176069
20 37 -0.197416
20 38 -0.212049
20 39 -0.217854
20 40 -0.211469
20 41 -0.193001
20 42 -0.161633
20 43 -0.120477
20 44 -0.071348
20 45 -0.019690
20 46 0.031295
20 47 0.075545
20 48 0.110346
20 49 0.130928
20 50 0.136723
20 51 0.125574
20 52 0.099862
20 53 0.060328
20 54 0.011974
20 55 -0.042406
20 56 -0.096535
20 57 -0.147262
20 58 -0.188952
20 59 -0.219995
20 60 -0.237091
20 61 -0.241422
20 62 -0.232663
20 63 -0.214691
20 64 -0.189336
20 65 -0.161707
20 66 -0.133930
20 67 -0.110339
20 68 -0.091582
20 69 -0.079869
20 70 -0.073784
20 71 -0.073455
20 72 -0.076259
20 73 -0.081361
20 74 -0.086477
20 75 -0.090955
20 76 -0.093970
20 77 -0.095382
20 78 -0.095943
20 79 -0.095608
20 80 -0.096003
20 81 -0.096827
20 82 -0.099511
20 83 -0.103956
20 84 -0.110170
20 85 -0.119526
20 86 -0.129254
20 87 -0.143520
20 88 -0.155532
20 89 -0.173034
20 90 -0.183895
20 91 -0.201403
20 92 -0.203424
20 93 -0.218397
20 94 -0.199615
20 95 -0.209758
20 96 -0.168760
20 97 -0.148826
20 98 -0.141283
20 99 0.000000

21 0 0.000000
21 1 -0.136393
21 2 -0.104183
21 3 -0.128440
21 4 -0.151885
21 5 -0.142660
21 6 -0.164345
21 7 -0.156189
21 8 -0.167009
21 9 -0.162156
21 10 -0.166226
21 11 -0.161472
21 12 -0.160771
21 13 -0.154381
21 14 -0.149508
21 15 -0.141624
21 16 -0.134238
21 17 -0.126471
21 18 -0.119248
21 19 -0.113397
21 20 -0.108253
21 21 -0.104633
21 22 -0.101222
21 23 -0.098110
21 24 -0.094301
21 25 -0.089496
21 26 -0.083905
21 27 -0.077551
21 28 -0.072190
21 29 -0.068354
21 30 -0.068730
21 31 -0.073596
21 32 -0.085193
21 33 -0.102319
21 34 -0.125518
21 35 -0.151447
21 36 -0.178799
21 37 -0.202723
21 38 -0.221274
21 39 -0.229805
21 40 -0.227608
21 41 -0.212026
21 42 -0.184969
21 43 -0.146569
21 44 -0.101445
21 45 -0.051912
21 46 -0.004086
21 47 0.039165
21 48 0.072096
21 49 0.093130
21 50 0.098565
21 51 0.089403
21 52 0.064818
21 53 0.028640
21 54 -0.017364
21 55 -0.067410
21 56 -0.118444
21 57 -0.164432
21 58 -0.202881
21 59 -0.229395
21 60 -0.243651
21 61 -0.244107
21 62 -0.233173
21 63 -0.212066
21 64 -0.185093
21 65 -0.154827
21 66 -0.125670
21 67 -0.099647
21 68 -0.079572
21 69 -0.065655
21 70 -0.058566
21 71 -0.056731
21 72 -0.059467
21 73 -0.064427
21 74 -0.070996
21 75 -0.077078
21 76 -0.083166
21 77 -0.087692
21 78 -0.092394
21 79 -0.095850
21 80 -0.100424
21 81 -0.104564
21 82 -0.110268
21 83 -0.116397
21 84 -0.123391
21 85 -0.131923
21 86 -0.139539
21 87 -0.150282
21 88 -0.157489
21 89 -0.169696
21 90 -0.174410
21 91 -0.186962
21 92 -0.183852
21 93 -0.196512
21 94 -0.176750
21 95 -0.187083
21 96 -0.153889
21 97 -0.131594
21 98 -0.143212
21 99 0.000000

22 0 0.000000
22 1 -0.126973
22 2 -0.079552
22 3 -0.105726
22 4 -0.121418
22 5 -0.114548
22 6 -0.138124
22 7 -0.134432
22 8 -0.151594
22 9 -0.152810
22 10 -0.163409
22 11 -0.163972
22 12 -0.167555
22 13 -0.164103
22 14 -0.160611
22 15 -0.153126
22 16 -0.144726
22 17 -0.135464
22 18 -0.125610
22 19 -0.117039
22 20 -0.108242
22 21 -0.101222
22 22 -0.093727
22 23 -0.087247
22 24 -0.079774
22 25 -0.072592
22 26 -0.064693
22 27 -0.057751
22 28 -0.051950
22 29 -0.049475
22 30 -0.051059
22 31 -0.058712
22 32 -0.072456
22 33 -0.093057
22 34 -0.118709
22 35 -0.148376
22 36 -0.178308
22 37 -0.206271
22 38 -0.227714
22 39 -0.240797
22 40 -0.241955
22 41 -0.231427
22 42 -0.207985
22 43 -0.174720
22 44 -0.132893
22 45 -0.087871
22 46 -0.042295
22 47 -0.002218
22 48 0.030112
22 49 0.049794
22 50 0.056582
22 51 0.048035
22 52 0.026705
22 53 -0.007098
22 54 -0.048337
22 55 -0.094776
22 56 -0.140212
22 57 -0.182119
22 58 -0.214962
22 59 -0.237715
22 60 -0.247081
22 61 -0.244649
22 62 -0.229897
22 63 -0.206875
22 64 -0.177029
22 65 -0.145498
22 66 -0.113998
22 67 -0.086950
22 68 -0.064780
22 69 -0.049999
22 70 -0.041242
22 71 -0.039121
22 72 -0.041200
22 73 -0.047086
22 74 -0.054566
22 75 -0.063139
22 76 -0.071770
22 77 -0.080099
22 78 -0.088423
22 79 -0.096202
22 80 -0.104520
22 81 -0.112467
22 82 -0.120957
22 83 -0.129323
22 84 -0.137108
22 85 -0.145394
22 86 -0.151001
22 87 -0.158586
22 88 -0.160862
22 89 -0.167632
22 90 -0.165584
22 91 -0.172411
22 92 -0.163201
22 93 -0.172307
22 94 -0.150909
22 95 -0.160130
22 96 -0.134796
22 97 -0.110349
22 98 -0.139669
22 99 0.000000

23 0 0.000000
23 1 -0.113570
23 2 -0.054302
23 3 -0.082121
23 4 -0.090801
23 5 -0.086979
23 6 -0.112657
23 7 -0.113386
23 8 -0.136849
23 9 -0.143438
23 10 -0.160301
23 11 -0.165329
23 12 -0.173052
23 13 -0.171949
23 14 -0.170124
23 15 -0.162849
23 16 -0.154148
23 17 -0.143421
23 18 -0.131829
23 19 -0.120480
23 20 -0.108860
23 21 -0.098110
23 22 -0.087247
23 23 -0.076831
23 24 -0.066420
23 25 -0.056188
23 26 -0.046855
23 27 -0.038622
23 28 -0.033428
23 29 -0.031527
23 30 -0.035452
23 31 -0.044917
23 32 -0.061938
23 33 -0.084793
23 34 -0.114021
23 35 -0.146007
23 36 -0.179723
23 37 -0.210228
23 38 -0.235959
23 39 -0.252135
23 40 -0.258304
23 41 -0.251452
23 42 -0.233522
23 43 -0.204064
23 44 -0.167578
23 45 -0.125704
23 46 -0.084441
23 47 -0.046047
23 48 -0.016280
23 49 0.003734
23 50 0.010090
23 51 0.004050
23 52 -0.015609
23 53 -0.044985
23 54 -0.082878
23 55 -0.123595
23 56 -0.164766
23 57 -0.200540
23 58 -0.229116
23 59 -0.246238
23 60 -0.252127
23 61 -0.245192
23 62 -0.228116
23 63 -0.201813
23 64 -0.170607
23 65 -0.136621
23 66 -0.104206
23 67 -0.075023
23 68 -0.052004
23 69 -0.035272
23 70 -0.025880
23 71 -0.022413
23 72 -0.024688
23 73 -0.030514
23 74 -0.039619
23 75 -0.049788
23 76 -0.061539
23 77 -0.072840
23 78 -0.085194
23 79 -0.096502
23 80 -0.108820
23 81 -0.119868
23 82 -0.131363
23 83 -0.141482
23 84 -0.150383
23 85 -0.158261
23 86 -0.162318
23 87 -0.166821
23 88 -0.164566
23 89 -0.165948
23 90 -0.157182
23 91 -0.158015
23 92 -0.142313
23 93 -0.147110
23 94 -0.123648
23 95 -0.130666
23 96 -0.112884
23 97 -0.086507
23 98 -0.131116
23 99 0.000000

24 0 0.000000
24 1 -0.097141
24 2 -0.029410
24 3 -0.058749
24 4 -0.060741
24 5 -0.060585
24 6 -0.087586
24 7 -0.092513
24 8 -0.121056
24 9 -0.132256
24 10 -0.154089
24 11 -0.162997
24 12 -0.173962
24 13 -0.175267
24 14 -0.174826
24 15 -0.168480
24 16 -0.159622
24 17 -0.148497
24 18 -0.135344
24 19 -0.122297
24 20 -0.107799
24 21 -0.094301
24 22 -0.079774
24 23 -0.066420
24 24 -0.052671
24 25 -0.040552
24 26 -0.029364
24 27 -0.021190
24 28 -0.016085
24 29 -0.016172
24 30 -0.021659
24 31 -0.034256
24 32 -0.053387
24 33 -0.079656
24 34 -0.110901
24 35 -0.146258
24 36 -0.181907
24 37 -0.216015
24 38 -0.244030
24 39 -0.264484
24 40 -0.273619
24 41 -0.271820
24 42 -0.257382
24 43 -0.233309
24 44 -0.200187
24 45 -0.163212
24 46 -0.124325
24 47 -0.089491
24 48 -0.060382
24 49 -0.041995
24 50 -0.034195
24 51 -0.039733
24 52 -0.055885
24 53 -0.082854
24 54 -0.115625
24 55 -0.152643
24 56 -0.187865
24 57 -0.219525
24 58 -0.242276
24 59 -0.255778
24 60 -0.256780
24 61 -0.247320
24 62 -0.226645
24 63 -0.198946
24 64 -0.165184
24 65 -0.130439
24 66 -0.095897
24 67 -0.065985
24 68 -0.040822
24 69 -0.023202
24 70 -0.011795
24 71 -0.007744
24 72 -0.008830
24 73 -0.015157
24 74 -0.024600
24 75 -0.036820
24 76 -0.050544
24 77 -0.065167
24 78 -0.080503
24 79 -0.095537
24 80 -0.110855
24 81 -0.125053
24 82 -0.138660
24 83 -0.150577
24 84 -0.159997
24 85 -0.167722
24 86 -0.170100
24 87 -0.172090
24 88 -0.165605
24 89 -0.162326
24 90 -0.147274
24 91 -0.142625
24 92 -0.120702
24 93 -0.121068
24 94 -0.095681
24 95 -0.099691
24 96 -0.089241
24 97 -0.061136
24 98 -0.118207
24 99 0.000000

25 0 0.000000
25 1 -0.078671
25 2 -0.006088
25 3 -0.036412
25 4 -0.032393
25 5 -0.035644
25 6 -0.063248
25 7 -0.071160
25 8 -0.103603
25 9 -0.117758
25 10 -0.143569
25 11 -0.155092
25 12 -0.169053
25 13 -0.172301
25 14 -0.173877
25 15 -0.168652
25 16 -0.160833
25 17 -0.149711
25 18 -0.136337
25 19 -0.121834
25 20 -0.105735
25 21 -0.089496
25 22 -0.072592
25 23 -0.056188
25 24 -0.040552
25 25 -0.026409
25 26 -0.015014
25 27 -0.006660
25 28 -0.003349
25 29 -0.004887
25 30 -0.013503
25 31 -0.028216
25 32 -0.050767
25 33 -0.078898
25 34 -0.113218
25 35 -0.149927
25 36 -0.188417
25 37 -0.223778
25 38 -0.254969
25 39 -0.277162
25 40 -0.290251
25 41 -0.290897
25 42 -0.281111
25 43 -0.259842
25 44 -0.231471
25 45 -0.196919
25 46 -0.162058
25 47 -0.128479
25 48 -0.101950
25 49 -0.083100
25 50 -0.076038
25 51 -0.079214
25 52 -0.094258
25 53 -0.117183
25 54 -0.147384
25 55 -0.179255
25 56 -0.211151
25 57 -0.237401
25 58 -0.256937
25 59 -0.265630
25 60 -0.264265
25 61 -0.251153
25 62 -0.229230
25 63 -0.199015
25 64 -0.164784
25 65 -0.128089
25 66 -0.093147
25 67 -0.061161
25 68 -0.035139
25 69 -0.015095
25 70 -0.002510
25 71 0.003809
25 72 0.003430
25 73 -0.001704
25 74 -0.011764
25 75 -0.024461
25 76 -0.040345
25 77 -0.056884
25 78 -0.075294
25 79 -0.092750
25 80 -0.110999
25 81 -0.127090
25 82 -0.142600
25 83 -0.155205
25 84 -0.165007
25 85 -0.171890
25 86 -0.172831
25 87 -0.172290
25 88 -0.162329
25 89 -0.155004
25 90 -0.134722
25 91 -0.125428
25 92 -0.098221
25 93 -0.094572
25 94 -0.067794
25 95 -0.068473
25 96 -0.064961
25 97 -0.035524
25 98 -0.101781
25 99 0.000000

26 0 0.000000
26 1 -0.059636
26 2 0.014917
26 3 -0.016087
26 4 -0.006193
26 5 -0.012535
26 6 -0.039209
26 7 -0.048944
26 8 -0.083239
26 9 -0.098974
26 10 -0.127047
26 11 -0.140477
26 12 -0.156585
26 13 -0.162087
26 14 -0.165688
26 15 -0.162685
26 16 -0.156333
26 17 -0.146638
