0 0 0.000000
0 1 0.000000
0 2 0.000000
0 3 0.000000
0 4 0.000000
0 5 0.000000
0 6 0.000000
0 7 0.000000
0 8 0.000000
0 9 0.000000
0 10 0.000000
0 11 0.000000
0 12 0.000000
0 13 0.000000
0 14 0.000000
0 15 0.000000
0 16 0.000000
0 17 0.000000
0 18 0.000000
0 19 0.000000
0 20 0.000000
0 21 0.000000
0 22 0.000000
0 23 0.000000
0 24 0.000000
0 25 0.000000
0 26 0.000000
0 27 0.000000
0 28 0.000000
0 29 0.000000
0 30 0.000000
0 31 0.000000
0 32 0.000000
0 33 0.000000
0 34 0.000000
0 35 0.000000
0 36 0.000000
0 37 0.000000
0 38 0.000000
0 39 0.000000
0 40 0.000000
0 41 0.000000
0 42 0.000000
0 43 0.000000
0 44 0.000000
0 45 0.000000
0 46 0.000000
0 47 0.000000
0 48 0.000000
0 49 0.000000
0 50 0.000000
0 51 0.000000
0 52 0.000000
0 53 0.000000
0 54 0.000000
0 55 0.000000
0 56 0.000000
0 57 0.000000
0 58 0.000000
0 59 0.000000
0 60 0.000000
0 61 0.000000
0 62 0.000000
0 63 0.000000
0 64 0.000000
0 65 0.000000
0 66 0.000000
0 67 0.000000
0 68 0.000000
0 69 0.000000
0 70 0.000000
0 71 0.000000
0 72 0.000000
0 73 0.000000
0 74 0.000000
0 75 0.000000
0 76 0.000000
0 77 0.000000
0 78 0.000000
0 79 0.000000
0 80 0.000000
0 81 0.000000
0 82 0.000000
0 83 0.000000
0 84 0.000000
0 85 0.000000
0 86 0.000000
0 87 0.000000
0 88 0.000000
0 89 0.000000
0 90 0.000000
0 91 0.000000
0 92 0.000000
0 93 0.000000
0 94 0.000000
0 95 0.000000
0 96 0.000000
0 97 0.000000
0 98 0.000000
0 99 0.000000

1 0 0.000000
1 1 0.165236
1 2 0.081655
1 3 0.121838
1 4 0.117821
1 5 0.109185
1 6 0.122479
1 7 0.116422
1 8 0.131053
1 9 0.137619
1 10 0.153806
1 11 0.167353
1 12 0.182443
1 13 0.194652
1 14 0.204206
1 15 0.210376
1 16 0.213383
1 17 0.214373
1 18 0.213843
1 19 0.213238
1 20 0.212446
1 21 0.212192
1 22 0.211488
1 23 0.210433
1 24 0.207813
1 25 0.203794
1 26 0.197642
1 27 0.189933
1 28 0.180475
1 29 0.170006
1 30 0.158516
1 31 0.146572
1 32 0.134125
1 33 0.121542
1 34 0.108793
1 35 0.096185
1 36 0.083778
1 37 0.071862
1 38 0.060532
1 39 0.050006
1 40 0.040335
1 41 0.031642
1 42 0.023922
1 43 0.017241
1 44 0.011564
1 45 0.006930
1 46 0.003293
1 47 0.000682
1 48 -0.000952
1 49 -0.001581
1 50 -0.001246
1 51 0.000092
1 52 0.002401
1 53 0.005727
1 54 0.010041
1 55 0.015381
1 56 0.021714
1 57 0.029059
1 58 0.037365
1 59 0.046612
1 60 0.056707
1 61 0.067549
1 62 0.078986
1 63 0.090827
1 64 0.102906
1 65 0.114994
1 66 0.126998
1 67 0.138671
1 68 0.149985
1 69 0.160562
1 70 0.170340
1 71 0.178713
1 72 0.185645
1 73 0.190496
1 74 0.193606
1 75 0.194664
1 76 0.194622
1 77 0.193482
1 78 0.192423
1 79 0.191157
1 80 0.190318
1 81 0.188828
1 82 0.186563
1 83 0.182119
1 84 0.175384
1 85 0.165898
1 86 0.154341
1 87 0.142247
1 88 0.130091
1 89 0.122242
1 90 0.114527
1 91 0.117639
1 92 0.113637
1 93 0.128704
1 94 0.122236
1 95 0.135923
1 96 0.136927
1 97 0.099241
1 98 0.170329
1 99 0.000000

2 0 0.000000
2 1 0.081655
2 2 -0.060137
2 3 -0.033753
2 4 -0.091751
2 5 -0.108232
2 6 -0.118443
2 7 -0.127888
2 8 -0.117678
2 9 -0.109849
2 10 -0.092207
2 11 -0.077670
2 12 -0.062889
2 13 -0.052833
2 14 -0.046147
2 15 -0.043126
2 16 -0.041768
2 17 -0.040605
2 18 -0.037906
2 19 -0.032855
2 20 -0.025259
2 21 -0.015746
2 22 -0.005398
2 23 0.004618
2 24 0.013235
2 25 0.019891
2 26 0.024298
2 27 0.026661
2 28 0.027180
2 29 0.026228
2 30 0.023938
2 31 0.020470
2 32 0.015809
2 33 0.010032
2 34 0.003218
2 35 -0.004437
2 36 -0.012676
2 37 -0.021230
2 38 -0.029805
2 39 -0.038198
2 40 -0.046182
2 41 -0.053656
2 42 -0.060454
2 43 -0.066533
2 44 -0.071760
2 45 -0.076131
2 46 -0.079538
2 47 -0.082013
2 48 -0.083474
2 49 -0.083978
2 50 -0.083457
2 51 -0.081984
2 52 -0.079502
2 53 -0.076102
2 54 -0.071750
2 55 -0.066563
2 56 -0.060541
2 57 -0.053835
2 58 -0.046474
2 59 -0.038648
2 60 -0.030439
2 61 -0.022111
2 62 -0.013828
2 63 -0.005946
2 64 0.001330
2 65 0.007652
2 66 0.012920
2 67 0.016923
2 68 0.019721
2 69 0.021150
2 70 0.021225
2 71 0.019595
2 72 0.016086
2 73 0.010256
2 74 0.002108
2 75 -0.008299
2 76 -0.020214
2 77 -0.032735
2 78 -0.044541
2 79 -0.054580
2 80 -0.062129
2 81 -0.067206
2 82 -0.070615
2 83 -0.073633
2 84 -0.077979
2 85 -0.084643
2 86 -0.094622
2 87 -0.106460
2 88 -0.120226
2 89 -0.130392
2 90 -0.139793
2 91 -0.136724
2 92 -0.133995
2 93 -0.111804
2 94 -0.091708
2 95 -0.066073
2 96 -0.009633
2 97 -0.033423
2 98 0.098738
2 99 0.000000

3 0 0.000000
3 1 0.121838
3 2 -0.033753
3 3 0.001827
3 4 -0.050292
3 5 -0.068235
3 6 -0.068929
3 7 -0.078034
3 8 -0.059679
3 9 -0.048419
3 10 -0.024491
3 11 -0.005863
3 12 0.013016
3 13 0.025900
3 14 0.034557
3 15 0.039033
3 16 0.041304
3 17 0.043696
3 18 0.047617
3 19 0.054650
3 20 0.064311
3 21 0.076477
3 22 0.089211
3 23 0.101734
3 24 0.112232
3 25 0.120575
3 26 0.125955
3 27 0.129025
3 28 0.129617
3 29 0.128470
3 30 0.125410
3 31 0.120860
3 32 0.114555
3 33 0.106804
3 34 0.097523
3 35 0.087154
3 36 0.075858
3 37 0.064153
3 38 0.052259
3 39 0.040615
3 40 0.029367
3 41 0.018841
3 42 0.009110
3 43 0.000434
3 44 -0.007157
3 45 -0.013455
3 46 -0.018477
3 47 -0.022061
3 48 -0.024271
3 49 -0.024985
3 50 -0.024300
3 51 -0.022121
3 52 -0.018574
3 53 -0.013599
3 54 -0.007358
3 55 0.000158
3 56 0.008744
3 57 0.018355
3 58 0.028748
3 59 0.039816
3 60 0.051270
3 61 0.062905
3 62 0.074352
3 63 0.085285
3 64 0.095315
3 65 0.104097
3 66 0.111411
3 67 0.117043
3 68 0.121031
3 69 0.123190
3 70 0.123602
3 71 0.121805
3 72 0.117756
3 73 0.110775
3 74 0.101105
3 75 0.088515
3 76 0.074221
3 77 0.058868
3 78 0.044474
3 79 0.031794
3 80 0.022277
3 81 0.015376
3 82 0.010791
3 83 0.006450
3 84 0.000900
3 85 -0.007593
3 86 -0.019857
3 87 -0.034556
3 88 -0.051937
3 89 -0.065144
3 90 -0.079033
3 91 -0.077311
3 92 -0.080181
3 93 -0.056229
3 94 -0.044098
3 95 -0.015727
3 96 0.033147
3 97 0.000790
3 98 0.142212
3 99 0.000000

4 0 0.000000
4 1 0.117821
4 2 -0.091751
4 3 -0.050292
4 4 -0.136403
4 5 -0.158163
4 6 -0.170666
4 7 -0.182394
4 8 -0.163706
4 9 -0.150136
4 10 -0.121451
4 11 -0.098850
4 12 -0.076024
4 13 -0.061102
4 14 -0.051290
4 15 -0.047084
4 16 -0.045047
4 17 -0.042904
4 18 -0.037885
4 19 -0.028750
4 20 -0.015210
4 21 0.001779
4 22 0.020542
4 23 0.039330
4 24 0.056474
4 25 0.071126
4 26 0.082734
4 27 0.091533
4 28 0.097647
4 29 0.101511
4 30 0.103145
4 31 0.102669
4 32 0.099937
4 33 0.094989
4 34 0.087891
4 35 0.078904
4 36 0.068413
4 37 0.056825
4 38 0.044634
4 39 0.032182
4 40 0.019905
4 41 0.008026
4 42 -0.003080
4 43 -0.013273
4 44 -0.022217
4 45 -0.029844
4 46 -0.035876
4 47 -0.040325
4 48 -0.042981
4 49 -0.043933
4 50 -0.043032
4 51 -0.040430
4 52 -0.036041
4 53 -0.030082
4 54 -0.022536
4 55 -0.013697
4 56 -0.003621
4 57 0.007332
4 58 0.019045
4 59 0.031102
4 60 0.043325
4 61 0.055210
4 62 0.066489
4 63 0.076562
4 64 0.085140
4 65 0.091678
4 66 0.096091
4 67 0.098079
4 68 0.097853
4 69 0.095234
4 70 0.090431
4 71 0.083014
4 72 0.072935
4 73 0.059603
4 74 0.043196
4 75 0.023809
4 76 0.002675
4 77 -0.018883
4 78 -0.038801
4 79 -0.055516
4 80 -0.067870
4 81 -0.075902
4 82 -0.080838
4 83 -0.084673
4 84 -0.090206
4 85 -0.099062
4 86 -0.113182
4 87 -0.130342
4 88 -0.151333
4 89 -0.167197
4 90 -0.183319
4 91 -0.180462
4 92 -0.179651
4 93 -0.148838
4 94 -0.122118
4 95 -0.086782
4 96 -0.005212
4 97 -0.043560
4 98 0.149382
4 99 0.000000

5 0 0.000000
5 1 0.109185
5 2 -0.108232
5 3 -0.068235
5 4 -0.158163
5 5 -0.180762
5 6 -0.190526
5 7 -0.200409
5 8 -0.176007
5 9 -0.158506
5 10 -0.124719
5 11 -0.098972
5 12 -0.073954
5 13 -0.058504
5 14 -0.049498
5 15 -0.046718
5 16 -0.046560
5 17 -0.045614
5 18 -0.041259
5 19 -0.031381
5 20 -0.016272
5 21 0.003578
5 22 0.025689
5 23 0.048599
5 24 0.069926
5 25 0.089143
5 26 0.105197
5 27 0.118665
5 28 0.129280
5 29 0.137737
5 30 0.143662
5 31 0.147337
5 32 0.148232
5 33 0.146537
5 34 0.141999
5 35 0.135090
5 36 0.125953
5 37 0.115269
5 38 0.103333
5 39 0.090803
5 40 0.077934
5 41 0.065297
5 42 0.053088
5 43 0.041820
5 44 0.031640
5 45 0.022998
5 46 0.015956
5 47 0.010868
5 48 0.007689
5 49 0.006669
5 50 0.007657
5 51 0.010802
5 52 0.015851
5 53 0.022847
5 54 0.031436
5 55 0.041547
5 56 0.052737
5 57 0.064845
5 58 0.077372
5 59 0.090090
5 60 0.102468
5 61 0.114187
5 62 0.124668
5 63 0.133497
5 64 0.140137
5 65 0.144243
5 66 0.145583
5 67 0.144084
5 68 0.139929
5 69 0.133159
5 70 0.124025
5 71 0.112222
5 72 0.097767
5 73 0.080051
5 74 0.059389
5 75 0.035792
5 76 0.010843
5 77 -0.014195
5 78 -0.036678
5 79 -0.055181
5 80 -0.067963
5 81 -0.075546
5 82 -0.078873
5 83 -0.080875
5 84 -0.084383
5 85 -0.092065
5 86 -0.105947
5 87 -0.124242
5 88 -0.147800
5 89 -0.166757
5 90 -0.187247
5 91 -0.187125
5 92 -0.190323
5 93 -0.159589
5 94 -0.134514
5 95 -0.096950
5 96 -0.013050
5 97 -0.050190
5 98 0.148403
5 99 0.000000

6 0 0.000000
6 1 0.122479
6 2 -0.118443
6 3 -0.068929
6 4 -0.170666
6 5 -0.190526
6 6 -0.201518
6 7 -0.209320
6 8 -0.181000
6 9 -0.160036
6 10 -0.121418
6 11 -0.092527
6 12 -0.064564
6 13 -0.048207
6 14 -0.039059
6 15 -0.037689
6 16 -0.039154
6 17 -0.040360
6 18 -0.037468
6 19 -0.028706
6 20 -0.013517
6 21 0.007069
6 22 0.031048
6 23 0.056340
6 24 0.080854
6 25 0.103537
6 26 0.123582
6 27 0.141164
6 28 0.156229
6 29 0.169117
6 30 0.179606
6 31 0.187612
6 32 0.192720
6 33 0.194755
6 34 0.193609
6 35 0.189423
6 36 0.182558
6 37 0.173409
6 38 0.162572
6 39 0.150451
6 40 0.137671
6 41 0.124561
6 42 0.111745
6 43 0.099494
6 44 0.088412
6 45 0.078689
6 46 0.070850
6 47 0.064951
6 48 0.061388
6 49 0.060062
6 50 0.061224
6 51 0.064621
6 52 0.070354
6 53 0.078018
6 54 0.087567
6 55 0.098458
6 56 0.110522
6 57 0.123125
6 58 0.136030
6 59 0.148562
6 60 0.160457
6 61 0.171000
6 62 0.179895
6 63 0.186401
6 64 0.190295
6 65 0.190991
6 66 0.188603
6 67 0.182913
6 68 0.174452
6 69 0.163185
6 70 0.149657
6 71 0.133519
6 72 0.114979
6 73 0.093433
6 74 0.069299
6 75 0.042722
6 76 0.015331
6 77 -0.011309
6 78 -0.034634
6 79 -0.052851
6 80 -0.064608
6 81 -0.070170
6 82 -0.071294
6 83 -0.070769
6 84 -0.072523
6 85 -0.078911
6 86 -0.093018
6 87 -0.112137
6 88 -0.138061
6 89 -0.159077
6 90 -0.182617
6 91 -0.183829
6 92 -0.188591
6 93 -0.157640
6 94 -0.130337
6 95 -0.093995
6 96 -0.000597
6 97 -0.047868
6 98 0.171443
6 99 0.000000

7 0 0.000000
7 1 0.116422
7 2 -0.127888
7 3 -0.078034
7 4 -0.182394
7 5 -0.200409
7 6 -0.209320
7 7 -0.213857
7 8 -0.180665
7 9 -0.155572
7 10 -0.112436
7 11 -0.080609
7 12 -0.050855
7 13 -0.034413
7 14 -0.026830
7 15 -0.028123
7 16 -0.033341
7 17 -0.038364
7 18 -0.039424
7 19 -0.033783
7 20 -0.021167
7 21 -0.001935
7 22 0.021441
7 23 0.047307
7 24 0.073055
7 25 0.097947
7 26 0.120712
7 27 0.141811
7 28 0.160767
7 29 0.178164
7 30 0.193349
7 31 0.206424
7 32 0.216510
7 33 0.223596
7 34 0.227099
7 35 0.227360
7 36 0.224297
7 37 0.218581
7 38 0.210410
7 39 0.200554
7 40 0.189277
7 41 0.177355
7 42 0.165071
7 43 0.153203
7 44 0.142016
7 45 0.132240
7 46 0.124039
7 47 0.118010
7 48 0.114143
7 49 0.112851
7 50 0.113922
7 51 0.117567
7 52 0.123374
7 53 0.131350
7 54 0.140900
7 55 0.151856
7 56 0.163495
7 57 0.175539
7 58 0.187227
7 59 0.198247
7 60 0.207867
7 61 0.215754
7 62 0.221233
7 63 0.223971
7 64 0.223467
7 65 0.219572
7 66 0.212223
7 67 0.201635
7 68 0.188239
7 69 0.172373
7 70 0.154517
7 71 0.134587
7 72 0.112755
7 73 0.088573
7 74 0.062492
7 75 0.034731
7 76 0.007066
7 77 -0.018964
7 78 -0.040579
7 79 -0.056225
7 80 -0.064395
7 81 -0.065927
7 82 -0.062570
7 83 -0.057973
7 84 -0.056120
7 85 -0.060183
7 86 -0.073196
7 87 -0.092731
7 88 -0.120474
7 89 -0.144029
7 90 -0.171133
7 91 -0.175190
7 92 -0.183286
7 93 -0.154014
7 94 -0.128184
7 95 -0.092541
7 96 0.001657
7 97 -0.046726
7 98 0.174464
7 99 0.000000

8 0 0.000000
8 1 0.131053
8 2 -0.117678
8 3 -0.059679
8 4 -0.163706
8 5 -0.176007
8 6 -0.181000
8 7 -0.180665
8 8 -0.142044
8 9 -0.112755
8 10 -0.065067
8 11 -0.030774
8 12 0.000929
8 13 0.017086
8 14 0.023475
8 15 0.019152
8 16 0.010292
8 17 0.000568
8 18 -0.005135
8 19 -0.004350
8 20 0.004104
8 21 0.019594
8 22 0.040289
8 23 0.064202
8 24 0.089145
8 25 0.114016
8 26 0.137832
8 27 0.160689
8 28 0.182346
8 29 0.203016
8 30 0.222249
8 31 0.239737
8 32 0.254773
8 33 0.266869
8 34 0.275614
8 35 0.280827
8 36 0.282651
8 37 0.281238
8 38 0.277104
8 39 0.270532
8 40 0.262210
8 41 0.252454
8 42 0.242063
8 43 0.231370
8 44 0.221223
8 45 0.211902
8 46 0.204186
8 47 0.198195
8 48 0.194530
8 49 0.193078
8 50 0.194206
8 51 0.197545
8 52 0.203216
8 53 0.210605
8 54 0.219610
8 55 0.229430
8 56 0.239816
8 57 0.249880
8 58 0.259341
8 59 0.267334
8 60 0.273629
8 61 0.277428
8 62 0.278588
8 63 0.276414
8 64 0.270971
8 65 0.261841
8 66 0.249528
8 67 0.234036
8 68 0.216305
8 69 0.196479
8 70 0.175452
8 71 0.152956
8 72 0.129477
8 73 0.104427
8 74 0.078471
8 75 0.051753
8 76 0.026122
8 77 0.003089
8 78 -0.014712
8 79 -0.025749
8 80 -0.028946
8 81 -0.025154
8 82 -0.016832
8 83 -0.007534
8 84 -0.002133
8 85 -0.003411
8 86 -0.015357
8 87 -0.034630
8 88 -0.063979
8 89 -0.089416
8 90 -0.120049
8 91 -0.127177
8 92 -0.139491
8 93 -0.113898
8 94 -0.091877
8 95 -0.061117
8 96 0.030626
8 97 -0.026668
8 98 0.197377
8 99 0.000000

9 0 0.000000
9 1 0.137619
9 2 -0.109849
9 3 -0.048419
9 4 -0.150136
9 5 -0.158506
9 6 -0.160036
9 7 -0.155572
9 8 -0.112755
9 9 -0.079788
9 10 -0.028681
9 11 0.007860
9 12 0.040789
9 13 0.056800
9 14 0.061523
9 15 0.054303
9 16 0.041088
9 17 0.026247
9 18 0.014508
9 19 0.009194
9 20 0.011386
9 21 0.021255
9 22 0.036818
9 23 0.056711
9 24 0.078469
9 25 0.101425
9 26 0.124222
9 27 0.147295
9 28 0.169991
9 29 0.192849
9 30 0.214987
9 31 0.236409
9 32 0.255906
9 33 0.273264
9 34 0.287476
9 35 0.298617
9 36 0.306175
9 37 0.310607
9 38 0.311776
9 39 0.310365
9 40 0.306439
9 41 0.300819
9 42 0.293702
9 43 0.286017
9 44 0.278022
9 45 0.270656
9 46 0.264105
9 47 0.259178
9 48 0.255859
9 49 0.254721
9 50 0.255473
9 51 0.258408
9 52 0.262951
9 53 0.269121
9 54 0.276109
9 55 0.283729
9 56 0.291049
9 57 0.297799
9 58 0.303073
9 59 0.306640
9 60 0.307734
9 61 0.306212
9 62 0.301501
9 63 0.293589
9 64 0.282213
9 65 0.267626
9 66 0.250070
9 67 0.230140
9 68 0.208520
9 69 0.185821
9 70 0.162679
9 71 0.139174
9 72 0.115580
9 73 0.091565
9 74 0.067650
9 75 0.044111
9 76 0.022664
9 77 0.004742
9 78 -0.007201
9 79 -0.011968
9 80 -0.008686
9 81 0.001275
9 82 0.015338
9 83 0.029399
9 84 0.038641
9 85 0.039877
9 86 0.029310
9 87 0.010195
9 88 -0.020086
9 89 -0.047176
9 90 -0.080337
9 91 -0.090140
9 92 -0.105666
9 93 -0.083175
9 94 -0.064588
9 95 -0.037018
9 96 0.050757
9 97 -0.010755
9 98 0.211362
9 99 0.000000

10 0 0.000000
10 1 0.153806
10 2 -0.092207
10 3 -0.024491
10 4 -0.121451
10 5 -0.124719
10 6 -0.121418
10 7 -0.112436
10 8 -0.065067
10 9 -0.028681
10 10 0.025955
10 11 0.064396
10 12 0.099003
10 13 0.114895
10 14 0.118837
10 15 0.109034
10 16 0.092345
10 17 0.072459
10 18 0.054980
10 19 0.042937
10 20 0.038303
10 21 0.041168
10 22 0.050342
10 23 0.064364
10 24 0.081343
10 25 0.100381
10 26 0.120508
10 27 0.141830
10 28 0.164035
10 29 0.187307
10 30 0.211131
10 31 0.235112
10 32 0.258404
10 33 0.280268
10 34 0.300016
10 35 0.317052
10 36 0.331173
10 37 0.342084
10 38 0.350019
10 39 0.354889
10 40 0.357230
10 41 0.357098
10 42 0.355263
10 43 0.351894
10 44 0.347911
10 45 0.343498
10 46 0.339571
10 47 0.336184
10 48 0.334089
10 49 0.333093
10 50 0.333684
10 51 0.335372
10 52 0.338360
10 53 0.341883
10 54 0.345908
10 55 0.349493
10 56 0.352493
10 57 0.353939
10 58 0.353729
10 59 0.351011
10 60 0.345836
10 61 0.337536
10 62 0.326369
10 63 0.311887
10 64 0.294650
10 65 0.274531
10 66 0.252512
10 67 0.228799
10 68 0.204670
10 69 0.180304
10 70 0.156794
10 71 0.133807
10 72 0.111991
10 73 0.090681
10 74 0.070681
10 75 0.051971
10 76 0.036357
10 77 0.024923
10 78 0.019925
10 79 0.022198
10 80 0.032191
10 81 0.048334
10 82 0.067556
10 83 0.085904
10 84 0.098056
10 85 0.101395
10 86 0.091482
10 87 0.072543
10 88 0.041005
10 89 0.012524
10 90 -0.023410
10 91 -0.035957
10 92 -0.055424
10 93 -0.036824
10 94 -0.023320
10 95 -0.000332
10 96 0.081229
10 97 0.012855
10 98 0.233144
10 99 0.000000

11 0 0.000000
11 1 0.167353
11 2 -0.077670
11 3 -0.005863
11 4 -0.098850
11 5 -0.098972
11 6 -0.092527
11 7 -0.080609
11 8 -0.030774
11 9 0.007860
11 10 0.064396
11 11 0.104347
11 12 0.140022
11 13 0.156414
11 14 0.159966
11 15 0.148884
11 16 0.129534
11 17 0.105871
11 18 0.083141
11 19 0.064969
11 20 0.053243
11 21 0.048857
11 22 0.050639
11 23 0.057890
11 24 0.068600
11 25 0.082438
11 26 0.098120
11 27 0.116207
11 28 0.135990
11 29 0.158144
11 30 0.181751
11 31 0.206964
11 32 0.232462
11 33 0.258024
11 34 0.282312
11 35 0.305181
11 36 0.325613
11 37 0.343743
11 38 0.358901
11 39 0.371481
11 40 0.381081
11 41 0.388321
11 42 0.393016
11 43 0.395985
11 44 0.397189
11 45 0.397547
11 46 0.397027
11 47 0.396495
11 48 0.395776
11 49 0.395546
11 50 0.395385
11 51 0.395716
11 52 0.395859
11 53 0.395996
11 54 0.395260
11 55 0.393682
11 56 0.390351
11 57 0.385293
11 58 0.377717
11 59 0.367768
11 60 0.354889
11 61 0.339395
11 62 0.321015
11 63 0.300251
11 64 0.277188
11 65 0.252550
11 66 0.226841
11 67 0.200935
11 68 0.175575
11 69 0.151420
11 70 0.129021
11 71 0.108419
11 72 0.089816
11 73 0.072870
11 74 0.058030
11 75 0.045460
11 76 0.036572
11 77 0.032366
11 78 0.034613
11 79 0.043832
11 80 0.060061
11 81 0.081422
11 82 0.104742
11 83 0.125963
11 84 0.139995
11 85 0.144302
11 86 0.134759
11 87 0.115711
11 88 0.083695
11 89 0.054433
11 90 0.017334
11 91 0.003177
11 92 -0.018367
11 93 -0.002260
11 94 0.007716
11 95 0.027923
11 96 0.104391
11 97 0.031444
11 98 0.250779
11 99 0.000000

12 0 0.000000
12 1 0.182443
12 2 -0.062889
12 3 0.013016
12 4 -0.076024
12 5 -0.073954
12 6 -0.064564
12 7 -0.050855
12 8 0.000929
12 9 0.040789
12 10 0.099003
12 11 0.140022
12 12 0.177400
12 13 0.194800
12 14 0.199540
12 15 0.188507
12 16 0.168567
12 17 0.142669
12 18 0.116559
12 19 0.093377
12 20 0.075738
12 21 0.064472
12 22 0.059249
12 23 0.059378
12 24 0.063545
12 25 0.071245
12 26 0.081693
12 27 0.095110
12 28 0.111267
12 29 0.130481
12 30 0.152431
12 31 0.176908
12 32 0.203254
12 33 0.230748
12 34 0.258668
12 35 0.286142
12 36 0.312694
12 37 0.337534
12 38 0.360529
12 39 0.381028
12 40 0.399210
12 41 0.414577
12 42 0.427587
12 43 0.437892
12 44 0.446174
12 45 0.452178
12 46 0.456687
12 47 0.459422
12 48 0.461128
12 49 0.461390
12 50 0.460806
12 51 0.458775
12 52 0.455724
12 53 0.450892
12 54 0.444585
12 55 0.435985
12 56 0.425394
12 57 0.412075
12 58 0.396450
12 59 0.377967
12 60 0.357247
12 61 0.333957
12 62 0.308943
12 63 0.282091
12 64 0.254495
12 65 0.226245
12 66 0.198663
12 67 0.171911
12 68 0.147328
12 69 0.124805
12 70 0.105351
12 71 0.088318
12 72 0.074340
12 73 0.062532
12 74 0.053720
12 75 0.047566
12 76 0.045621
12 77 0.048295
12 78 0.057197
12 79 0.072274
12 80 0.093300
12 81 0.118169
12 82 0.143591
12 83 0.165844
12 84 0.179831
12 85 0.183802
12 86 0.173378
12 87 0.153852
12 88 0.120975
12 89 0.091361
12 90 0.053284
12 91 0.038284
12 92 0.014913
12 93 0.029319
12 94 0.035793
12 95 0.053934
12 96 0.125592
12 97 0.048260
12 98 0.268065
12 99 0.000000

13 0 0.000000
13 1 0.194652
13 2 -0.052833
13 3 0.025900
13 4 -0.061102
13 5 -0.058504
13 6 -0.048207
13 7 -0.034413
13 8 0.017086
13 9 0.056800
13 10 0.114895
13 11 0.156414
13 12 0.194800
13 13 0.213828
13 14 0.220384
13 15 0.211123
13 16 0.192169
13 17 0.166297
13 18 0.138619
13 19 0.112524
13 20 0.090395
13 21 0.073751
13 22 0.062273
13 23 0.056081
13 24 0.053763
13 25 0.055474
13 26 0.060077
13 27 0.068354
13 28 0.079615
13 29 0.094845
13 30 0.113301
13 31 0.135608
13 32 0.160664
13 33 0.188621
13 34 0.218128
13 35 0.249102
13 36 0.280185
13 37 0.311296
13 38 0.341212
13 39 0.369969
13 40 0.396511
13 41 0.421039
13 42 0.442667
13 43 0.461785
13 44 0.477666
13 45 0.490869
13 46 0.500776
13 47 0.508042
13 48 0.512080
13 49 0.513556
13 50 0.511844
13 51 0.507572
13 52 0.500071
13 53 0.489935
13 54 0.476507
13 55 0.460404
13 56 0.441074
13 57 0.419233
13 58 0.394516
13 59 0.367768
13 60 0.338853
13 61 0.308733
13 62 0.277505
13 63 0.246203
13 64 0.215152
13 65 0.185382
13 66 0.157365
13 67 0.131944
13 68 0.109536
13 69 0.090509
13 70 0.075011
13 71 0.062821
13 72 0.053907
13 73 0.047824
13 74 0.044873
13 75 0.045013
13 76 0.049217
13 77 0.057899
13 78 0.072004
13 79 0.091320
13 80 0.115148
13 81 0.141415
13 82 0.166848
13 83 0.188123
13 84 0.200569
13 85 0.202969
13 86 0.191328
13 87 0.171204
13 88 0.138367
13 89 0.109209
13 90 0.071863
13 91 0.057289
13 92 0.033994
13 93 0.048109
13 94 0.052868
13 95 0.070333
13 96 0.139216
13 97 0.058858
13 98 0.280977
13 99 0.000000

14 0 0.000000
14 1 0.204206
14 2 -0.046147
14 3 0.034557
14 4 -0.051290
14 5 -0.049498
14 6 -0.039059
14 7 -0.026830
14 8 0.023475
14 9 0.061523
14 10 0.118837
14 11 0.159966
14 12 0.199540
14 13 0.220384
14 14 0.230073
14 15 0.223913
14 16 0.208189
14 17 0.184390
14 18 0.157746
14 19 0.130874
14 20 0.106643
14 21 0.086356
14 22 0.070480
14 23 0.059094
14 24 0.051534
14 25 0.047716
14 26 0.047075
14 27 0.049941
14 28 0.056203
14 29 0.066382
14 30 0.080533
14 31 0.098878
14 32 0.121307
14 33 0.147488
14 34 0.177083
14 35 0.209278
14 36 0.243642
14 37 0.279083
14 38 0.315233
14 39 0.350880
14 40 0.385792
14 41 0.418732
14 42 0.449625
14 43 0.477279
14 44 0.501812
14 45 0.522135
14 46 0.538574
14 47 0.550178
14 48 0.557468
14 49 0.559628
14 50 0.557340
14 51 0.549919
14 52 0.538193
14 53 0.521623
14 54 0.501190
14 55 0.476529
14 56 0.448782
14 57 0.417762
14 58 0.384754
14 59 0.349716
14 60 0.314030
14 61 0.277747
14 62 0.242304
14 63 0.207780
14 64 0.175613
14 65 0.145796
14 66 0.119644
14 67 0.096863
14 68 0.078476
14 69 0.063731
14 70 0.053299
14 71 0.046036
14 72 0.042489
14 73 0.041521
14 74 0.043978
14 75 0.049180
14 76 0.058381
14 77 0.071259
14 78 0.088754
14 79 0.110015
14 80 0.134358
14 81 0.159574
14 82 0.182711
14 83 0.200979
14 84 0.210154
14 85 0.209917
14 86 0.196311
14 87 0.175654
14 88 0.143037
14 89 0.115230
14 90 0.079270
14 91 0.066354
14 92 0.043772
14 93 0.058825
14 94 0.062417
14 95 0.080198
14 96 0.147273
14 97 0.064821
14 98 0.289870
14 99 0.000000

15 0 0.000000
15 1 0.210376
15 2 -0.043126
15 3 0.039033
15 4 -0.047084
15 5 -0.046718
15 6 -0.037689
15 7 -0.028123
15 8 0.019152
15 9 0.054303
15 10 0.109034
15 11 0.148884
15 12 0.188507
15 13 0.211123
15 14 0.223913
15 15 0.221889
15 16 0.210463
15 17 0.190643
15 18 0.166775
15 19 0.141408
15 20 0.116947
15 21 0.095214
15 22 0.076553
15 23 0.061836
15 24 0.050205
15 25 0.042283
15 26 0.037017
15 27 0.035344
15 28 0.036513
15 29 0.041805
15 30 0.050700
15 31 0.064471
15 32 0.082489
15 33 0.105649
15 34 0.132966
15 35 0.164841
15 36 0.199926
15 37 0.238255
15 38 0.278255
15 39 0.319763
15 40 0.361086
15 41 0.401979
15 42 0.440689
15 43 0.476987
15 44 0.509157
15 45 0.537118
15 46 0.559328
15 47 0.575982
15 48 0.585824
15 49 0.589398
15 50 0.585793
15 51 0.575923
15 52 0.559240
15 53 0.537006
15 54 0.509022
15 55 0.476835
15 56 0.440526
15 57 0.401804
15 58 0.360920
15 59 0.319586
15 60 0.278111
15 61 0.238089
15 62 0.199822
15 63 0.164680
15 64 0.132888
15 65 0.105436
15 66 0.082344
15 67 0.064038
15 68 0.050240
15 69 0.040777
15 70 0.035210
15 71 0.033015
15 72 0.033936
15 73 0.037506
15 74 0.043941
15 75 0.053060
15 76 0.065422
15 77 0.080887
15 78 0.099648
15 79 0.120944
15 80 0.143649
15 81 0.165969
15 82 0.185095
15 83 0.199078
15 84 0.204203
15 85 0.200990
15 86 0.185778
15 87 0.165154
15 88 0.134004
15 89 0.108594
15 90 0.075594
15 91 0.065367
15 92 0.044899
15 93 0.061616
15 94 0.065248
15 95 0.083644
15 96 0.150282
15 97 0.066283
15 98 0.294416
15 99 0.000000

16 0 0.000000
16 1 0.213383
16 2 -0.041768
16 3 0.041304
16 4 -0.045047
16 5 -0.046560
16 6 -0.039154
16 7 -0.033341
16 8 0.010292
16 9 0.041088
16 10 0.092345
16 11 0.129534
16 12 0.168567
16 13 0.192169
16 14 0.208189
16 15 0.210463
16 16 0.204414
16 17 0.189649
16 18 0.170383
16 19 0.148145
16 20 0.125617
16 21 0.104184
16 22 0.084898
16 23 0.068442
16 24 0.054734
16 25 0.044014
16 26 0.035847
16 27 0.030505
16 28 0.027854
16 29 0.028452
16 30 0.032667
16 31 0.041151
16 32 0.054493
16 33 0.072976
16 34 0.096993
16 35 0.126146
16 36 0.160458
16 37 0.198868
16 38 0.241108
16 39 0.285618
16 40 0.331944
16 41 0.378163
16 42 0.423703
16 43 0.466421
16 44 0.505766
16 45 0.539607
16 46 0.567641
16 47 0.588025
16 48 0.600926
16 49 0.604991
16 50 0.600982
16 51 0.588133
16 52 0.567812
16 53 0.539828
16 54 0.506063
16 55 0.466770
16 56 0.424143
16 57 0.378654
16 58 0.332549
16 59 0.286268
16 60 0.241899
16 61 0.199686
16 62 0.161444
16 63 0.127113
16 64 0.098143
16 65 0.074016
16 66 0.055689
16 67 0.042061
16 68 0.033616
16 69 0.028805
16 70 0.027965
16 71 0.029522
16 72 0.034097
16 73 0.040456
16 74 0.049618
16 75 0.060665
16 76 0.074642
16 77 0.090578
16 78 0.108887
16 79 0.128155
16 80 0.147589
16 81 0.165349
16 82 0.179318
16 83 0.188159
16 84 0.188900
16 85 0.182853
16 86 0.166517
16 87 0.146862
16 88 0.118092
16 89 0.096308
16 90 0.067056
16 91 0.060568
16 92 0.042511
16 93 0.061503
16 94 0.065142
16 95 0.084256
16 96 0.150412
16 97 0.065403
16 98 0.295086
16 99 0.000000

17 0 0.000000
17 1 0.214373
17 2 -0.040605
17 3 0.043696
17 4 -0.042904
17 5 -0.045614
17 6 -0.040360
17 7 -0.038364
17 8 0.000568
17 9 0.026247
17 10 0.072459
17 11 0.105871
17 12 0.142669
17 13 0.166297
17 14 0.184390
17 15 0.190643
17 16 0.189649
17 17 0.180457
17 18 0.166275
17 19 0.148377
17 20 0.128773
17 21 0.109237
17 22 0.090519
17 23 0.074091
17 24 0.059536
17 25 0.047869
17 26 0.037978
17 27 0.030796
17 28 0.025260
17 29 0.022710
17 30 0.022601
17 31 0.026713
17 32 0.034827
17 33 0.048673
17 34 0.067800
17 35 0.093391
17 36 0.124417
17 37 0.161395
17 38 0.202715
17 39 0.248353
17 40 0.296221
17 41 0.345879
17 42 0.394847
17 43 0.442420
17 44 0.485922
17 45 0.524674
17 46 0.556154
17 47 0.580082
17 48 0.594459
17 49 0.599702
17 50 0.594573
17 51 0.580312
17 52 0.556499
17 53 0.525140
17 54 0.486509
17 55 0.443134
17 56 0.395692
17 57 0.346855
17 58 0.297345
17 59 0.249604
17 60 0.204135
17 61 0.162922
17 62 0.126135
17 63 0.095167
17 64 0.069773
17 65 0.050601
17 66 0.036917
17 67 0.028566
17 68 0.024481
17 69 0.024017
17 70 0.026289
17 71 0.030717
17 72 0.037064
17 73 0.045091
17 74 0.055099
17 75 0.066903
17 76 0.080732
17 77 0.096004
17 78 0.112313
17 79 0.128608
17 80 0.143669
17 81 0.156404
17 82 0.164868
17 83 0.168841
17 84 0.165765
17 85 0.157872
17 86 0.141695
17 87 0.124325
17 88 0.099431
17 89 0.082373
17 90 0.058031
17 91 0.055763
17 92 0.040684
17 93 0.061673
17 94 0.065514
17 95 0.084446
17 96 0.150080
17 97 0.063777
17 98 0.293268
17 99 0.000000

18 0 0.000000
18 1 0.213843
18 2 -0.037906
18 3 0.047617
18 4 -0.037885
18 5 -0.041259
18 6 -0.037468
18 7 -0.039424
18 8 -0.005135
18 9 0.014508
18 10 0.054980
18 11 0.083141
18 12 0.116559
18 13 0.138619
18 14 0.157746
18 15 0.166775
18 16 0.170383
18 17 0.166275
18 18 0.157486
18 19 0.144124
18 20 0.128380
18 21 0.111388
18 22 0.094580
18 23 0.079078
18 24 0.065325
18 25 0.053810
18 26 0.044155
18 27 0.036393
18 28 0.030131
18 29 0.025619
18 30 0.023203
18 31 0.023618
18 32 0.027924
18 33 0.036865
18 34 0.051578
18 35 0.072168
18 36 0.099335
18 37 0.132289
18 38 0.171192
18 39 0.214441
18 40 0.261730
18 41 0.310770
18 42 0.360856
18 43 0.409186
18 44 0.454862
18 45 0.494925
18 46 0.528685
18 47 0.553520
18 48 0.569389
18 49 0.574431
18 50 0.569541
18 51 0.553818
18 52 0.529142
18 53 0.495528
18 54 0.455636
18 55 0.410102
18 56 0.361960
18 57 0.312011
18 58 0.263180
18 59 0.216017
18 60 0.173000
18 61 0.134195
18 62 0.101495
18 63 0.074367
18 64 0.054035
18 65 0.039246
18 66 0.030519
18 67 0.025930
18 68 0.025581
18 69 0.027358
18 70 0.031609
18 71 0.036672
18 72 0.043585
18 73 0.051259
18 74 0.061071
18 75 0.071946
18 76 0.084788
18 77 0.098055
18 78 0.111777
18 79 0.124212
18 80 0.134748
18 81 0.142256
18 82 0.145721
18 83 0.145447
18 84 0.139708
18 85 0.131235
18 86 0.116671
18 87 0.103015
18 88 0.083192
18 89 0.071931
18 90 0.052968
18 91 0.055332
18 92 0.042881
18 93 0.065575
18 94 0.068777
18 95 0.086778
18 96 0.150640
18 97 0.063065
18 98 0.289576
18 99 0.000000

19 0 0.000000
19 1 0.213238
19 2 -0.032855
19 3 0.054650
19 4 -0.028750
19 5 -0.031381
19 6 -0.028706
19 7 -0.033783
19 8 -0.004350
19 9 0.009194
19 10 0.042937
19 11 0.064969
19 12 0.093377
19 13 0.112524
19 14 0.130874
19 15 0.141408
19 16 0.148145
19 17 0.148377
19 18 0.144124
19 19 0.135228
19 20 0.123055
19 21 0.109086
19 22 0.094277
19 23 0.080602
19 24 0.068050
19 25 0.058050
19 26 0.049411
19 27 0.042978
19 28 0.037149
19 29 0.033003
19 30 0.029528
19 31 0.028571
19 32 0.029869
19 33 0.035663
19 34 0.045784
19 35 0.062116
19 36 0.083938
19 37 0.112398
19 38 0.146035
19 39 0.185285
19 40 0.227999
19 41 0.274008
19 42 0.320556
19 43 0.367016
19 44 0.410242
19 45 0.449498
19 46 0.481701
19 47 0.506514
19 48 0.521441
19 49 0.526988
19 50 0.521605
19 51 0.506845
19 52 0.482195
19 53 0.450163
19 54 0.411075
19 55 0.368023
19 56 0.321739
19 57 0.275365
19 58 0.229543
19 59 0.186992
19 60 0.147946
19 61 0.114443
19 62 0.086200
19 63 0.064450
19 64 0.048331
19 65 0.038160
19 66 0.032527
19 67 0.030956
19 68 0.031914
19 69 0.034741
19 70 0.038543
19 71 0.043137
19 72 0.048621
19 73 0.055219
19 74 0.063401
19 75 0.073007
19 76 0.083915
19 77 0.095146
19 78 0.105789
19 79 0.114708
19 80 0.120826
19 81 0.124002
19 82 0.123302
19 83 0.120248
19 84 0.113278
19 85 0.105949
19 86 0.094575
19 87 0.086072
19 88 0.072496
19 89 0.067723
19 90 0.054578
19 91 0.061358
19 92 0.051294
19 93 0.074673
19 94 0.076681
19 95 0.092329
19 96 0.153520
19 97 0.064015
19 98 0.285498
19 99 0.000000

20 0 0.000000
20 1 0.212446
20 2 -0.025259
20 3 0.064311
20 4 -0.015210
20 5 -0.016272
20 6 -0.013517
20 7 -0.021167
20 8 0.004104
20 9 0.011386
20 10 0.038303
20 11 0.053243
20 12 0.075738
20 13 0.090395
20 14 0.106643
20 15 0.116947
20 16 0.125617
20 17 0.128773
20 18 0.128380
20 19 0.123055
20 20 0.114356
20 21 0.102936
20 22 0.090471
20 23 0.078429
20 24 0.067829
20 25 0.059485
20 26 0.053189
20 27 0.048747
20 28 0.045407
20 29 0.042824
20 30 0.040916
20 31 0.039957
20 32 0.040936
20 33 0.044510
20 34 0.052143
20 35 0.064092
20 36 0.081568
20 37 0.103964
20 38 0.131976
20 39 0.164128
20 40 0.200628
20 41 0.239254
20 42 0.279784
20 43 0.319401
20 44 0.357620
20 45 0.391361
20 46 0.420269
20 47 0.441510
20 48 0.455326
20 49 0.459599
20 50 0.455492
20 51 0.441835
20 52 0.420768
20 53 0.392015
20 54 0.358457
20 55 0.320386
20 56 0.280967
20 57 0.240573
20 58 0.202160
20 59 0.165775
20 60 0.133853
20 61 0.105917
20 62 0.083764
20 63 0.066289
20 64 0.054577
20 65 0.046810
20 66 0.043414
20 67 0.042063
20 68 0.043029
20 69 0.044170
20 70 0.046396
20 71 0.048363
20 72 0.051819
20 73 0.055920
20 74 0.062391
20 75 0.069900
20 76 0.079126
20 77 0.087923
20 78 0.096015
20 79 0.101496
20 80 0.104131
20 81 0.103670
20 82 0.100239
20 83 0.095663
20 84 0.089172
20 85 0.084419
20 86 0.077717
20 87 0.075441
20 88 0.068870
20 89 0.070954
20 90 0.063471
20 91 0.074325
20 92 0.065788
20 93 0.089025
20 94 0.088679
20 95 0.101113
20 96 0.158142
20 97 0.066695
20 98 0.280925
20 99 0.000000

21 0 0.000000
21 1 0.212192
21 2 -0.015746
21 3 0.076477
21 4 0.001779
21 5 0.003578
21 6 0.007069
21 7 -0.001935
21 8 0.019594
21 9 0.021255
21 10 0.041168
21 11 0.048857
21 12 0.064472
21 13 0.073751
21 14 0.086356
21 15 0.095214
21 16 0.104184
21 17 0.109237
21 18 0.111388
21 19 0.109086
21 20 0.102936
21 21 0.093950
21 22 0.083130
21 23 0.072899
21 24 0.063699
21 25 0.057554
21 26 0.053386
21 27 0.052134
21 28 0.051677
21 29 0.052703
21 30 0.053370
21 31 0.055104
21 32 0.056971
21 33 0.061101
21 34 0.066987
21 35 0.076728
21 36 0.089504
21 37 0.106875
21 38 0.127417
21 39 0.152131
21 40 0.179040
21 41 0.208709
21 42 0.238689
21 43 0.269222
21 44 0.297521
21 45 0.323726
21 46 0.345026
21 47 0.361822
21 48 0.371679
21 49 0.375604
21 50 0.371834
21 51 0.362134
21 52 0.345490
21 53 0.324350
21 54 0.298297
21 55 0.270156
21 56 0.239777
21 57 0.209949
21 58 0.180438
21 59 0.153663
21 60 0.129114
21 61 0.108665
21 62 0.091463
21 63 0.078702
21 64 0.069114
21 65 0.063098
21 66 0.059051
21 67 0.056802
21 68 0.054967
21 69 0.053502
21 70 0.051995
21 71 0.051022
21 72 0.051146
21 73 0.053041
21 74 0.057164
21 75 0.063196
21 76 0.070483
21 77 0.077608
21 78 0.083203
21 79 0.086222
21 80 0.085887
21 81 0.083137
21 82 0.078001
21 83 0.073526
21 84 0.068773
21 85 0.068060
21 86 0.067010
21 87 0.071771
21 88 0.072511
21 89 0.081387
21 90 0.079170
21 91 0.093301
21 92 0.085541
21 93 0.107439
21 94 0.104036
21 95 0.112137
21 96 0.164302
21 97 0.070487
21 98 0.276566
21 99 0.000000

22 0 0.000000
22 1 0.211488
22 2 -0.005398
22 3 0.089211
22 4 0.020542
22 5 0.025689
22 6 0.031048
22 7 0.021441
22 8 0.040289
22 9 0.036818
22 10 0.050342
22 11 0.050639
22 12 0.059249
22 13 0.062273
22 14 0.070480
22 15 0.076553
22 16 0.084898
22 17 0.090519
22 18 0.094580
22 19 0.094277
22 20 0.090471
22 21 0.083130
22 22 0.074010
22 23 0.064812
22 24 0.057191
22 25 0.052469
22 26 0.050913
22 27 0.052375
22 28 0.055964
22 29 0.060741
22 30 0.066020
22 31 0.071186
22 32 0.076616
22 33 0.082196
22 34 0.089070
22 35 0.097006
22 36 0.107234
22 37 0.118918
22 38 0.133087
22 39 0.148319
22 40 0.165514
22 41 0.182845
22 42 0.201169
22 43 0.218367
22 44 0.235288
22 45 0.249643
22 46 0.262380
22 47 0.271251
22 48 0.277476
22 49 0.279060
22 50 0.277620
22 51 0.271531
22 52 0.262811
22 53 0.250201
22 54 0.236006
22 55 0.219198
22 56 0.202168
22 57 0.183938
22 58 0.166786
22 59 0.149653
22 60 0.134610
22 61 0.120451
22 62 0.108960
22 63 0.098653
22 64 0.090891
22 65 0.083779
22 66 0.078296
22 67 0.072361
22 68 0.067093
22 69 0.060871
22 70 0.055591
22 71 0.050405
22 72 0.047770
22 73 0.046872
22 74 0.049512
22 75 0.053796
22 76 0.060000
22 77 0.065318
22 78 0.069273
22 79 0.069973
22 80 0.067743
22 81 0.063294
22 82 0.057803
22 83 0.054327
22 84 0.052628
22 85 0.056708
22 86 0.062097
22 87 0.074062
22 88 0.082069
22 89 0.097237
22 90 0.099534
22 91 0.116051
22 92 0.108039
22 93 0.127732
22 94 0.120356
22 95 0.123711
22 96 0.170192
22 97 0.074354
22 98 0.271476
22 99 0.000000

23 0 0.000000
23 1 0.210433
23 2 0.004618
23 3 0.101734
23 4 0.039330
23 5 0.048599
23 6 0.056340
23 7 0.047307
23 8 0.064202
23 9 0.056711
23 10 0.064364
23 11 0.057890
23 12 0.059378
23 13 0.056081
23 14 0.059094
23 15 0.061836
23 16 0.068442
23 17 0.074091
23 18 0.079078
23 19 0.080602
23 20 0.078429
23 21 0.072899
23 22 0.064812
23 23 0.056868
23 24 0.049938
23 25 0.046808
23 26 0.046810
23 27 0.051366
23 28 0.058158
23 29 0.067694
23 30 0.077279
23 31 0.087692
23 32 0.096874
23 33 0.106289
23 34 0.114433
23 35 0.123019
23 36 0.130541
23 37 0.138554
23 38 0.145331
23 39 0.152322
23 40 0.157729
23 41 0.163128
23 42 0.166786
23 43 0.170477
23 44 0.172516
23 45 0.174809
23 46 0.175641
23 47 0.176969
23 48 0.177002
23 49 0.177681
23 50 0.177129
23 51 0.177226
23 52 0.176021
23 53 0.175319
23 54 0.173143
23 55 0.171231
23 56 0.167653
23 57 0.164109
23 58 0.158823
23 59 0.153503
23 60 0.146625
23 61 0.139886
23 62 0.131981
23 63 0.124403
23 64 0.115899
23 65 0.107534
23 66 0.098111
23 67 0.088426
23 68 0.077793
23 69 0.067246
23 70 0.057071
23 71 0.048635
23 72 0.042753
23 73 0.040228
23 74 0.041116
23 75 0.044644
23 76 0.049455
23 77 0.053727
23 78 0.055800
23 79 0.054970
23 80 0.050951
23 81 0.045836
23 82 0.040483
23 83 0.039126
23 84 0.040999
23 85 0.050613
23 86 0.062499
23 87 0.081661
23 88 0.096340
23 89 0.117073
23 90 0.122880
23 91 0.140717
23 92 0.131542
23 93 0.148070
23 94 0.136272
23 95 0.134372
23 96 0.175175
23 97 0.077342
23 98 0.265820
23 99 0.000000

24 0 0.000000
24 1 0.207813
24 2 0.013235
24 3 0.112232
24 4 0.056474
24 5 0.069926
24 6 0.080854
24 7 0.073055
24 8 0.089145
24 9 0.078469
24 10 0.081343
24 11 0.068600
24 12 0.063545
24 13 0.053763
24 14 0.051534
24 15 0.050205
24 16 0.054734
24 17 0.059536
24 18 0.065325
24 19 0.068050
24 20 0.067829
24 21 0.063699
24 22 0.057191
24 23 0.049938
24 24 0.044106
24 25 0.041556
24 26 0.043297
24 27 0.049598
24 28 0.059859
24 29 0.072870
24 30 0.087532
24 31 0.102284
24 32 0.116667
24 33 0.129371
24 34 0.140746
24 35 0.149522
24 36 0.156486
24 37 0.160139
24 38 0.161561
24 39 0.159169
24 40 0.154545
24 41 0.146329
24 42 0.136759
24 43 0.124795
24 44 0.113194
24 45 0.101041
24 46 0.091257
24 47 0.082726
24 48 0.078150
24 49 0.075928
24 50 0.078265
24 51 0.082946
24 52 0.091600
24 53 0.101476
24 54 0.113758
24 55 0.125434
24 56 0.137533
24 57 0.147153
24 58 0.155512
24 59 0.160149
24 60 0.162692
24 61 0.161221
24 62 0.157719
24 63 0.150603
24 64 0.141949
24 65 0.130246
24 66 0.117571
24 67 0.102561
24 68 0.087612
24 69 0.071845
24 70 0.058198
24 71 0.046129
24 72 0.038482
24 73 0.034042
24 74 0.034315
24 75 0.036584
24 76 0.040682
24 77 0.043279
24 78 0.043982
24 79 0.041231
24 80 0.036135
24 81 0.030416
24 82 0.026130
24 83 0.027173
24 84 0.033369
24 85 0.048516
24 86 0.067015
24 87 0.092769
24 88 0.113489
24 89 0.138708
24 90 0.146991
24 91 0.165050
24 92 0.153798
24 93 0.166505
24 94 0.149809
24 95 0.142681
24 96 0.177771
24 97 0.078587
24 98 0.258535
24 99 0.000000

25 0 0.000000
25 1 0.203794
25 2 0.019891
25 3 0.120575
25 4 0.071126
25 5 0.089143
25 6 0.103537
25 7 0.097947
25 8 0.114016
25 9 0.101425
25 10 0.100381
25 11 0.082438
25 12 0.071245
25 13 0.055474
25 14 0.047716
25 15 0.042283
25 16 0.044014
25 17 0.047869
25 18 0.053810
25 19 0.058050
25 20 0.059485
25 21 0.057554
25 22 0.052469
25 23 0.046808
25 24 0.041556
25 25 0.040154
25 26 0.042449
25 27 0.050656
25 28 0.062666
25 29 0.079235
25 30 0.097116
25 31 0.116623
25 32 0.134530
25 33 0.151481
25 34 0.164681
25 35 0.175153
25 36 0.180378
25 37 0.181655
25 38 0.176721
25 39 0.167354
25 40 0.151825
25 41 0.132731
25 42 0.109089
25 43 0.084366
25 44 0.058147
25 45 0.034384
25 46 0.012697
25 47 -0.003115
25 48 -0.014016
25 49 -0.016958
25 50 -0.013920
25 51 -0.002919
25 52 0.012982
25 53 0.034770
25 54 0.058615
25 55 0.084929
25 56 0.109728
25 57 0.133451
25 58 0.152618
25 59 0.168200
25 60 0.177640
25 61 0.182572
25 62 0.181359
25 63 0.176031
25 64 0.165588
25 65 0.152103
25 66 0.135079
25 67 0.116576
25 68 0.096759
25 69 0.077785
25 70 0.060452
25 71 0.046622
25 72 0.036927
25 73 0.031903
25 74 0.030885
25 75 0.032551
25 76 0.034940
25 77 0.036147
25 78 0.034601
25 79 0.030338
25 80 0.023782
25 81 0.018194
25 82 0.015020
25 83 0.019233
25 84 0.029739
25 85 0.050706
25 86 0.075286
25 87 0.107172
25 88 0.132847
25 89 0.161563
25 90 0.171091
25 91 0.188355
25 92 0.174179
25 93 0.182446
25 94 0.160676
25 95 0.148226
25 96 0.178076
25 97 0.077833
25 98 0.249920
25 99 0.000000

26 0 0.000000
26 1 0.197642
26 2 0.024298
26 3 0.125955
26 4 0.082734
26 5 0.105197
26 6 0.123582
26 7 0.120712
26 8 0.137832
26 9 0.124222
26 10 0.120508
26 11 0.098120
26 12 0.081693
26 13 0.060077
26 14 0.047075
26 15 0.037017
26 16 0.035847
26 17 0.037978
26 18 0.044155
26 19 0.049411
26 20 0.053189
26 21 0.053386
26 22 0.050913
26 23 0.046810
26 24 0.043297
26 25 0.042449
26 26 0.045938
26 27 0.054575
26 28 0.068393
26 29 0.086299
26 30 0.107206
26 31 0.128905
26 32 0.150320
26 33 0.168998
26 34 0.184512
26 35 0.194477
26 36 0.199205
26 37 0.196461
26 38 0.187375
26 39 0.170132
26 40 0.146958
26 41 0.116829
26 42 0.083242
26 43 0.046028
26 44 0.009677
26 45 -0.025584
26 46 -0.055015
26 47 -0.078789
26 48 -0.092809
26 49 -0.098390
26 50 -0.092726
26 51 -0.078635
26 52 -0.054768
26 53 -0.025280
26 54 0.010080
26 55 0.046469
26 56 0.083791
26 57 0.117389
26 58 0.147635
26 59 0.170783
26 60 0.188152
26 61 0.197147
26 62 0.200017
26 63 0.195087
26 64 0.185215
26 65 0.169308
26 66 0.150618
26 67 0.128487
26 68 0.106529
26 69 0.084392
26 70 0.065758
26 71 0.049968
26 72 0.039860
26 73 0.033484
26 74 0.031922
26 75 0.031714
26 76 0.032570
26 77 0.031102
26 78 0.027510
26 79 0.020965
26 80 0.013564
26 81 0.007955
26 82 0.006760
26 83 0.014184
26 84 0.029581
26 85 0.056030
26 86 0.086559
26 87 0.123638
26 88 0.153474
26 89 0.184431
26 90 0.194214
26 91 0.209636
26 92 0.191862
26 93 0.195237
26 94 0.168260
26 95 0.150671
26 96 0.175612
26 97 0.074972
26 98 0.239420
26 99 0.000000

27 0 0.000000
27 1 0.189933
27 2 0.026661
27 3 0.129025
27 4 0.091533
27 5 0.118665
27 6 0.141164
27 7 0.141811
27 8 0.160689
27 9 0.147295
27 10 0.141830
27 11 0.116207
27 12 0.095110
27 13 0.068354
27 14 0.049941
27 15 0.035344
27 16 0.030505
27 17 0.030796
27 18 0.036393
27 19 0.042978
27 20 0.048747
27 21 0.052134
