0 0 0.000000
0 1 0.000000
0 2 0.000000
0 3 0.000000
0 4 0.000000
0 5 0.000000
0 6 0.000000
0 7 0.000000
0 8 0.000000
0 9 0.000000
0 10 0.000000
0 11 0.000000
0 12 0.000000
0 13 0.000000
0 14 0.000000
0 15 0.000000
0 16 0.000000
0 17 0.000000
0 18 0.000000
0 19 0.000000
0 20 0.000000
0 21 0.000000
0 22 0.000000
0 23 0.000000
0 24 0.000000
0 25 0.000000
0 26 0.000000
0 27 0.000000
0 28 0.000000
0 29 0.000000
0 30 0.000000
0 31 0.000000
0 32 0.000000
0 33 0.000000
0 34 0.000000
0 35 0.000000
0 36 0.000000
0 37 0.000000
0 38 0.000000
0 39 0.000000
0 40 0.000000
0 41 0.000000
0 42 0.000000
0 43 0.000000
0 44 0.000000
0 45 0.000000
0 46 0.000000
0 47 0.000000
0 48 0.000000
0 49 0.000000
0 50 0.000000
0 51 0.000000
0 52 0.000000
0 53 0.000000
0 54 0.000000
0 55 0.000000
0 56 0.000000
0 57 0.000000
0 58 0.000000
0 59 0.000000
0 60 0.000000
0 61 0.000000
0 62 0.000000
0 63 0.000000
0 64 0.000000
0 65 0.000000
0 66 0.000000
0 67 0.000000
0 68 0.000000
0 69 0.000000
0 70 0.000000
0 71 0.000000
0 72 0.000000
0 73 0.000000
0 74 0.000000
0 75 0.000000
0 76 0.000000
0 77 0.000000
0 78 0.000000
0 79 0.000000
0 80 0.000000
0 81 0.000000
0 82 0.000000
0 83 0.000000
0 84 0.000000
0 85 0.000000
0 86 0.000000
0 87 0.000000
0 88 0.000000
0 89 0.000000
0 90 0.000000
0 91 0.000000
0 92 0.000000
0 93 0.000000
0 94 0.000000
0 95 0.000000
0 96 0.000000
0 97 0.000000
0 98 0.000000
0 99 0.000000

1 0 0.000000
1 1 0.123844
1 2 0.333957
1 3 0.281572
1 4 0.382679
1 5 0.356741
1 6 0.317894
1 7 0.273040
1 8 0.178962
1 9 0.100122
1 10 0.001244
1 11 -0.081063
1 12 -0.156367
1 13 -0.211580
1 14 -0.248384
1 15 -0.265014
1 16 -0.264172
1 17 -0.248955
1 18 -0.223595
1 19 -0.192297
1 20 -0.158903
1 21 -0.126484
1 22 -0.097196
1 23 -0.072277
1 24 -0.052173
1 25 -0.036736
1 26 -0.025431
1 27 -0.017532
1 28 -0.012275
1 29 -0.008959
1 30 -0.006993
1 31 -0.005920
1 32 -0.005407
1 33 -0.005220
1 34 -0.005212
1 35 -0.005287
1 36 -0.005394
1 37 -0.005501
1 38 -0.005598
1 39 -0.005676
1 40 -0.005737
1 41 -0.005780
1 42 -0.005811
1 43 -0.005830
1 44 -0.005842
1 45 -0.005847
1 46 -0.005850
1 47 -0.005849
1 48 -0.005849
1 49 -0.005847
1 50 -0.005847
1 51 -0.005847
1 52 -0.005849
1 53 -0.005849
1 54 -0.005850
1 55 -0.005847
1 56 -0.005843
1 57 -0.005831
1 58 -0.005813
1 59 -0.005785
1 60 -0.005747
1 61 -0.005699
1 62 -0.005648
1 63 -0.005605
1 64 -0.005600
1 65 -0.005682
1 66 -0.005942
1 67 -0.006524
1 68 -0.007654
1 69 -0.009654
1 70 -0.012974
1 71 -0.018187
1 72 -0.025981
1 73 -0.037102
1 74 -0.052257
1 75 -0.071968
1 76 -0.096376
1 77 -0.125034
1 78 -0.156715
1 79 -0.189296
1 80 -0.219757
1 81 -0.244364
1 82 -0.259001
1 83 -0.259783
1 84 -0.243424
1 85 -0.208591
1 86 -0.154580
1 87 -0.086057
1 88 -0.002835
1 89 0.079040
1 90 0.170267
1 91 0.233649
1 92 0.306083
1 93 0.332557
1 94 0.345728
1 95 0.366184
1 96 0.260859
1 97 0.304533
1 98 0.152607
1 99 0.000000

2 0 0.000000
2 1 0.333957
2 2 0.419832
2 3 0.397669
2 4 0.530067
2 5 0.494728
2 6 0.508643
2 7 0.477141
2 8 0.414441
2 9 0.347380
2 10 0.252034
2 11 0.159925
2 12 0.063633
2 13 -0.020425
2 14 -0.090800
2 15 -0.141706
2 16 -0.172908
2 17 -0.185184
2 18 -0.181597
2 19 -0.166076
2 20 -0.142957
2 21 -0.116269
2 22 -0.089333
2 23 -0.064538
2 24 -0.043313
2 25 -0.026247
2 26 -0.013295
2 27 -0.004004
2 28 0.002286
2 29 0.006277
2 30 0.008615
2 31 0.009836
2 32 0.010352
2 33 0.010455
2 34 0.010342
2 35 0.010132
2 36 0.009900
2 37 0.009679
2 38 0.009488
2 39 0.009330
2 40 0.009205
2 41 0.009107
2 42 0.009035
2 43 0.008979
2 44 0.008941
2 45 0.008911
2 46 0.008892
2 47 0.008878
2 48 0.008871
2 49 0.008864
2 50 0.008864
2 51 0.008864
2 52 0.008871
2 53 0.008878
2 54 0.008892
2 55 0.008911
2 56 0.008940
2 57 0.008978
2 58 0.009031
2 59 0.009098
2 60 0.009186
2 61 0.009288
2 62 0.009401
2 63 0.009502
2 64 0.009557
2 65 0.009491
2 66 0.009183
2 67 0.008438
2 68 0.006969
2 69 0.004370
2 70 0.000117
2 71 -0.006421
2 72 -0.015924
2 73 -0.029024
2 74 -0.046138
2 75 -0.067274
2 76 -0.091804
2 77 -0.118264
2 78 -0.144238
2 79 -0.166388
2 80 -0.180686
2 81 -0.182874
2 82 -0.169069
2 83 -0.136649
2 84 -0.084614
2 85 -0.015087
2 86 0.068828
2 87 0.157952
2 88 0.249350
2 89 0.324725
2 90 0.393008
2 91 0.425919
2 92 0.447508
2 93 0.446666
2 94 0.398272
2 95 0.418757
2 96 0.298727
2 97 0.307288
2 98 0.303652
2 99 0.000000

3 0 0.000000
3 1 0.281572
3 2 0.397669
3 3 0.360861
3 4 0.502398
3 5 0.474442
3 6 0.486523
3 7 0.463233
3 8 0.392021
3 9 0.322051
3 10 0.212439
3 11 0.107457
3 12 -0.005616
3 13 -0.104577
3 14 -0.188197
3 15 -0.248373
3 16 -0.284507
3 17 -0.297021
3 18 -0.289432
3 19 -0.266446
3 20 -0.233450
3 21 -0.195575
3 22 -0.157162
3 23 -0.121413
3 24 -0.090332
3 25 -0.064827
3 26 -0.044960
3 27 -0.030216
3 28 -0.019773
3 29 -0.012711
3 30 -0.008158
3 31 -0.005368
3 32 -0.003756
3 33 -0.002888
3 34 -0.002469
3 35 -0.002300
3 36 -0.002264
3 37 -0.002287
3 38 -0.002334
3 39 -0.002381
3 40 -0.002425
3 41 -0.002458
3 42 -0.002485
3 43 -0.002501
3 44 -0.002516
3 45 -0.002522
3 46 -0.002528
3 47 -0.002529
3 48 -0.002532
3 49 -0.002531
3 50 -0.002533
3 51 -0.002531
3 52 -0.002533
3 53 -0.002529
3 54 -0.002529
3 55 -0.002522
3 56 -0.002517
3 57 -0.002504
3 58 -0.002492
3 59 -0.002473
3 60 -0.002459
3 61 -0.002452
3 62 -0.002480
3 63 -0.002575
3 64 -0.002814
3 65 -0.003314
3 66 -0.004273
3 67 -0.005983
3 68 -0.008876
3 69 -0.013529
3 70 -0.020683
3 71 -0.031198
3 72 -0.045983
3 73 -0.065840
3 74 -0.091263
3 75 -0.122168
3 76 -0.157627
3 77 -0.195622
3 78 -0.232944
3 79 -0.265260
3 80 -0.287445
3 81 -0.294193
3 82 -0.280764
3 83 -0.244106
3 84 -0.183173
3 85 -0.100930
3 86 -0.001103
3 87 0.104439
3 88 0.213348
3 89 0.301328
3 90 0.383579
3 91 0.418978
3 92 0.448771
3 93 0.440428
3 94 0.392927
3 95 0.406614
3 96 0.274593
3 97 0.295940
3 98 0.257080
3 99 0.000000

4 0 0.000000
4 1 0.382679
4 2 0.530067
4 3 0.502398
4 4 0.703372
4 5 0.674806
4 6 0.717923
4 7 0.695597
4 8 0.624911
4 9 0.544296
4 10 0.414452
4 11 0.284055
4 12 0.139533
4 13 0.008025
4 14 -0.108061
4 15 -0.197514
4 16 -0.258368
4 17 -0.289810
4 18 -0.295119
4 19 -0.279307
4 20 -0.248606
4 21 -0.209271
4 22 -0.166860
4 23 -0.125720
4 24 -0.088805
4 25 -0.057727
4 26 -0.032991
4 27 -0.014304
4 28 -0.000886
4 29 0.008259
4 30 0.014144
4 31 0.017676
4 32 0.019601
4 33 0.020479
4 34 0.020721
4 35 0.020596
4 36 0.020284
4 37 0.019887
4 38 0.019474
4 39 0.019072
4 40 0.018704
4 41 0.018370
4 42 0.018081
4 43 0.017827
4 44 0.017616
4 45 0.017437
4 46 0.017298
4 47 0.017187
4 48 0.017113
4 49 0.017065
4 50 0.017053
4 51 0.017065
4 52 0.017113
4 53 0.017187
4 54 0.017298
4 55 0.017436
4 56 0.017614
4 57 0.017822
4 58 0.018070
4 59 0.018345
4 60 0.018650
4 61 0.018959
4 62 0.019249
4 63 0.019449
4 64 0.019463
4 65 0.019110
4 66 0.018127
4 67 0.016109
4 68 0.012504
4 69 0.006571
4 70 -0.002583
4 71 -0.015963
4 72 -0.034553
4 73 -0.059124
4 74 -0.089959
4 75 -0.126549
4 76 -0.167283
4 77 -0.209235
4 78 -0.248097
4 79 -0.278388
4 80 -0.293927
4 81 -0.288660
4 82 -0.257561
4 83 -0.197975
4 84 -0.109802
4 85 0.002093
4 86 0.132319
4 87 0.265800
4 88 0.399556
4 89 0.505209
4 90 0.599549
4 91 0.639330
4 92 0.662805
4 93 0.652361
4 94 0.573382
4 95 0.588963
4 96 0.405754
4 97 0.414478
4 98 0.359612
4 99 0.000000

5 0 0.000000
5 1 0.356741
5 2 0.494728
5 3 0.474442
5 4 0.674806
5 5 0.655874
5 6 0.708675
5 7 0.697894
5 8 0.635376
5 9 0.563023
5 10 0.434475
5 11 0.303122
5 12 0.151332
5 13 0.009757
5 14 -0.119542
5 15 -0.222829
5 16 -0.296941
5 17 -0.339450
5 18 -0.352756
5 19 -0.341390
5 20 -0.311660
5 21 -0.270280
5 22 -0.223539
5 23 -0.176610
5 24 -0.133247
5 25 -0.095728
5 26 -0.065047
5 27 -0.041204
5 28 -0.023544
5 29 -0.011061
5 30 -0.002654
5 31 0.002723
5 32 0.005953
5 33 0.007740
5 34 0.008594
5 35 0.008885
5 36 0.008845
5 37 0.008635
5 38 0.008339
5 39 0.008021
5 40 0.007701
5 41 0.007407
5 42 0.007134
5 43 0.006899
5 44 0.006689
5 45 0.006520
5 46 0.006376
5 47 0.006271
5 48 0.006190
5 49 0.006148
5 50 0.006128
5 51 0.006148
5 52 0.006190
5 53 0.006271
5 54 0.006375
5 55 0.006519
5 56 0.006686
5 57 0.006891
5 58 0.007116
5 59 0.007367
5 60 0.007617
5 61 0.007850
5 62 0.008000
5 63 0.007991
5 64 0.007660
5 65 0.006782
5 66 0.004991
5 67 0.001783
5 68 -0.003542
5 69 -0.011860
5 70 -0.024211
5 71 -0.041694
5 72 -0.065314
5 73 -0.095727
5 74 -0.132945
5 75 -0.175986
5 76 -0.222597
5 77 -0.269069
5 78 -0.310291
5 79 -0.340080
5 80 -0.351809
5 81 -0.339382
5 82 -0.298188
5 83 -0.226554
5 84 -0.125591
5 85 -0.001953
5 86 0.138057
5 87 0.277257
5 88 0.413993
5 89 0.517229
5 90 0.608665
5 91 0.641167
5 92 0.659498
5 93 0.642337
5 94 0.559633
5 95 0.568977
5 96 0.388867
5 97 0.391182
5 98 0.335710
5 99 0.000000

6 0 0.000000
6 1 0.317894
6 2 0.508643
6 3 0.486523
6 4 0.717923
6 5 0.708675
6 6 0.783077
6 7 0.783400
6 8 0.732406
6 9 0.667427
6 10 0.540401
6 11 0.407037
6 12 0.246554
6 13 0.092488
6 14 -0.053545
6 15 -0.175278
6 16 -0.268220
6 17 -0.327974
6 18 -0.355664
6 19 -0.354903
6 20 -0.331709
6 21 -0.292996
6 22 -0.245640
6 23 -0.195641
6 24 -0.147636
6 25 -0.104735
6 26 -0.068599
6 27 -0.039710
6 28 -0.017687
6 29 -0.001648
6 30 0.009527
6 31 0.016957
6 32 0.021657
6 33 0.024444
6 34 0.025961
6 35 0.026657
6 36 0.026859
6 37 0.026762
6 38 0.026515
6 39 0.026182
6 40 0.025830
6 41 0.025470
6 42 0.025138
6 43 0.024824
6 44 0.024556
6 45 0.024315
6 46 0.024126
6 47 0.023967
6 48 0.023864
6 49 0.023792
6 50 0.023776
6 51 0.023792
6 52 0.023864
6 53 0.023967
6 54 0.024125
6 55 0.024312
6 56 0.024550
6 57 0.024811
6 58 0.025109
6 59 0.025408
6 60 0.025702
6 61 0.025926
6 62 0.026020
6 63 0.025840
6 64 0.025195
6 65 0.023760
6 66 0.021092
6 67 0.016548
6 68 0.009313
6 69 -0.001631
6 70 -0.017409
6 71 -0.039153
6 72 -0.067764
6 73 -0.103654
6 74 -0.146380
6 75 -0.194330
6 76 -0.244451
6 77 -0.292179
6 78 -0.331598
6 79 -0.355945
6 80 -0.358377
6 81 -0.333073
6 82 -0.276184
6 83 -0.187337
6 84 -0.069037
6 85 0.070217
6 86 0.223381
6 87 0.371469
6 88 0.514328
6 89 0.619013
6 90 0.710746
6 91 0.740927
6 92 0.754442
6 93 0.734658
6 94 0.638130
6 95 0.643450
6 96 0.432883
6 97 0.436589
6 98 0.318943
6 99 0.000000

7 0 0.000000
7 1 0.273040
7 2 0.477141
7 3 0.463233
7 4 0.695597
7 5 0.697894
7 6 0.783400
7 7 0.795857
7 8 0.759236
7 9 0.708549
7 10 0.592879
7 11 0.468550
7 12 0.310617
7 13 0.154178
7 14 -0.000485
7 15 -0.135035
7 16 -0.243802
7 17 -0.320152
7 18 -0.363479
7 19 -0.375867
7 20 -0.362437
7 21 -0.329755
7 22 -0.284894
7 23 -0.234414
7 24 -0.183738
7 25 -0.136800
7 26 -0.096021
7 27 -0.062466
7 28 -0.036167
7 29 -0.016455
7 30 -0.002301
7 31 0.007453
7 32 0.013886
7 33 0.017944
7 34 0.020356
7 35 0.021692
7 36 0.022328
7 37 0.022549
7 38 0.022510
7 39 0.022341
7 40 0.022088
7 41 0.021818
7 42 0.021531
7 43 0.021269
7 44 0.021015
7 45 0.020806
7 46 0.020615
7 47 0.020478
7 48 0.020365
7 49 0.020310
7 50 0.020280
7 51 0.020309
7 52 0.020365
7 53 0.020478
7 54 0.020614
7 55 0.020802
7 56 0.021006
7 57 0.021248
7 58 0.021486
7 59 0.021725
7 60 0.021899
7 61 0.021969
7 62 0.021804
7 63 0.021257
7 64 0.020042
7 65 0.017787
7 66 0.013920
7 67 0.007709
7 68 -0.001802
7 69 -0.015702
7 70 -0.035173
7 71 -0.061267
7 72 -0.094697
7 73 -0.135480
7 74 -0.182620
7 75 -0.233771
7 76 -0.285082
7 77 -0.331215
7 78 -0.365694
7 79 -0.381551
7 80 -0.372236
7 81 -0.332796
7 82 -0.260716
7 83 -0.157398
7 84 -0.026957
7 85 0.120300
7 86 0.277053
7 87 0.423227
7 88 0.561128
7 89 0.657178
7 90 0.740890
7 91 0.763331
7 92 0.771005
7 93 0.747967
7 94 0.649531
7 95 0.648490
7 96 0.437298
7 97 0.434439
7 98 0.289708
7 99 0.000000

8 0 0.000000
8 1 0.178962
8 2 0.414441
8 3 0.392021
8 4 0.624911
8 5 0.635376
8 6 0.732406
8 7 0.759236
8 8 0.742998
8 9 0.714038
8 10 0.619713
8 11 0.514956
8 12 0.370359
8 13 0.221427
8 14 0.066412
8 15 -0.074767
8 16 -0.195515
8 17 -0.286858
8 18 -0.346158
8 19 -0.373480
8 20 -0.372499
8 21 -0.348914
8 22 -0.309547
8 23 -0.261224
8 24 -0.209971
8 25 -0.160508
8 26 -0.116031
8 27 -0.078298
8 28 -0.047843
8 29 -0.024345
8 30 -0.006931
8 31 0.005487
8 32 0.014049
8 33 0.019751
8 34 0.023447
8 35 0.025762
8 36 0.027183
8 37 0.028013
8 38 0.028493
8 39 0.028733
8 40 0.028851
8 41 0.028869
8 42 0.028855
8 43 0.028795
8 44 0.028741
8 45 0.028664
8 46 0.028611
8 47 0.028546
8 48 0.028516
8 49 0.028479
8 50 0.028481
8 51 0.028479
8 52 0.028515
8 53 0.028545
8 54 0.028608
8 55 0.028658
8 56 0.028727
8 57 0.028764
8 58 0.028788
8 59 0.028731
8 60 0.028575
8 61 0.028203
8 62 0.027506
8 63 0.026240
8 64 0.024105
8 65 0.020603
8 66 0.015106
8 67 0.006744
8 68 -0.005496
8 69 -0.022782
8 70 -0.046232
8 71 -0.076764
8 72 -0.114747
8 73 -0.159713
8 74 -0.209976
8 75 -0.262421
8 76 -0.312403
8 77 -0.353962
8 78 -0.380306
8 79 -0.384655
8 80 -0.361218
8 81 -0.306414
8 82 -0.219494
8 83 -0.103945
8 84 0.034461
8 85 0.183768
8 86 0.336844
8 87 0.473115
8 88 0.597902
8 89 0.677901
8 90 0.746673
8 91 0.756443
8 92 0.753836
8 93 0.725517
8 94 0.623528
8 95 0.618296
8 96 0.402681
8 97 0.409415
8 98 0.215182
8 99 0.000000

9 0 0.000000
9 1 0.100122
9 2 0.347380
9 3 0.322051
9 4 0.544296
9 5 0.563023
9 6 0.667427
9 7 0.708549
9 8 0.714038
9 9 0.709722
9 10 0.641784
9 11 0.562560
9 12 0.438104
9 13 0.303409
9 14 0.154047
9 15 0.010931
9 16 -0.118874
9 17 -0.224184
9 18 -0.300255
9 19 -0.344808
9 20 -0.359645
9 21 -0.349108
9 22 -0.319340
9 23 -0.277072
9 24 -0.228718
9 25 -0.179647
9 26 -0.133832
9 27 -0.093744
9 28 -0.060537
9 29 -0.034300
9 30 -0.014449
9 31 0.000011
9 32 0.010169
9 33 0.017099
9 34 0.021688
9 35 0.024682
9 36 0.026588
9 37 0.027817
9 38 0.028588
9 39 0.029103
9 40 0.029424
9 41 0.029657
9 42 0.029794
9 43 0.029907
9 44 0.029960
9 45 0.030017
9 46 0.030030
9 47 0.030060
9 48 0.030054
9 49 0.030073
9 50 0.030060
9 51 0.030073
9 52 0.030054
9 53 0.030058
9 54 0.030026
9 55 0.030007
9 56 0.029938
9 57 0.029859
9 58 0.029695
9 59 0.029456
9 60 0.029032
9 61 0.028361
9 62 0.027234
9 63 0.025429
9 64 0.022520
9 65 0.017992
9 66 0.011074
9 67 0.000865
9 68 -0.013746
9 69 -0.033879
9 70 -0.060576
9 71 -0.094463
9 72 -0.135506
9 73 -0.182607
9 74 -0.233358
9 75 -0.283842
9 76 -0.328733
9 77 -0.361629
9 78 -0.375763
9 79 -0.364943
9 80 -0.324605
9 81 -0.252972
9 82 -0.151399
9 83 -0.025608
9 84 0.117079
9 85 0.263364
9 86 0.406852
9 87 0.527089
9 88 0.632872
9 89 0.691880
9 90 0.741443
9 91 0.735744
9 92 0.721128
9 93 0.686153
9 94 0.583447
9 95 0.572251
9 96 0.362916
9 97 0.373587
9 98 0.151085
9 99 0.000000

10 0 0.000000
10 1 0.001244
10 2 0.252034
10 3 0.212439
10 4 0.414452
10 5 0.434475
10 6 0.540401
10 7 0.592879
10 8 0.619713
10 9 0.641784
10 10 0.604879
10 11 0.557701
10 12 0.461807
10 13 0.350732
10 14 0.216623
10 15 0.080558
10 16 -0.050656
10 17 -0.164053
10 18 -0.252972
10 19 -0.312686
10 20 -0.342823
10 21 -0.345963
10 22 -0.327125
10 23 -0.292570
10 24 -0.248775
10 25 -0.201579
10 26 -0.155603
10 27 -0.114041
10 28 -0.078656
10 29 -0.050055
10 30 -0.027951
10 31 -0.011564
10 32 0.000173
10 33 0.008305
10 34 0.013827
10 35 0.017498
10 36 0.019958
10 37 0.021598
10 38 0.022757
10 39 0.023575
10 40 0.024220
10 41 0.024705
10 42 0.025129
10 43 0.025450
10 44 0.025747
10 45 0.025958
10 46 0.026159
10 47 0.026279
10 48 0.026396
10 49 0.026435
10 50 0.026473
10 51 0.026435
10 52 0.026395
10 53 0.026276
10 54 0.026152
10 55 0.025943
10 56 0.025714
10 57 0.025380
10 58 0.024985
10 59 0.024419
10 60 0.023672
10 61 0.022558
10 62 0.020934
10 63 0.018441
10 64 0.014676
10 65 0.008972
10 66 0.000552
10 67 -0.011615
10 68 -0.028599
10 69 -0.051512
10 70 -0.081167
10 71 -0.117895
10 72 -0.161115
10 73 -0.209097
10 74 -0.258663
10 75 -0.305201
10 76 -0.342845
10 77 -0.365063
10 78 -0.365453
10 79 -0.338859
10 80 -0.282345
10 81 -0.196290
10 82 -0.084302
10 83 0.045683
10 84 0.185126
10 85 0.319876
10 86 0.444973
10 87 0.540785
10 88 0.620070
10 89 0.652175
10 90 0.677861
10 91 0.654042
10 92 0.626155
10 93 0.585027
10 94 0.484715
10 95 0.472380
10 96 0.277052
10 97 0.303078
10 98 0.060596
10 99 0.000000

11 0 0.000000
11 1 -0.081063
11 2 0.159925
11 3 0.107457
11 4 0.284055
11 5 0.303122
11 6 0.407037
11 7 0.468550
11 8 0.514956
11 9 0.562560
11 10 0.557701
11 11 0.545094
11 12 0.482248
11 13 0.400659
11 14 0.288537
11 15 0.166367
11 16 0.039942
11 17 -0.076534
11 18 -0.174845
11 19 -0.247878
11 20 -0.292968
11 21 -0.310633
11 22 -0.304430
11 23 -0.279768
11 24 -0.242899
11 25 -0.199872
11 26 -0.155850
11 27 -0.114645
11 28 -0.078683
11 29 -0.049062
11 30 -0.025915
11 31 -0.008640
11 32 0.003677
11 33 0.012133
11 34 0.017700
11 35 0.021281
11 36 0.023500
11 37 0.024902
11 38 0.025764
11 39 0.026366
11 40 0.026770
11 41 0.027122
11 42 0.027383
11 43 0.027651
11 44 0.027845
11 45 0.028056
11 46 0.028190
11 47 0.028339
11 48 0.028405
11 49 0.028485
11 50 0.028478
11 51 0.028485
11 52 0.028403
11 53 0.028335
11 54 0.028180
11 55 0.028034
11 56 0.027796
11 57 0.027549
11 58 0.027179
11 59 0.026724
11 60 0.026019
11 61 0.024997
11 62 0.023352
11 63 0.020798
11 64 0.016758
11 65 0.010593
11 66 0.001363
11 67 -0.011919
11 68 -0.030390
11 69 -0.054980
11 70 -0.086322
11 71 -0.124289
11 72 -0.167787
11 73 -0.214365
11 74 -0.260173
11 75 -0.299977
11 76 -0.327633
11 77 -0.336740
11 78 -0.321663
11 79 -0.278622
11 80 -0.206639
11 81 -0.108410
11 82 0.010204
11 83 0.139279
11 84 0.269494
11 85 0.386394
11 86 0.487071
11 87 0.553278
11 88 0.601943
11 89 0.604447
11 90 0.604386
11 91 0.561662
11 92 0.520178
11 93 0.472773
11 94 0.376141
11 95 0.363241
11 96 0.187125
11 97 0.226767
11 98 -0.019071
11 99 0.000000

12 0 0.000000
12 1 -0.156367
12 2 0.063633
12 3 -0.005616
12 4 0.139533
12 5 0.151332
12 6 0.246554
12 7 0.310617
12 8 0.370359
12 9 0.438104
12 10 0.461807
12 11 0.482248
12 12 0.453556
12 13 0.404819
12 14 0.319950
12 15 0.218119
12 16 0.103308
12 17 -0.009732
12 18 -0.111784
12 19 -0.193666
12 20 -0.250512
12 21 -0.280707
12 22 -0.286113
12 23 -0.271040
12 24 -0.241209
12 25 -0.202692
12 26 -0.160982
12 27 -0.120485
12 28 -0.084188
12 29 -0.053772
12 30 -0.029724
12 31 -0.011764
12 32 0.000969
12 33 0.009470
12 34 0.014844
12 35 0.017968
12 36 0.019660
12 37 0.020415
12 38 0.020700
12 39 0.020688
12 40 0.020620
12 41 0.020485
12 42 0.020421
12 43 0.020337
12 44 0.020340
12 45 0.020309
12 46 0.020355
12 47 0.020344
12 48 0.020397
12 49 0.020378
12 50 0.020416
12 51 0.020377
12 52 0.020394
12 53 0.020338
12 54 0.020340
12 55 0.020276
12 56 0.020270
12 57 0.020193
12 58 0.020137
12 59 0.019939
12 60 0.019609
12 61 0.018876
12 62 0.017563
12 63 0.015169
12 64 0.011192
12 65 0.004780
12 66 -0.004950
12 67 -0.019131
12 68 -0.038759
12 69 -0.064708
12 70 -0.097242
12 71 -0.135862
12 72 -0.178833
12 73 -0.223099
12 74 -0.264145
12 75 -0.296349
12 76 -0.313466
12 77 -0.309580
12 78 -0.280090
12 79 -0.222895
12 80 -0.139082
12 81 -0.033662
12 82 0.085535
12 83 0.207014
12 84 0.321300
12 85 0.414259
12 86 0.485637
12 87 0.519040
12 88 0.535630
12 89 0.509011
12 90 0.484942
12 91 0.426326
12 92 0.374893
12 93 0.325253
12 94 0.236946
12 95 0.228767
12 96 0.078485
12 97 0.136074
12 98 -0.098701
12 99 0.000000

13 0 0.000000
13 1 -0.211580
13 2 -0.020425
13 3 -0.104577
13 4 0.008025
13 5 0.009757
13 6 0.092488
13 7 0.154178
13 8 0.221427
13 9 0.303409
13 10 0.350732
13 11 0.400659
13 12 0.404819
13 13 0.389845
13 14 0.335291
13 15 0.258519
13 16 0.161051
13 17 0.057533
13 18 -0.042460
13 19 -0.128109
13 20 -0.192646
13 21 -0.232367
13 22 -0.247385
13 23 -0.240682
13 24 -0.217266
13 25 -0.182955
13 26 -0.143476
13 27 -0.103639
13 28 -0.067038
13 29 -0.035825
13 30 -0.010979
13 31 0.007578
13 32 0.020470
13 33 0.028765
13 34 0.033497
13 35 0.035760
13 36 0.036329
13 37 0.035953
13 38 0.035003
13 39 0.033898
13 40 0.032715
13 41 0.031680
13 42 0.030714
13 43 0.029967
13 44 0.029293
13 45 0.028827
13 46 0.028401
13 47 0.028158
13 48 0.027923
13 49 0.027852
13 50 0.027773
13 51 0.027851
13 52 0.027919
13 53 0.028148
13 54 0.028379
13 55 0.028780
13 56 0.029194
13 57 0.029768
13 58 0.030325
13 59 0.030946
13 60 0.031377
13 61 0.031540
13 62 0.030988
13 63 0.029352
13 64 0.025854
13 65 0.019730
13 66 0.009864
13 67 -0.004754
13 68 -0.025195
13 69 -0.052038
13 70 -0.085333
13 71 -0.124025
13 72 -0.165886
13 73 -0.207191
13 74 -0.242983
13 75 -0.267349
13 76 -0.274270
13 77 -0.258520
13 78 -0.216838
13 79 -0.148911
13 80 -0.057930
13 81 0.049024
13 82 0.162550
13 83 0.270177
13 84 0.362929
13 85 0.427580
13 86 0.466950
13 87 0.466729
13 88 0.452078
13 89 0.398730
13 90 0.353795
13 91 0.282915
13 92 0.225056
13 93 0.176220
13 94 0.098673
13 95 0.097585
13 96 -0.024479
13 97 0.049318
13 98 -0.162671
13 99 0.000000

14 0 0.000000
14 1 -0.248384
14 2 -0.090800
14 3 -0.188197
14 4 -0.108061
14 5 -0.119542
14 6 -0.053545
14 7 -0.000485
14 8 0.066412
14 9 0.154047
14 10 0.216623
14 11 0.288537
14 12 0.319950
14 13 0.335291
14 14 0.310021
14 15 0.259471
14 16 0.182275
14 17 0.092380
14 18 -0.000921
14 19 -0.085751
14 20 -0.153841
14 21 -0.199656
14 22 -0.221569
14 23 -0.221196
14 24 -0.202608
14 25 -0.171279
14 26 -0.132934
14 27 -0.092802
14 28 -0.054919
14 29 -0.022045
14 30 0.004486
14 31 0.024331
14 32 0.038058
14 33 0.046551
14 34 0.051033
14 35 0.052527
14 36 0.052110
14 37 0.050446
14 38 0.048232
14 39 0.045727
14 40 0.043325
14 41 0.041018
14 42 0.039043
14 43 0.037256
14 44 0.035838
14 45 0.034591
14 46 0.033692
14 47 0.032923
14 48 0.032474
14 49 0.032125
14 50 0.032080
14 51 0.032123
14 52 0.032468
14 53 0.032908
14 54 0.033660
14 55 0.034524
14 56 0.035700
14 57 0.036983
14 58 0.038520
14 59 0.040047
14 60 0.041583
14 61 0.042706
14 62 0.043173
14 63 0.042264
14 64 0.039342
14 65 0.033319
14 66 0.023212
14 67 0.007808
14 68 -0.013711
14 69 -0.041871
14 70 -0.076235
14 71 -0.115387
14 72 -0.156437
14 73 -0.195215
14 74 -0.226308
14 75 -0.243809
14 76 -0.242035
14 77 -0.216750
14 78 -0.166109
14 79 -0.091677
14 80 0.001466
14 81 0.104486
14 82 0.207020
14 83 0.296254
14 84 0.364414
14 85 0.399665
14 86 0.408144
14 87 0.377596
14 88 0.336689
14 89 0.262909
14 90 0.203817
14 91 0.127335
14 92 0.069139
14 93 0.026226
14 94 -0.036896
14 95 -0.027412
14 96 -0.119572
14 97 -0.030723
14 98 -0.211588
14 99 0.000000

15 0 0.000000
15 1 -0.265014
15 2 -0.141706
15 3 -0.248373
15 4 -0.197514
15 5 -0.222829
15 6 -0.175278
15 7 -0.135035
15 8 -0.074767
15 9 0.010931
15 10 0.080558
15 11 0.166367
15 12 0.218119
15 13 0.258519
15 14 0.259471
15 15 0.234335
15 16 0.178636
15 17 0.105187
15 18 0.022367
15 19 -0.057447
15 20 -0.125010
15 21 -0.173217
15 22 -0.198882
15 23 -0.202170
15 24 -0.186193
15 25 -0.155841
15 26 -0.116833
15 27 -0.074598
15 28 -0.033732
15 29 0.002577
15 30 0.032397
15 31 0.055159
15 32 0.071060
15 33 0.081071
15 34 0.086246
15 35 0.087915
15 36 0.087049
15 37 0.084707
15 38 0.081432
15 39 0.077896
15 40 0.074251
15 41 0.070900
15 42 0.067753
15 43 0.065087
15 44 0.062693
15 45 0.060811
15 46 0.059182
15 47 0.058049
15 48 0.057138
15 49 0.056702
15 50 0.056466
15 51 0.056699
15 52 0.057129
15 53 0.058029
15 54 0.059138
15 55 0.060717
15 56 0.062505
15 57 0.064720
15 58 0.067060
15 59 0.069636
15 60 0.072018
15 61 0.074085
15 62 0.075149
15 63 0.074708
15 64 0.071699
15 65 0.065210
15 66 0.053928
15 67 0.036878
15 68 0.013138
15 69 -0.017383
15 70 -0.054033
15 71 -0.094751
15 72 -0.136239
15 73 -0.173745
15 74 -0.201698
15 75 -0.214205
15 76 -0.206234
15 77 -0.174572
15 78 -0.118952
15 79 -0.042662
15 80 0.047520
15 81 0.141509
15 82 0.228548
15 83 0.296171
15 84 0.338382
15 85 0.345121
15 86 0.325856
15 87 0.270153
15 88 0.209457
15 89 0.122458
15 90 0.056228
15 91 -0.019570
15 92 -0.072936
15 93 -0.106206
15 94 -0.153208
15 95 -0.131864
15 96 -0.195566
15 97 -0.095368
15 98 -0.241356
15 99 0.000000

16 0 0.000000
16 1 -0.264172
16 2 -0.172908
16 3 -0.284507
16 4 -0.258368
16 5 -0.296941
16 6 -0.268220
16 7 -0.243802
16 8 -0.195515
16 9 -0.118874
16 10 -0.050656
16 11 0.039942
16 12 0.103308
16 13 0.161051
16 14 0.182275
16 15 0.178636
16 16 0.142578
16 17 0.085471
16 18 0.014305
16 19 -0.058601
16 20 -0.123460
16 21 -0.171969
16 22 -0.199480
16 23 -0.204809
16 24 -0.189940
16 25 -0.159199
16 26 -0.118053
16 27 -0.072226
16 28 -0.026649
16 29 0.014817
16 30 0.049860
16 31 0.077318
16 32 0.097294
16 33 0.110400
16 34 0.117913
16 35 0.120965
16 36 0.120947
16 37 0.118735
16 38 0.115371
16 39 0.111268
16 40 0.107097
16 41 0.102903
16 42 0.099126
16 43 0.095598
16 44 0.092658
16 45 0.090032
16 46 0.088036
16 47 0.086348
16 48 0.085290
16 49 0.084523
16 50 0.084379
16 51 0.084519
16 52 0.085277
16 53 0.086320
16 54 0.087974
16 55 0.089906
16 56 0.092406
16 57 0.095113
16 58 0.098225
16 59 0.101281
16 60 0.104276
16 61 0.106528
16 62 0.107676
16 63 0.106680
16 64 0.102737
16 65 0.094471
16 66 0.080845
16 67 0.060620
16 68 0.033297
16 69 -0.001159
16 70 -0.041451
16 71 -0.085188
16 72 -0.128376
16 73 -0.165999
16 74 -0.192210
16 75 -0.201463
16 76 -0.189339
16 77 -0.153882
16 78 -0.096263
16 79 -0.021452
16 80 0.062479
16 81 0.144583
16 82 0.214339
16 83 0.260138
16 84 0.278249
16 85 0.260548
16 86 0.219682
16 87 0.146602
16 88 0.074685
16 89 -0.016859
16 90 -0.082329
16 91 -0.150887
16 92 -0.194428
16 93 -0.214839
16 94 -0.244850
16 95 -0.211286
16 96 -0.249500
16 97 -0.142091
16 98 -0.253166
16 99 0.000000

17 0 0.000000
17 1 -0.248955
17 2 -0.185184
17 3 -0.297021
17 4 -0.289810
17 5 -0.339450
17 6 -0.327974
17 7 -0.320152
17 8 -0.286858
17 9 -0.224184
17 10 -0.164053
17 11 -0.076534
17 12 -0.009732
17 13 0.057533
17 14 0.092380
17 15 0.105187
17 16 0.085471
17 17 0.043046
17 18 -0.016883
17 19 -0.082431
17 20 -0.143731
17 21 -0.191502
17 22 -0.219883
17 23 -0.226282
17 24 -0.211639
17 25 -0.179477
17 26 -0.135097
17 27 -0.084231
17 28 -0.032367
17 29 0.016238
17 30 0.058507
17 31 0.092986
17 32 0.119166
17 33 0.137711
17 34 0.149513
17 35 0.156066
17 36 0.158485
17 37 0.158188
17 38 0.155914
17 39 0.152695
17 40 0.148801
17 41 0.144928
17 42 0.141008
17 43 0.137550
17 44 0.134293
17 45 0.131669
17 46 0.129322
17 47 0.127669
17 48 0.126307
17 49 0.125657
17 50 0.125297
17 51 0.125650
17 52 0.126289
17 53 0.127629
17 54 0.129238
17 55 0.131499
17 56 0.133960
17 57 0.136919
17 58 0.139852
17 59 0.142878
17 60 0.145288
17 61 0.146879
17 62 0.146615
17 63 0.143841
17 64 0.137151
17 65 0.125529
17 66 0.107506
17 67 0.082304
17 68 0.049301
17 69 0.009125
17 70 -0.036712
17 71 -0.085023
17 72 -0.131511
17 73 -0.170616
17 74 -0.196598
17 75 -0.204125
17 76 -0.189706
17 77 -0.152494
17 78 -0.095192
17 79 -0.024119
17 80 0.051582
17 81 0.120615
17 82 0.173100
17 83 0.198747
17 84 0.196307
17 85 0.159633
17 86 0.104198
17 87 0.021850
17 88 -0.052992
17 89 -0.141245
17 90 -0.199337
17 91 -0.255736
17 92 -0.286272
17 93 -0.292458
17 94 -0.306381
17 95 -0.261909
17 96 -0.279279
17 97 -0.169409
17 98 -0.248763
17 99 0.000000

18 0 0.000000
18 1 -0.223595
18 2 -0.181597
18 3 -0.289432
18 4 -0.295119
18 5 -0.352756
18 6 -0.355664
18 7 -0.363479
18 8 -0.346158
18 9 -0.300255
18 10 -0.252972
18 11 -0.174845
18 12 -0.111784
18 13 -0.042460
18 14 -0.000921
18 15 0.022367
18 16 0.014305
18 17 -0.016883
18 18 -0.067934
18 19 -0.127741
18 20 -0.186593
18 21 -0.234555
18 22 -0.264593
18 23 -0.272885
18 24 -0.259132
18 25 -0.226156
18 26 -0.178757
18 27 -0.122858
18 28 -0.064135
18 29 -0.007609
18 30 0.043253
18 31 0.086151
18 32 0.120415
18 33 0.146059
18 34 0.164188
18 35 0.175841
18 36 0.182641
18 37 0.185606
18 38 0.186150
18 39 0.184839
18 40 0.182703
18 41 0.179857
18 42 0.177042
18 43 0.174068
18 44 0.171528
18 45 0.169061
18 46 0.167205
18 47 0.165510
18 48 0.164502
18 49 0.163686
18 50 0.163582
18 51 0.163676
18 52 0.164477
18 53 0.165456
18 54 0.167092
18 55 0.168837
18 56 0.171095
18 57 0.173259
18 58 0.175580
18 59 0.177303
18 60 0.178388
18 61 0.177796
18 62 0.175052
18 63 0.168739
18 64 0.157944
18 65 0.141049
18 66 0.117127
18 67 0.085084
18 68 0.045011
18 69 -0.002409
18 70 -0.054783
18 71 -0.108643
18 72 -0.158920
18 73 -0.199991
18 74 -0.225954
18 75 -0.232114
18 76 -0.215721
18 77 -0.177281
18 78 -0.120737
18 79 -0.053710
18 80 0.014038
18 81 0.071111
18 82 0.108708
18 83 0.118012
18 84 0.100377
18 85 0.051420
18 86 -0.010966
18 87 -0.094596
18 88 -0.164783
18 89 -0.243139
18 90 -0.288757
18 91 -0.329765
18 92 -0.345776
18 93 -0.337892
18 94 -0.337852
18 95 -0.284819
18 96 -0.286692
18 97 -0.178850
18 98 -0.231673
18 99 0.000000

19 0 0.000000
19 1 -0.192297
19 2 -0.166076
19 3 -0.266446
19 4 -0.279307
19 5 -0.341390
19 6 -0.354903
19 7 -0.375867
19 8 -0.373480
19 9 -0.344808
19 10 -0.312686
19 11 -0.247878
19 12 -0.193666
19 13 -0.128109
19 14 -0.085751
19 15 -0.057447
19 16 -0.058601
19 17 -0.082431
19 18 -0.127741
19 19 -0.184296
19 20 -0.242851
19 21 -0.292900
19 22 -0.326512
19 23 -0.338513
19 24 -0.327537
19 25 -0.295362
19 26 -0.246448
19 27 -0.186454
19 28 -0.121556
19 29 -0.057055
19 30 0.002648
19 31 0.054940
19 32 0.098233
19 33 0.132555
19 34 0.158292
19 35 0.176881
19 36 0.189364
19 37 0.197438
19 38 0.201933
19 39 0.204257
19 40 0.204759
19 41 0.204490
19 42 0.203378
19 43 0.202240
19 44 0.200734
19 45 0.199566
19 46 0.198245
19 47 0.197435
19 48 0.196563
19 49 0.196281
19 50 0.195970
19 51 0.196268
19 52 0.196529
19 53 0.197363
19 54 0.198097
19 55 0.199275
19 56 0.200179
19 57 0.201217
19 58 0.201555
19 59 0.201347
19 60 0.199524
19 61 0.195832
19 62 0.188846
19 63 0.177837
19 64 0.161094
19 65 0.137678
19 66 0.106136
19 67 0.066174
19 68 0.017735
19 69 -0.037522
19 70 -0.097031
19 71 -0.156356
19 72 -0.210281
19 73 -0.252674
19 74 -0.278028
19 75 -0.282007
19 76 -0.263013
19 77 -0.222624
19 78 -0.166158
19 79 -0.102133
19 80 -0.040804
19 81 0.006759
19 82 0.032956
19 83 0.030607
19 84 0.003492
19 85 -0.051246
19 86 -0.113841
19 87 -0.192227
19 88 -0.252132
19 89 -0.316220
19 90 -0.346569
19 91 -0.371132
19 92 -0.373020
19 93 -0.352769
19 94 -0.341941
19 95 -0.283443
19 96 -0.275332
19 97 -0.173407
19 98 -0.205853
19 99 0.000000

20 0 0.000000
20 1 -0.158903
20 2 -0.142957
20 3 -0.233450
20 4 -0.248606
20 5 -0.311660
20 6 -0.331709
20 7 -0.362437
20 8 -0.372499
20 9 -0.359645
20 10 -0.342823
20 11 -0.292968
20 12 -0.250512
20 13 -0.192646
20 14 -0.153841
20 15 -0.125010
20 16 -0.123460
20 17 -0.143731
20 18 -0.186593
20 19 -0.242851
20 20 -0.303784
20 21 -0.358621
20 22 -0.398499
20 23 -0.417152
20 24 -0.411858
20 25 -0.383538
20 26 -0.335806
20 27 -0.274319
20 28 -0.205152
20 29 -0.134375
20 30 -0.066666
20 31 -0.005709
20 32 0.046754
20 33 0.089756
20 34 0.123916
20 35 0.149840
20 36 0.169187
20 37 0.182890
20 38 0.192663
20 39 0.199094
20 40 0.203576
20 41 0.206213
20 42 0.208089
20 43 0.208932
20 44 0.209642
20 45 0.209712
20 46 0.209968
20 47 0.209767
20 48 0.209908
20 49 0.209673
20 50 0.209843
20 51 0.209656
20 52 0.209864
20 53 0.209672
20 54 0.209775
20 55 0.209338
20 56 0.208940
20 57 0.207656
20 58 0.205845
20 59 0.202396
20 60 0.197302
20 61 0.189134
20 62 0.177406
20 63 0.160363
20 64 0.137172
20 65 0.106126
20 66 0.066704
20 67 0.018224
20 68 -0.038291
20 69 -0.101188
20 70 -0.166767
20 71 -0.230465
20 72 -0.286247
20 73 -0.328210
20 74 -0.350813
20 75 -0.350683
20 76 -0.327040
20 77 -0.282892
20 78 -0.224542
20 79 -0.161456
20 80 -0.103932
20 81 -0.062651
20 82 -0.043732
20 83 -0.052869
20 84 -0.083979
20 85 -0.138836
20 86 -0.196252
20 87 -0.264744
20 88 -0.310900
20 89 -0.358653
20 90 -0.373107
20 91 -0.382076
20 92 -0.371745
20 93 -0.341883
20 94 -0.323930
20 95 -0.263264
20 96 -0.250208
20 97 -0.157120
20 98 -0.175332
20 99 0.000000

21 0 0.000000
21 1 -0.126484
21 2 -0.116269
21 3 -0.195575
21 4 -0.209271
21 5 -0.270280
21 6 -0.292996
21 7 -0.329755
21 8 -0.348914
21 9 -0.349108
21 10 -0.345963
21 11 -0.310633
21 12 -0.280707
21 13 -0.232367
21 14 -0.199656
21 15 -0.173217
21 16 -0.171969
21 17 -0.191502
21 18 -0.234555
21 19 -0.292900
21 20 -0.358621
21 21 -0.420679
21 22 -0.469630
21 23 -0.497930
21 24 -0.501772
21 25 -0.480740
21 26 -0.437864
21 27 -0.378119
21 28 -0.307914
21 29 -0.233295
21 30 -0.159942
21 31 -0.091710
21 32 -0.031531
21 33 0.019706
21 34 0.061521
21 35 0.095020
21 36 0.120865
21 37 0.140863
21 38 0.155725
21 39 0.167169
21 40 0.175477
21 41 0.182051
21 42 0.186707
21 43 0.190601
21 44 0.193214
21 45 0.195574
21 46 0.196960
21 47 0.198351
21 48 0.198910
21 49 0.199597
21 50 0.199506
21 51 0.199574
21 52 0.198851
21 53 0.198227
21 54 0.196714
21 55 0.195102
21 56 0.192339
21 57 0.189030
21 58 0.183979
21 59 0.177470
21 60 0.168045
21 61 0.155526
21 62 0.138129
21 63 0.115240
21 64 0.084974
21 65 0.046752
21 66 -0.000630
21 67 -0.056632
21 68 -0.120491
21 69 -0.189259
21 70 -0.259233
21 71 -0.324760
21 72 -0.379969
21 73 -0.418533
21 74 -0.435702
21 75 -0.428603
21 76 -0.397865
21 77 -0.347499
21 78 -0.285062
21 79 -0.220500
21 80 -0.164181
21 81 -0.126015
21 82 -0.110733
21 83 -0.122492
21 84 -0.153295
21 85 -0.204116
21 86 -0.252896
21 87 -0.308995
21 88 -0.340215
21 89 -0.371740
21 90 -0.371604
21 91 -0.367341
21 92 -0.347751
21 93 -0.311606
21 94 -0.290226
21 95 -0.230459
21 96 -0.216633
21 97 -0.134209
21 98 -0.143632
21 99 0.000000

22 0 0.000000
22 1 -0.097196
22 2 -0.089333
22 3 -0.157162
22 4 -0.166860
22 5 -0.223539
22 6 -0.245640
22 7 -0.284894
22 8 -0.309547
22 9 -0.319340
22 10 -0.327125
22 11 -0.304430
22 12 -0.286113
22 13 -0.247385
22 14 -0.221569
22 15 -0.198882
22 16 -0.199480
22 17 -0.219883
22 18 -0.264593
22 19 -0.326512
22 20 -0.398499
22 21 -0.469630
22 22 -0.529794
22 23 -0.570552
22 24 -0.586632
22 25 -0.576617
22 26 -0.542273
22 27 -0.488313
22 28 -0.420591
22 29 -0.345811
22 30 -0.269609
22 31 -0.197040
22 32 -0.131004
22 33 -0.073701
22 34 -0.025233
22 35 0.014259
22 36 0.046254
22 37 0.071340
22 38 0.091405
22 39 0.106867
22 40 0.119437
22 41 0.129058
22 42 0.137159
22 43 0.143254
22 44 0.148587
22 45 0.152383
22 46 0.155805
22 47 0.157907
22 48 0.159827
22 49 0.160522
22 50 0.161110
22 51 0.160492
22 52 0.159752
22 53 0.157750
22 54 0.155494
22 55 0.151795
22 56 0.147509
22 57 0.141343
22 58 0.133881
22 59 0.123623
22 60 0.110729
22 61 0.093399
22 62 0.071316
22 63 0.042482
22 64 0.006399
22 65 -0.038542
22 66 -0.092134
22 67 -0.154424
22 68 -0.223180
22 69 -0.295679
22 70 -0.366881
22 71 -0.431339
22 72 -0.482391
22 73 -0.514385
22 74 -0.522691
22 75 -0.505781
22 76 -0.465151
22 77 -0.406328
22 78 -0.337594
22 79 -0.269577
22 80 -0.212229
22 81 -0.174797
22 82 -0.160373
22 83 -0.171868
22 84 -0.199502
22 85 -0.243908
22 86 -0.282470
22 87 -0.325673
22 88 -0.342641
22 89 -0.359741
22 90 -0.347633
22 91 -0.333407
22 92 -0.307975
22 93 -0.268918
22 94 -0.247401
22 95 -0.191039
22 96 -0.179522
22 97 -0.108516
22 98 -0.113495
22 99 0.000000

23 0 0.000000
23 1 -0.072277
23 2 -0.064538
23 3 -0.121413
23 4 -0.125720
23 5 -0.176610
23 6 -0.195641
23 7 -0.234414
23 8 -0.261224
23 9 -0.277072
23 10 -0.292570
23 11 -0.279768
23 12 -0.271040
23 13 -0.240682
23 14 -0.221196
23 15 -0.202170
23 16 -0.204809
23 17 -0.226282
23 18 -0.272885
23 19 -0.338513
23 20 -0.417152
23 21 -0.497930
23 22 -0.570552
23 23 -0.625428
23 24 -0.656285
23 25 -0.660107
23 26 -0.637880
23 27 -0.593147
23 28 -0.531879
23 29 -0.460285
23 30 -0.384966
23 31 -0.310798
23 32 -0.242072
23 33 -0.180655
23 34 -0.128123
23 35 -0.083865
23 36 -0.047860
23 37 -0.018326
23 38 0.005111
23 39 0.024413
23 40 0.039623
23 41 0.052483
23 42 0.062552
23 43 0.071340
23 44 0.078021
23 45 0.083982
23 46 0.088150
23 47 0.091874
23 48 0.093937
23 49 0.095681
23 50 0.095807
23 51 0.095642
23 52 0.093841
23 53 0.091675
23 54 0.087763
23 55 0.083258
23 56 0.076710
23 57 0.069043
23 58 0.058658
23 59 0.046104
23 60 0.029526
23 61 0.008989
23 62 -0.017603
23 63 -0.050527
23 64 -0.091719
23 65 -0.141121
23 66 -0.199517
23 67 -0.265276
23 68 -0.336719
23 69 -0.409538
23 70 -0.479060
23 71 -0.538693
23 72 -0.582423
23 73 -0.604299
23 74 -0.600953
23 75 -0.571463
23 76 -0.518976
23 77 -0.449875
23 78 -0.373589
23 79 -0.300827
23 80 -0.241321
23 81 -0.203239
23 82 -0.188266
23 83 -0.197983
23 84 -0.221241
23 85 -0.258486
23 86 -0.286969
23 87 -0.318327
23 88 -0.323117
23 89 -0.328645
23 90 -0.307896
23 91 -0.287262
23 92 -0.259343
23 93 -0.220362
23 94 -0.201315
23 95 -0.150110
23 96 -0.142856
23 97 -0.083096
23 98 -0.086751
23 99 0.000000

24 0 0.000000
24 1 -0.052173
24 2 -0.043313
24 3 -0.090332
24 4 -0.088805
24 5 -0.133247
24 6 -0.147636
24 7 -0.183738
24 8 -0.209971
24 9 -0.228718
24 10 -0.248775
24 11 -0.242899
24 12 -0.241209
24 13 -0.217266
24 14 -0.202608
24 15 -0.186193
24 16 -0.189940
24 17 -0.211639
24 18 -0.259132
24 19 -0.327537
24 20 -0.411858
24 21 -0.501772
24 22 -0.586632
24 23 -0.656285
24 24 -0.702994
24 25 -0.722753
24 26 -0.714925
24 27 -0.682611
24 28 -0.630705
24 29 -0.565931
24 30 -0.494361
24 31 -0.422128
24 32 -0.353106
24 33 -0.290757
24 34 -0.235943
24 35 -0.189730
24 36 -0.150915
24 37 -0.119449
24 38 -0.093333
24 39 -0.072482
24 40 -0.054882
24 41 -0.040890
24 42 -0.028711
24 43 -0.019173
24 44 -0.010651
24 45 -0.004312
24 46 0.001401
24 47 0.005115
24 48 0.008380
24 49 0.009708
24 50 0.010650
24 51 0.009660
24 52 0.008259
24 53 0.004868
24 54 0.000926
24 55 -0.005192
24 56 -0.012227
24 57 -0.021904
24 58 -0.033287
24 59 -0.048301
24 60 -0.066475
24 61 -0.089979
24 62 -0.118782
24 63 -0.155065
24 64 -0.198773
24 65 -0.251307
24 66 -0.311514
24 67 -0.378738
24 68 -0.449454
24 69 -0.519997
24 70 -0.584199
24 71 -0.636188
24 72 -0.669212
24 73 -0.678536
24 74 -0.661019
24 75 -0.617446
24 76 -0.551755
24 77 -0.471869
24 78 -0.387590
24 79 -0.310077
24 80 -0.248239
24 81 -0.209434
24 82 -0.193641
24 83 -0.201473
24 84 -0.220432
24 85 -0.251155
24 86 -0.270868
24 87 -0.292492
24 88 -0.287901
24 89 -0.285164
24 90 -0.259188
24 91 -0.235493
24 92 -0.207960
24 93 -0.171385
24 94 -0.156579
24 95 -0.111496
24 96 -0.109440
24 97 -0.060057
24 98 -0.064363
24 99 0.000000

25 0 0.000000
25 1 -0.036736
25 2 -0.026247
25 3 -0.064827
25 4 -0.057727
25 5 -0.095728
25 6 -0.104735
25 7 -0.136800
25 8 -0.160508
25 9 -0.179647
25 10 -0.201579
25 11 -0.199872
25 12 -0.202692
25 13 -0.182955
25 14 -0.171279
25 15 -0.155841
25 16 -0.159199
25 17 -0.179477
25 18 -0.226156
25 19 -0.295362
25 20 -0.383538
25 21 -0.480740
25 22 -0.576617
25 23 -0.660107
25 24 -0.722753
25 25 -0.758843
25 26 -0.766954
25 27 -0.748598
25 28 -0.708655
25 29 -0.652811
25 30 -0.588062
25 31 -0.519866
25 32 -0.453657
25 33 -0.392134
25 34 -0.337999
25 35 -0.291138
25 36 -0.252305
25 37 -0.219765
25 38 -0.193620
25 39 -0.171654
25 40 -0.154187
25 41 -0.139092
25 42 -0.127188
25 43 -0.116540
25 44 -0.108406
25 45 -0.100962
25 46 -0.095759
25 47 -0.090991
25 48 -0.088379
25 49 -0.086104
25 50 -0.085972
25 51 -0.086165
25 52 -0.088528
25 53 -0.091294
25 54 -0.096336
25 55 -0.102020
25 56 -0.110281
25 57 -0.119752
25 58 -0.132511
25 59 -0.147617
25 60 -0.167371
25 61 -0.191324
25 62 -0.221889
25 63 -0.258835
25 64 -0.304112
25 65 -0.356850
25 66 -0.417383
25 67 -0.482904
25 68 -0.550930
25 69 -0.615934
25 70 -0.672666
25 71 -0.714051
25 72 -0.734570
25 73 -0.729251
25 74 -0.696685
25 75 -0.638211
25 76 -0.559565
25 77 -0.469221
25 78 -0.377941
25 79 -0.296523
25 80 -0.233424
25 81 -0.194681
25 82 -0.178939
25 83 -0.185662
25 84 -0.201429
25 85 -0.227051
25 86 -0.240041
25 87 -0.254459
25 88 -0.243501
25 89 -0.235687
25 90 -0.207562
25 91 -0.183565
25 92 -0.158588
25 93 -0.125959
25 94 -0.116348
25 95 -0.077632
25 96 -0.080899
25 97 -0.040577
25 98 -0.046571
25 99 0.000000

26 0 0.000000
26 1 -0.025431
26 2 -0.013295
26 3 -0.044960
26 4 -0.032991
26 5 -0.065047
26 6 -0.068599
26 7 -0.096021
26 8 -0.116031
26 9 -0.133832
26 10 -0.155603
26 11 -0.155850
26 12 -0.160982
26 13 -0.143476
26 14 -0.132934
26 15 -0.116833
26 16 -0.118053
26 17 -0.135097
26 18 -0.178757
26 19 -0.246448
26 20 -0.335806
26 21 -0.437864
26 22 -0.542273
26 23 -0.637880
26 24 -0.714925
26 25 -0.766954
26 26 -0.790725
26 27 -0.787313
26 28 -0.760049
26 29 -0.715089
26 30 -0.658342
26 31 -0.596615
26 32 -0.534404
26 33 -0.476298
26 34 -0.423787
26 35 -0.378902
26 36 -0.340674
26 37 -0.309692
26 38 -0.283802
26 39 -0.263352
26 40 -0.245956
26 41 -0.232357
26 42 -0.220309
26 43 -0.211073
26 44 -0.202547
26 45 -0.196395
26 46 -0.190567
26 47 -0.186973
26 48 -0.183550
26 49 -0.182341
26 50 -0.181263
26 51 -0.182416
26 52 -0.183733
26 53 -0.187340
26 54 -0.191261
26 55 -0.197653
26 56 -0.204752
26 57 -0.214812
26 58 -0.226440
26 59 -0.242073
26 60 -0.260819
26 61 -0.285279
26 62 -0.314949
