0 0 0.000000
0 1 0.000000
0 2 0.000000
0 3 0.000000
0 4 0.000000
0 5 0.000000
0 6 0.000000
0 7 0.000000
0 8 0.000000
0 9 0.000000
0 10 0.000000
0 11 0.000000
0 12 0.000000
0 13 0.000000
0 14 0.000000
0 15 0.000000
0 16 0.000000
0 17 0.000000
0 18 0.000000
0 19 0.000000
0 20 0.000000
0 21 0.000000
0 22 0.000000
0 23 0.000000
0 24 0.000000
0 25 0.000000
0 26 0.000000
0 27 0.000000
0 28 0.000000
0 29 0.000000
0 30 0.000000
0 31 0.000000
0 32 0.000000
0 33 0.000000
0 34 0.000000
0 35 0.000000
0 36 0.000000
0 37 0.000000
0 38 0.000000
0 39 0.000000
0 40 0.000000
0 41 0.000000
0 42 0.000000
0 43 0.000000
0 44 0.000000
0 45 0.000000
0 46 0.000000
0 47 0.000000
0 48 0.000000
0 49 0.000000
0 50 0.000000
0 51 0.000000
0 52 0.000000
0 53 0.000000
0 54 0.000000
0 55 0.000000
0 56 0.000000
0 57 0.000000
0 58 0.000000
0 59 0.000000
0 60 0.000000
0 61 0.000000
0 62 0.000000
0 63 0.000000
0 64 0.000000
0 65 0.000000
0 66 0.000000
0 67 0.000000
0 68 0.000000
0 69 0.000000
0 70 0.000000
0 71 0.000000
0 72 0.000000
0 73 0.000000
0 74 0.000000
0 75 0.000000
0 76 0.000000
0 77 0.000000
0 78 0.000000
0 79 0.000000
0 80 0.000000
0 81 0.000000
0 82 0.000000
0 83 0.000000
0 84 0.000000
0 85 0.000000
0 86 0.000000
0 87 0.000000
0 88 0.000000
0 89 0.000000
0 90 0.000000
0 91 0.000000
0 92 0.000000
0 93 0.000000
0 94 0.000000
0 95 0.000000
0 96 0.000000
0 97 0.000000
0 98 0.000000
0 99 0.000000

1 0 0.000000
1 1 -0.108849
1 2 -0.130165
1 3 -0.151517
1 4 -0.187596
1 5 -0.187602
1 6 -0.200429
1 7 -0.190231
1 8 -0.181972
1 9 -0.162929
1 10 -0.143420
1 11 -0.120379
1 12 -0.098652
1 13 -0.077777
1 14 -0.060124
1 15 -0.045568
1 16 -0.034785
1 17 -0.027437
1 18 -0.023056
1 19 -0.021069
1 20 -0.020520
1 21 -0.020779
1 22 -0.021018
1 23 -0.020789
1 24 -0.019784
1 25 -0.017874
1 26 -0.015309
1 27 -0.012176
1 28 -0.008989
1 29 -0.005762
1 30 -0.002883
1 31 -0.000082
1 32 0.002532
1 33 0.005412
1 34 0.008506
1 35 0.012079
1 36 0.015775
1 37 0.019373
1 38 0.022096
1 39 0.023351
1 40 0.022267
1 41 0.018390
1 42 0.011330
1 43 0.001310
1 44 -0.011206
1 45 -0.025172
1 46 -0.039409
1 47 -0.052440
1 48 -0.062973
1 49 -0.069805
1 50 -0.072241
1 51 -0.069951
1 52 -0.063236
1 53 -0.052784
1 54 -0.039761
1 55 -0.025482
1 56 -0.011381
1 57 0.001293
1 58 0.011543
1 59 0.018782
1 60 0.022855
1 61 0.023974
1 62 0.022711
1 63 0.019713
1 64 0.015779
1 65 0.011438
1 66 0.007246
1 67 0.003296
1 68 -0.000203
1 69 -0.003482
1 70 -0.006430
1 71 -0.009269
1 72 -0.011733
1 73 -0.013847
1 74 -0.015247
1 75 -0.015902
1 76 -0.015707
1 77 -0.014864
1 78 -0.013843
1 79 -0.013200
1 80 -0.013930
1 81 -0.016747
1 82 -0.022688
1 83 -0.032277
1 84 -0.045884
1 85 -0.063603
1 86 -0.084509
1 87 -0.108356
1 88 -0.132545
1 89 -0.157129
1 90 -0.177378
1 91 -0.195762
1 92 -0.202920
1 93 -0.210351
1 94 -0.194957
1 95 -0.191854
1 96 -0.150385
1 97 -0.131215
1 98 -0.096398
1 99 0.000000

2 0 0.000000
2 1 -0.130165
2 2 -0.105439
2 3 -0.133325
2 4 -0.143539
2 5 -0.136106
2 6 -0.135088
2 7 -0.117104
2 8 -0.102345
2 9 -0.080951
2 10 -0.061777
2 11 -0.042646
2 12 -0.027130
2 13 -0.014682
2 14 -0.006564
2 15 -0.001940
2 16 -0.000773
2 17 -0.001930
2 18 -0.004688
2 19 -0.008032
2 20 -0.011085
2 21 -0.013248
2 22 -0.013893
2 23 -0.012949
2 24 -0.010267
2 25 -0.006274
2 26 -0.001297
2 27 0.003956
2 28 0.008971
2 29 0.013158
2 30 0.016260
2 31 0.018169
2 32 0.019129
2 33 0.019512
2 34 0.019841
2 35 0.020508
2 36 0.021767
2 37 0.023481
2 38 0.025257
2 39 0.026312
2 40 0.025825
2 41 0.022885
2 42 0.016962
2 43 0.007793
2 44 -0.004202
2 45 -0.018240
2 46 -0.032921
2 47 -0.046765
2 48 -0.058078
2 49 -0.065585
2 50 -0.068251
2 51 -0.065843
2 52 -0.058563
2 53 -0.047419
2 54 -0.033652
2 55 -0.018950
2 56 -0.004762
2 57 0.007490
2 58 0.017036
2 59 0.023395
2 60 0.026822
2 61 0.027739
2 62 0.027036
2 63 0.025398
2 64 0.023605
2 65 0.021927
2 66 0.020561
2 67 0.019206
2 68 0.017629
2 69 0.015377
2 70 0.012326
2 71 0.008420
2 72 0.004002
2 73 -0.000443
2 74 -0.004265
2 75 -0.006812
2 76 -0.007660
2 77 -0.006540
2 78 -0.003694
2 79 0.000454
2 80 0.004991
2 81 0.008881
2 82 0.010967
2 83 0.009968
2 84 0.005137
2 85 -0.004571
2 86 -0.018869
2 87 -0.038148
2 88 -0.060630
2 89 -0.086155
2 90 -0.110834
2 91 -0.135881
2 92 -0.152794
2 93 -0.170359
2 94 -0.168787
2 95 -0.173032
2 96 -0.153175
2 97 -0.124552
2 98 -0.131228
2 99 0.000000

3 0 0.000000
3 1 -0.151517
3 2 -0.133325
3 3 -0.163709
3 4 -0.185797
3 5 -0.178027
3 6 -0.184857
3 7 -0.167029
3 8 -0.155844
3 9 -0.134242
3 10 -0.115707
3 11 -0.095266
3 12 -0.078317
3 13 -0.063314
3 14 -0.052237
3 15 -0.044054
3 16 -0.039000
3 17 -0.036120
3 18 -0.034812
3 19 -0.034311
3 20 -0.033840
3 21 -0.032904
3 22 -0.030983
3 23 -0.027879
3 24 -0.023576
3 25 -0.018191
3 26 -0.012235
3 27 -0.006028
3 28 -0.000336
3 29 0.004655
3 30 0.008398
3 31 0.011183
3 32 0.012966
3 33 0.014495
3 34 0.015992
3 35 0.018146
3 36 0.020831
3 37 0.024069
3 38 0.026981
3 39 0.028833
3 40 0.028289
3 41 0.024520
3 42 0.016621
3 43 0.004617
3 44 -0.011177
3 45 -0.029415
3 46 -0.048556
3 47 -0.066400
3 48 -0.081062
3 49 -0.090624
3 50 -0.094063
3 51 -0.090803
3 52 -0.081396
3 53 -0.066863
3 54 -0.049079
3 55 -0.029950
3 56 -0.011622
3 57 0.004307
3 58 0.016560
3 59 0.024712
3 60 0.028821
3 61 0.029613
3 62 0.028029
3 63 0.025154
3 64 0.021893
3 65 0.018820
3 66 0.016191
3 67 0.013811
3 68 0.011414
3 69 0.008485
3 70 0.004838
3 71 0.000274
3 72 -0.004888
3 73 -0.010318
3 74 -0.015351
3 75 -0.019462
3 76 -0.022211
3 77 -0.023386
3 78 -0.023241
3 79 -0.022126
3 80 -0.021001
3 81 -0.020668
3 82 -0.022353
3 83 -0.027016
3 84 -0.035447
3 85 -0.048464
3 86 -0.065652
3 87 -0.087522
3 88 -0.111699
3 89 -0.138863
3 90 -0.163446
3 91 -0.189116
3 92 -0.203073
3 93 -0.220690
3 94 -0.211564
3 95 -0.216220
3 96 -0.183617
3 97 -0.153427
3 98 -0.150569
3 99 0.000000

4 0 0.000000
4 1 -0.187596
4 2 -0.143539
4 3 -0.185797
4 4 -0.199649
4 5 -0.191151
4 6 -0.194895
4 7 -0.173938
4 8 -0.160225
4 9 -0.135897
4 10 -0.115101
4 11 -0.092561
4 12 -0.073828
4 13 -0.057168
4 14 -0.044725
4 15 -0.035212
4 16 -0.029122
4 17 -0.025293
4 18 -0.023321
4 19 -0.022382
4 20 -0.021677
4 21 -0.020785
4 22 -0.018913
4 23 -0.016041
4 24 -0.011729
4 25 -0.006389
4 26 -0.000116
4 27 0.006345
4 28 0.012566
4 29 0.017874
4 30 0.022034
4 31 0.024914
4 32 0.026854
4 33 0.028302
4 34 0.029926
4 35 0.032151
4 36 0.035224
4 37 0.038775
4 38 0.042107
4 39 0.043909
4 40 0.042891
4 41 0.037608
4 42 0.027298
4 43 0.011592
4 44 -0.008722
4 45 -0.032329
4 46 -0.056860
4 47 -0.079895
4 48 -0.098612
4 49 -0.110951
4 50 -0.115193
4 51 -0.111002
4 52 -0.098697
4 53 -0.079996
4 54 -0.056931
4 55 -0.032342
4 56 -0.008615
4 57 0.011837
4 58 0.027738
4 59 0.038219
4 60 0.043697
4 61 0.044816
4 62 0.043083
4 63 0.039638
4 64 0.035888
4 65 0.032375
4 66 0.029618
4 67 0.027250
4 68 0.025059
4 69 0.022339
4 70 0.018889
4 71 0.014439
4 72 0.009313
4 73 0.003910
4 74 -0.001116
4 75 -0.005133
4 76 -0.007791
4 77 -0.008840
4 78 -0.008681
4 79 -0.007735
4 80 -0.007042
4 81 -0.007579
4 82 -0.010461
4 83 -0.016926
4 84 -0.027452
4 85 -0.043212
4 86 -0.063394
4 87 -0.088820
4 88 -0.116776
4 89 -0.148065
4 90 -0.176797
4 91 -0.206768
4 92 -0.224330
4 93 -0.245684
4 94 -0.239004
4 95 -0.244109
4 96 -0.216486
4 97 -0.173571
4 98 -0.192265
4 99 0.000000

5 0 0.000000
5 1 -0.187602
5 2 -0.136106
5 3 -0.178027
5 4 -0.191151
5 5 -0.181707
5 6 -0.189111
5 7 -0.169850
5 8 -0.161408
5 9 -0.140975
5 10 -0.125341
5 11 -0.106795
5 12 -0.091673
5 13 -0.077325
5 14 -0.066098
5 15 -0.056581
5 16 -0.049484
5 17 -0.043877
5 18 -0.039712
5 19 -0.036402
5 20 -0.033550
5 21 -0.030742
5 22 -0.027512
5 23 -0.023557
5 24 -0.018689
5 25 -0.012852
5 26 -0.006405
5 27 0.000398
5 28 0.006776
5 29 0.012489
5 30 0.016881
5 31 0.020235
5 32 0.022475
5 33 0.024498
5 34 0.026593
5 35 0.029644
5 36 0.033490
5 37 0.038140
5 38 0.042374
5 39 0.045141
5 40 0.044527
5 41 0.039319
5 42 0.028169
5 43 0.011085
5 44 -0.011535
5 45 -0.037744
5 46 -0.065338
5 47 -0.091084
5 48 -0.112248
5 49 -0.125991
5 50 -0.130838
5 51 -0.125921
5 52 -0.112102
5 53 -0.090867
5 54 -0.065031
5 55 -0.037368
5 56 -0.011064
5 57 0.011603
5 58 0.028762
5 59 0.039898
5 60 0.045118
5 61 0.045609
5 62 0.042747
5 63 0.038237
5 64 0.033366
5 65 0.029088
5 66 0.025720
5 67 0.023115
5 68 0.020803
5 69 0.018171
5 70 0.014795
5 71 0.010442
5 72 0.005292
5 73 -0.000262
5 74 -0.005662
5 75 -0.010322
5 76 -0.013969
5 77 -0.016390
5 78 -0.018010
5 79 -0.019162
5 80 -0.020809
5 81 -0.023636
5 82 -0.028610
5 83 -0.036541
5 84 -0.047807
5 85 -0.063232
5 86 -0.082043
5 87 -0.105085
5 88 -0.129674
5 89 -0.157371
5 90 -0.181689
5 91 -0.208581
5 92 -0.221877
5 93 -0.242475
5 94 -0.232755
5 95 -0.239598
5 96 -0.212327
5 97 -0.169766
5 98 -0.195718
5 99 0.000000

6 0 0.000000
6 1 -0.200429
6 2 -0.135088
6 3 -0.184857
6 4 -0.194895
6 5 -0.189111
6 6 -0.199756
6 7 -0.184197
6 8 -0.180522
6 9 -0.163809
6 10 -0.151694
6 11 -0.135025
6 12 -0.120596
6 13 -0.105105
6 14 -0.091427
6 15 -0.078077
6 16 -0.066390
6 17 -0.055762
6 18 -0.046620
6 19 -0.038872
6 20 -0.032210
6 21 -0.026665
6 22 -0.021430
6 23 -0.016516
6 24 -0.011107
6 25 -0.005403
6 26 0.000923
6 27 0.007309
6 28 0.013568
6 29 0.019056
6 30 0.023612
6 31 0.027065
6 32 0.029802
6 33 0.032260
6 34 0.035180
6 35 0.038952
6 36 0.043807
6 37 0.049152
6 38 0.054056
6 39 0.056757
6 40 0.055598
6 41 0.048669
6 42 0.035027
6 43 0.014175
6 44 -0.012782
6 45 -0.044120
6 46 -0.076650
6 47 -0.107188
6 48 -0.131944
6 49 -0.148221
6 50 -0.153702
6 51 -0.147990
6 52 -0.131491
6 53 -0.106548
6 54 -0.075850
6 55 -0.043235
6 56 -0.011853
6 57 0.015036
6 58 0.035773
6 59 0.049166
6 60 0.055821
6 61 0.056578
6 62 0.053511
6 63 0.048153
6 64 0.042485
6 65 0.037289
6 66 0.033409
6 67 0.030437
6 68 0.028227
6 69 0.025854
6 70 0.023055
6 71 0.019299
6 72 0.014796
6 73 0.009682
6 74 0.004421
6 75 -0.000624
6 76 -0.005358
6 77 -0.009713
6 78 -0.014245
6 79 -0.019271
6 80 -0.025646
6 81 -0.033854
6 82 -0.044404
6 83 -0.057837
6 84 -0.073799
6 85 -0.093029
6 86 -0.113982
6 87 -0.137824
6 88 -0.161290
6 89 -0.186779
6 90 -0.207344
6 91 -0.230451
6 92 -0.238995
6 93 -0.256187
6 94 -0.243095
6 95 -0.246913
6 96 -0.221993
6 97 -0.171808
6 98 -0.211535
6 99 0.000000

7 0 0.000000
7 1 -0.190231
7 2 -0.117104
7 3 -0.167029
7 4 -0.173938
7 5 -0.169850
7 6 -0.184197
7 7 -0.172724
7 8 -0.175624
7 9 -0.164473
7 10 -0.158421
7 11 -0.146241
7 12 -0.135220
7 13 -0.121332
7 14 -0.107759
7 15 -0.093022
7 16 -0.078975
7 17 -0.065262
7 18 -0.052965
7 19 -0.042127
7 20 -0.033029
7 21 -0.025534
7 22 -0.019245
7 23 -0.013708
7 24 -0.008392
7 25 -0.002883
7 26 0.002853
7 27 0.008858
7 28 0.014553
7 29 0.019839
7 30 0.024077
7 31 0.027622
7 32 0.030361
7 33 0.033283
7 34 0.036619
7 35 0.041308
7 36 0.046992
7 37 0.053553
7 38 0.059336
7 39 0.062964
7 40 0.061965
7 41 0.054836
7 42 0.039876
7 43 0.017190
7 44 -0.012669
7 45 -0.047102
7 46 -0.083250
7 47 -0.116873
7 48 -0.144455
7 49 -0.162284
7 50 -0.168496
7 51 -0.161940
7 52 -0.143785
7 53 -0.115940
7 54 -0.082111
7 55 -0.045877
7 56 -0.011439
7 57 0.018257
7 58 0.040705
7 59 0.055245
7 60 0.061936
7 61 0.062353
7 62 0.058245
7 63 0.051927
7 64 0.045103
7 65 0.039210
7 66 0.034748
7 67 0.031767
7 68 0.029712
7 69 0.027946
7 70 0.025803
7 71 0.022931
7 72 0.019183
7 73 0.014783
7 74 0.009880
7 75 0.004836
7 76 -0.000525
7 77 -0.006160
7 78 -0.012776
7 79 -0.020604
7 80 -0.030427
7 81 -0.042410
7 82 -0.056757
7 83 -0.073481
7 84 -0.091849
7 85 -0.112080
7 86 -0.132415
7 87 -0.153854
7 88 -0.173164
7 89 -0.193353
7 90 -0.207318
7 91 -0.224478
7 92 -0.226374
7 93 -0.239793
7 94 -0.223227
7 95 -0.226259
7 96 -0.204951
7 97 -0.154716
7 98 -0.204567
7 99 0.000000

8 0 0.000000
8 1 -0.181972
8 2 -0.102345
8 3 -0.155844
8 4 -0.160225
8 5 -0.161408
8 6 -0.180522
8 7 -0.175624
8 8 -0.186305
8 9 -0.182034
8 10 -0.182784
8 11 -0.175414
8 12 -0.167816
8 13 -0.155088
8 14 -0.140941
8 15 -0.123872
8 16 -0.106240
8 17 -0.088188
8 18 -0.071118
8 19 -0.055760
8 20 -0.042373
8 21 -0.031455
8 22 -0.022232
8 23 -0.014751
8 24 -0.007871
8 25 -0.001600
8 26 0.004775
8 27 0.010867
8 28 0.016750
8 29 0.021851
8 30 0.026154
8 31 0.029515
8 32 0.032443
8 33 0.035407
8 34 0.039256
8 35 0.044334
8 36 0.050849
8 37 0.057951
8 38 0.064466
8 39 0.068160
8 40 0.067030
8 41 0.058703
8 42 0.042086
8 43 0.016555
8 44 -0.016469
8 45 -0.054895
8 46 -0.094754
8 47 -0.132185
8 48 -0.162493
8 49 -0.182424
8 50 -0.189096
8 51 -0.182081
8 52 -0.161836
8 53 -0.131293
8 54 -0.093707
8 55 -0.053839
8 56 -0.015509
8 57 0.017235
8 58 0.042401
8 59 0.058483
8 60 0.066275
8 61 0.066774
8 62 0.062601
8 63 0.055641
8 64 0.048435
8 65 0.041987
8 66 0.037463
8 67 0.034410
8 68 0.032737
8 69 0.031269
8 70 0.029646
8 71 0.027016
8 72 0.023425
8 73 0.018680
8 74 0.013021
8 75 0.006499
8 76 -0.001045
8 77 -0.009736
8 78 -0.020234
8 79 -0.032729
8 80 -0.047777
8 81 -0.065266
8 82 -0.084898
8 83 -0.106301
8 84 -0.128014
8 85 -0.150057
8 86 -0.169917
8 87 -0.188939
8 88 -0.203283
8 89 -0.217151
8 90 -0.222859
8 91 -0.232036
8 92 -0.225301
8 93 -0.232046
8 94 -0.210629
8 95 -0.209348
8 96 -0.191522
8 97 -0.138213
8 98 -0.197880
8 99 0.000000

9 0 0.000000
9 1 -0.162929
9 2 -0.080951
9 3 -0.134242
9 4 -0.135897
9 5 -0.140975
9 6 -0.163809
9 7 -0.164473
9 8 -0.182034
9 9 -0.183961
9 10 -0.191053
9 11 -0.188427
9 12 -0.184491
9 13 -0.173572
9 14 -0.159844
9 15 -0.141612
9 16 -0.121876
9 17 -0.100766
9 18 -0.080427
9 19 -0.061507
9 20 -0.044956
9 21 -0.031008
9 22 -0.019464
9 23 -0.009929
9 24 -0.001753
9 25 0.005608
9 26 0.012393
9 27 0.018823
9 28 0.024476
9 29 0.029433
9 30 0.033164
9 31 0.036236
9 32 0.038623
9 33 0.041543
9 34 0.045244
9 35 0.050790
9 36 0.057646
9 37 0.065598
9 38 0.072562
9 39 0.076875
9 40 0.075529
9 41 0.066781
9 42 0.048588
9 43 0.021160
9 44 -0.014850
9 45 -0.056260
9 46 -0.099688
9 47 -0.140017
9 48 -0.173108
9 49 -0.194490
9 50 -0.202001
9 51 -0.194221
9 52 -0.172601
9 53 -0.139356
9 54 -0.098952
9 55 -0.055598
9 56 -0.014352
9 57 0.021324
9 58 0.048375
9 59 0.066056
9 60 0.074364
9 61 0.075225
9 62 0.070672
9 63 0.063547
9 64 0.055865
9 65 0.049459
9 66 0.044914
9 67 0.042396
9 68 0.041168
9 69 0.040489
9 70 0.039359
9 71 0.037251
9 72 0.033652
9 73 0.028639
9 74 0.022013
9 75 0.014055
9 76 0.004299
9 77 -0.007166
9 78 -0.021148
9 79 -0.037573
9 80 -0.056936
9 81 -0.078752
9 82 -0.102434
9 83 -0.127144
9 84 -0.151023
9 85 -0.173673
9 86 -0.192287
9 87 -0.208127
9 88 -0.217286
9 89 -0.224599
9 90 -0.222296
9 91 -0.223751
9 92 -0.208967
9 93 -0.209684
9 94 -0.184339
9 95 -0.179903
9 96 -0.166264
9 97 -0.113454
9 98 -0.179920
9 99 0.000000

10 0 0.000000
10 1 -0.143420
10 2 -0.061777
10 3 -0.115707
10 4 -0.115101
10 5 -0.125341
10 6 -0.151694
10 7 -0.158421
10 8 -0.182784
10 9 -0.191053
10 10 -0.204801
10 11 -0.207410
10 12 -0.207989
10 13 -0.200005
10 14 -0.187973
10 15 -0.170112
10 16 -0.149532
10 17 -0.126753
10 18 -0.103842
10 19 -0.082078
10 20 -0.062155
10 21 -0.045028
10 22 -0.030100
10 23 -0.017706
10 24 -0.006704
10 25 0.002749
10 26 0.011457
10 27 0.018987
10 28 0.025567
10 29 0.030681
10 30 0.034552
10 31 0.037187
10 32 0.039394
10 33 0.041807
10 34 0.045515
10 35 0.050883
10 36 0.058158
10 37 0.066243
10 38 0.073758
10 39 0.078004
10 40 0.076677
10 41 0.066959
10 42 0.047644
10 43 0.017966
10 44 -0.020352
10 45 -0.064944
10 46 -0.111150
10 47 -0.154573
10 48 -0.189730
10 49 -0.212935
10 50 -0.220796
10 51 -0.212886
10 52 -0.189655
10 53 -0.154540
10 54 -0.111211
10 55 -0.065210
10 56 -0.020862
10 57 0.017107
10 58 0.046467
10 59 0.065413
10 60 0.074919
10 61 0.076072
10 62 0.071960
10 63 0.064706
10 64 0.057316
10 65 0.050901
10 66 0.046855
10 67 0.044565
10 68 0.043897
10 69 0.043322
10 70 0.042301
10 71 0.039608
10 72 0.035131
10 73 0.028426
10 74 0.019673
10 75 0.008837
10 76 -0.004190
10 77 -0.019446
10 78 -0.037408
10 79 -0.057965
10 80 -0.081279
10 81 -0.106704
10 82 -0.133264
10 83 -0.159932
10 84 -0.184380
10 85 -0.206186
10 86 -0.222029
10 87 -0.233600
10 88 -0.236443
10 89 -0.236621
10 90 -0.225609
10 91 -0.218981
10 92 -0.195802
10 93 -0.189780
10 94 -0.160494
10 95 -0.151540
10 96 -0.141951
10 97 -0.088915
10 98 -0.160012
10 99 0.000000

11 0 0.000000
11 1 -0.120379
11 2 -0.042646
11 3 -0.095266
11 4 -0.092561
11 5 -0.106795
11 6 -0.135025
11 7 -0.146241
11 8 -0.175414
11 9 -0.188427
11 10 -0.207410
11 11 -0.214383
11 12 -0.219189
11 13 -0.214321
11 14 -0.204836
11 15 -0.188309
11 16 -0.168366
11 17 -0.145028
11 18 -0.120944
11 19 -0.096973
11 20 -0.074476
11 21 -0.054045
11 22 -0.035825
11 23 -0.019805
11 24 -0.005624
11 25 0.006964
11 26 0.018000
11 27 0.027588
11 28 0.035264
11 29 0.041232
11 30 0.045088
11 31 0.047723
11 32 0.049326
11 33 0.051493
11 34 0.054603
11 35 0.059963
11 36 0.066931
11 37 0.075285
11 38 0.082571
11 39 0.086928
11 40 0.084874
11 41 0.074501
11 42 0.053449
11 43 0.022043
11 44 -0.019031
11 45 -0.066102
11 46 -0.115432
11 47 -0.161187
11 48 -0.198797
11 49 -0.223156
11 50 -0.231914
11 51 -0.223384
11 52 -0.199256
11 53 -0.161912
11 54 -0.116417
11 55 -0.067389
11 56 -0.020571
11 57 0.020239
11 58 0.051523
11 59 0.072499
11 60 0.083058
11 61 0.085401
11 62 0.081700
11 63 0.075186
11 64 0.068016
11 65 0.062276
11 66 0.058490
11 67 0.056821
11 68 0.056239
11 69 0.055819
11 70 0.054172
11 71 0.050598
11 72 0.044290
11 73 0.035339
11 74 0.023452
11 75 0.009171
11 76 -0.007874
11 77 -0.027141
11 78 -0.049211
11 79 -0.073467
11 80 -0.100071
11 81 -0.127992
11 82 -0.156193
11 83 -0.183402
11 84 -0.207189
11 85 -0.227063
11 86 -0.239596
11 87 -0.246687
11 88 -0.243758
11 89 -0.237590
11 90 -0.219361
11 91 -0.206031
11 92 -0.176325
11 93 -0.164812
11 94 -0.133094
11 95 -0.120418
11 96 -0.114874
11 97 -0.063351
11 98 -0.135639
11 99 0.000000

12 0 0.000000
12 1 -0.098652
12 2 -0.027130
12 3 -0.078317
12 4 -0.073828
12 5 -0.091673
12 6 -0.120596
12 7 -0.135220
12 8 -0.167816
12 9 -0.184491
12 10 -0.207989
12 11 -0.219189
12 12 -0.228624
12 13 -0.228034
12 14 -0.222536
12 15 -0.209460
12 16 -0.192060
12 17 -0.170495
12 18 -0.146883
12 19 -0.122547
12 20 -0.098341
12 21 -0.075598
12 22 -0.054045
12 23 -0.034595
12 24 -0.016500
12 25 -0.000492
12 26 0.013942
12 27 0.026003
12 28 0.035880
12 29 0.042997
12 30 0.047808
12 31 0.050506
12 32 0.052278
12 33 0.053989
12 34 0.057059
12 35 0.061925
12 36 0.068953
12 37 0.076863
12 38 0.084179
12 39 0.087832
12 40 0.085352
12 41 0.073574
12 42 0.051278
12 43 0.017579
12 44 -0.025510
12 45 -0.075446
12 46 -0.127002
12 47 -0.175433
12 48 -0.214623
12 49 -0.240618
12 50 -0.249590
12 51 -0.241149
12 52 -0.215663
12 53 -0.176963
12 54 -0.128942
12 55 -0.077748
12 56 -0.028014
12 57 0.014972
12 58 0.048825
12 59 0.071418
12 60 0.083838
12 61 0.087106
12 62 0.084616
12 63 0.078536
12 64 0.072173
12 65 0.066591
12 66 0.063311
12 67 0.061472
12 68 0.060863
12 69 0.059571
12 70 0.056901
12 71 0.051301
12 72 0.042626
12 73 0.030353
12 74 0.014882
12 75 -0.003576
12 76 -0.024685
12 77 -0.048011
12 78 -0.073507
12 79 -0.100567
12 80 -0.128903
12 81 -0.157531
12 82 -0.185161
12 83 -0.210695
12 84 -0.231567
12 85 -0.247638
12 86 -0.255307
12 87 -0.257110
12 88 -0.248032
12 89 -0.236006
12 90 -0.211296
12 91 -0.192565
12 92 -0.157625
12 93 -0.141716
12 94 -0.108625
12 95 -0.092423
12 96 -0.090603
12 97 -0.040654
12 98 -0.111501
12 99 0.000000

13 0 0.000000
13 1 -0.077777
13 2 -0.014682
13 3 -0.063314
13 4 -0.057168
13 5 -0.077325
13 6 -0.105105
13 7 -0.121332
13 8 -0.155088
13 9 -0.173572
13 10 -0.200005
13 11 -0.214321
13 12 -0.228034
13 13 -0.231703
13 14 -0.231033
13 15 -0.222246
13 16 -0.208926
13 17 -0.190253
13 18 -0.168700
13 19 -0.144828
13 20 -0.120057
13 21 -0.095215
13 22 -0.070843
13 23 -0.047521
13 24 -0.025482
13 25 -0.005119
13 26 0.013076
13 27 0.028817
13 28 0.041368
13 29 0.050921
13 30 0.057095
13 31 0.061066
13 32 0.063192
13 33 0.065445
13 34 0.068313
13 35 0.073368
13 36 0.079880
13 37 0.087705
13 38 0.094115
13 39 0.097215
13 40 0.093194
13 41 0.080161
13 42 0.055549
13 43 0.019896
13 44 -0.026093
13 45 -0.078300
13 46 -0.132776
13 47 -0.183114
13 48 -0.224503
13 49 -0.251333
13 50 -0.261178
13 51 -0.252089
13 52 -0.225963
13 53 -0.185206
13 54 -0.135338
13 55 -0.081191
13 56 -0.029048
13 57 0.017074
13 58 0.053213
13 59 0.078518
13 60 0.092632
13 61 0.097869
13 62 0.096322
13 63 0.091426
13 64 0.085295
13 65 0.080168
13 66 0.076434
13 67 0.074267
13 68 0.072373
13 69 0.069736
13 70 0.064672
13 71 0.056456
13 72 0.044136
13 73 0.028033
13 74 0.008000
13 75 -0.014860
13 76 -0.040505
13 77 -0.067624
13 78 -0.096327
13 79 -0.125300
13 80 -0.154420
13 81 -0.182314
13 82 -0.207950
13 83 -0.230213
13 84 -0.246847
13 85 -0.258012
13 86 -0.260303
13 87 -0.256796
13 88 -0.242347
13 89 -0.225679
13 90 -0.196473
13 91 -0.174292
13 92 -0.136631
13 93 -0.118056
13 94 -0.085510
13 95 -0.066750
13 96 -0.068458
13 97 -0.020992
13 98 -0.087522
13 99 0.000000

14 0 0.000000
14 1 -0.060124
14 2 -0.006564
14 3 -0.052237
14 4 -0.044725
14 5 -0.066098
14 6 -0.091427
14 7 -0.107759
14 8 -0.140941
14 9 -0.159844
14 10 -0.187973
14 11 -0.204836
14 12 -0.222536
14 13 -0.231033
14 14 -0.235867
14 15 -0.232893
14 16 -0.224971
14 17 -0.211208
14 18 -0.193201
14 19 -0.171810
14 20 -0.147708
14 21 -0.122417
14 22 -0.095939
14 23 -0.069854
14 24 -0.043964
14 25 -0.019797
14 26 0.002650
14 27 0.021986
14 28 0.038169
14 29 0.050380
14 30 0.059158
14 31 0.064713
14 32 0.068493
14 33 0.071444
14 34 0.075228
14 35 0.080264
14 36 0.087043
14 37 0.094129
14 38 0.100081
14 39 0.101618
14 40 0.096328
14 41 0.080893
14 42 0.054289
14 43 0.015620
14 44 -0.032728
14 45 -0.088076
14 46 -0.144700
14 47 -0.197664
14 48 -0.240354
14 49 -0.268703
14 50 -0.278527
14 51 -0.269517
14 52 -0.241904
14 53 -0.199833
14 54 -0.147264
14 55 -0.090824
14 56 -0.035321
14 57 0.013438
14 58 0.052916
14 59 0.080546
14 60 0.097378
14 61 0.104135
14 62 0.104304
14 63 0.099876
14 64 0.094323
14 65 0.088572
14 66 0.084293
14 67 0.080452
14 68 0.076920
14 69 0.071575
14 70 0.063781
14 71 0.051856
14 72 0.035830
14 73 0.015299
14 74 -0.008913
14 75 -0.036151
14 76 -0.065422
14 77 -0.095645
14 78 -0.126108
14 79 -0.155675
14 80 -0.183690
14 81 -0.209090
14 82 -0.230679
14 83 -0.247878
14 84 -0.258536
14 85 -0.263547
14 86 -0.259590
14 87 -0.250618
14 88 -0.231141
14 89 -0.210938
14 90 -0.178686
14 91 -0.154972
14 92 -0.116521
14 93 -0.097068
14 94 -0.066426
14 95 -0.046119
14 96 -0.050830
14 97 -0.006163
14 98 -0.066297
14 99 0.000000

15 0 0.000000
15 1 -0.045568
15 2 -0.001940
15 3 -0.044054
15 4 -0.035212
15 5 -0.056581
15 6 -0.078077
15 7 -0.093022
15 8 -0.123872
15 9 -0.141612
15 10 -0.170112
15 11 -0.188309
15 12 -0.209460
15 13 -0.222246
15 14 -0.232893
15 15 -0.235890
15 16 -0.234372
15 17 -0.226184
15 18 -0.213151
15 19 -0.195116
15 20 -0.173207
15 21 -0.148231
15 22 -0.120965
15 23 -0.092490
15 24 -0.063638
15 25 -0.035472
15 26 -0.009126
15 27 0.014618
15 28 0.034582
15 29 0.050782
15 30 0.062638
15 31 0.071403
15 32 0.077348
15 33 0.082602
15 34 0.087539
15 35 0.093854
15 36 0.100631
15 37 0.107826
15 38 0.112510
15 39 0.112943
15 40 0.105193
15 41 0.087647
15 42 0.057743
15 43 0.016430
15 44 -0.035476
15 45 -0.093364
15 46 -0.153139
15 47 -0.207900
15 48 -0.252740
15 49 -0.281647
15 50 -0.292229
15 51 -0.282293
15 52 -0.253942
15 53 -0.209521
15 54 -0.154930
15 55 -0.095092
15 56 -0.036787
15 57 0.015784
15 58 0.058135
15 59 0.089231
15 60 0.108257
15 61 0.117429
15 62 0.118519
15 63 0.114997
15 64 0.108811
15 65 0.102351
15 66 0.095945
15 67 0.089966
15 68 0.083092
15 69 0.074503
15 70 0.062499
15 71 0.046591
15 72 0.025898
15 73 0.001144
15 74 -0.027552
15 75 -0.058435
15 76 -0.091005
15 77 -0.123158
15 78 -0.154561
15 79 -0.183280
15 80 -0.209085
15 81 -0.230517
15 82 -0.246950
15 83 -0.257889
15 84 -0.261821
15 85 -0.260124
15 86 -0.249915
15 87 -0.235857
15 88 -0.212345
15 89 -0.189942
15 90 -0.156554
15 91 -0.133165
15 92 -0.096238
15 93 -0.077557
15 94 -0.050532
15 95 -0.029733
15 96 -0.037237
15 97 0.004187
15 98 -0.048092
15 99 0.000000

16 0 0.000000
16 1 -0.034785
16 2 -0.000773
16 3 -0.039000
16 4 -0.029122
16 5 -0.049484
16 6 -0.066390
16 7 -0.078975
16 8 -0.106240
16 9 -0.121876
16 10 -0.149532
16 11 -0.168366
16 12 -0.192060
16 13 -0.208926
16 14 -0.224971
16 15 -0.234372
16 16 -0.239444
16 17 -0.237934
16 18 -0.230624
16 19 -0.217580
16 20 -0.198960
16 21 -0.176176
16 22 -0.149219
16 23 -0.120116
16 24 -0.089036
16 25 -0.058202
16 26 -0.028063
16 27 -0.000639
16 28 0.023718
16 29 0.043768
16 30 0.059928
16 31 0.072138
16 32 0.081809
16 33 0.089649
16 34 0.097284
16 35 0.104873
16 36 0.112897
16 37 0.119705
16 38 0.123969
16 39 0.122328
16 40 0.112671
16 41 0.091761
16 42 0.059039
16 43 0.013793
16 44 -0.041055
16 45 -0.102641
16 46 -0.164730
16 47 -0.222279
16 48 -0.268253
16 49 -0.298601
16 50 -0.308840
16 51 -0.298817
16 52 -0.268602
16 53 -0.222640
16 54 -0.164878
16 55 -0.102388
16 56 -0.040104
16 57 0.015604
16 58 0.061980
16 59 0.095852
16 60 0.118053
16 61 0.128773
16 62 0.131411
16 63 0.127611
16 64 0.120969
16 65 0.112297
16 66 0.103583
16 67 0.093850
16 68 0.083374
16 69 0.070156
16 70 0.053961
16 71 0.033251
16 72 0.008456
16 73 -0.020595
16 74 -0.052598
16 75 -0.086494
16 76 -0.120718
16 77 -0.153691
16 78 -0.184201
16 79 -0.210795
16 80 -0.232686
16 81 -0.249014
16 82 -0.258994
16 83 -0.262940
16 84 -0.259469
16 85 -0.250932
16 86 -0.234540
16 87 -0.215981
16 88 -0.189260
16 89 -0.165901
16 90 -0.132795
16 91 -0.111326
16 92 -0.077510
16 93 -0.061069
16 94 -0.038622
16 95 -0.018446
16 96 -0.028138
16 97 0.009716
16 98 -0.033879
16 99 0.000000

17 0 0.000000
17 1 -0.027437
17 2 -0.001930
17 3 -0.036120
17 4 -0.025293
17 5 -0.043877
17 6 -0.055762
17 7 -0.065262
17 8 -0.088188
17 9 -0.100766
17 10 -0.126753
17 11 -0.145028
17 12 -0.170495
17 13 -0.190253
17 14 -0.211208
17 15 -0.226184
17 16 -0.237934
17 17 -0.242902
17 18 -0.242139
17 19 -0.234551
17 20 -0.220688
17 21 -0.200992
17 22 -0.176128
17 23 -0.147323
17 24 -0.115708
17 25 -0.082755
17 26 -0.050080
17 27 -0.018870
17 28 0.009230
17 29 0.033963
17 30 0.054332
17 31 0.071405
17 32 0.085023
17 33 0.097142
17 34 0.107667
17 35 0.118158
17 36 0.127292
17 37 0.135049
17 38 0.138298
17 39 0.135588
17 40 0.123042
17 41 0.099582
17 42 0.062874
17 43 0.014513
17 44 -0.044440
17 45 -0.108767
17 46 -0.174234
17 47 -0.233464
17 48 -0.281556
17 49 -0.312164
17 50 -0.323031
17 51 -0.311750
17 52 -0.280672
17 53 -0.232044
17 54 -0.172133
17 55 -0.105907
17 56 -0.040655
17 57 0.019225
17 58 0.068611
17 59 0.106172
17 60 0.130438
17 61 0.143368
17 62 0.146234
17 63 0.142459
17 64 0.133793
17 65 0.122881
17 66 0.110166
17 67 0.096518
17 68 0.080909
17 69 0.063089
17 70 0.041661
17 71 0.016657
17 72 -0.012567
17 73 -0.044803
17 74 -0.079714
17 75 -0.115024
17 76 -0.150000
17 77 -0.182009
17 78 -0.210585
17 79 -0.233473
17 80 -0.250643
17 81 -0.260816
17 82 -0.264035
17 83 -0.260637
17 84 -0.250044
17 85 -0.235010
17 86 -0.213244
17 87 -0.191070
17 88 -0.162332
17 89 -0.139207
17 90 -0.107795
17 91 -0.089441
17 92 -0.060150
17 93 -0.046911
17 94 -0.029937
17 95 -0.011164
17 96 -0.022789
17 97 0.011397
17 98 -0.023639
17 99 0.000000

18 0 0.000000
18 1 -0.023056
18 2 -0.004688
18 3 -0.034812
18 4 -0.023321
18 5 -0.039712
18 6 -0.046620
18 7 -0.052965
18 8 -0.071118
18 9 -0.080427
18 10 -0.103842
18 11 -0.120944
18 12 -0.146883
18 13 -0.168700
18 14 -0.193201
18 15 -0.213151
18 16 -0.230624
18 17 -0.242139
18 18 -0.247709
18 19 -0.246504
18 20 -0.237927
18 21 -0.222960
18 22 -0.201179
18 23 -0.174656
18 24 -0.143518
18 25 -0.110344
18 26 -0.075755
18 27 -0.042234
18 28 -0.010355
18 29 0.018165
18 30 0.043492
18 31 0.065045
18 32 0.083912
18 33 0.100200
18 34 0.115181
18 35 0.128435
18 36 0.140226
18 37 0.148536
18 38 0.152141
18 39 0.147653
18 40 0.133427
18 41 0.106484
18 42 0.066953
18 43 0.014468
18 44 -0.047356
18 45 -0.115419
18 46 -0.182938
18 47 -0.244831
18 48 -0.293692
18 49 -0.325599
18 50 -0.335824
18 51 -0.324447
18 52 -0.291375
18 53 -0.241369
18 54 -0.178313
18 55 -0.109712
18 56 -0.040590
18 57 0.022085
18 58 0.075305
18 59 0.115174
18 60 0.142209
18 61 0.155921
18 62 0.159533
18 63 0.154275
18 64 0.143904
18 65 0.129219
18 66 0.112738
18 67 0.093807
18 68 0.073442
18 69 0.050081
18 70 0.024196
18 71 -0.005396
18 72 -0.037731
18 73 -0.072752
18 74 -0.108779
18 75 -0.144582
18 76 -0.178321
18 77 -0.208286
18 78 -0.233147
18 79 -0.251507
18 80 -0.262773
18 81 -0.266555
18 82 -0.262649
18 83 -0.252362
18 84 -0.235064
18 85 -0.214527
18 86 -0.188310
18 87 -0.163732
18 88 -0.134048
18 89 -0.112262
18 90 -0.083500
18 91 -0.069070
18 92 -0.044994
18 93 -0.035548
18 94 -0.024203
18 95 -0.007521
18 96 -0.020494
18 97 0.009881
18 98 -0.017093
18 99 0.000000

19 0 0.000000
19 1 -0.021069
19 2 -0.008032
19 3 -0.034311
19 4 -0.022382
19 5 -0.036402
19 6 -0.038872
19 7 -0.042127
19 8 -0.055760
19 9 -0.061507
19 10 -0.082078
19 11 -0.096973
19 12 -0.122547
19 13 -0.144828
19 14 -0.171810
19 15 -0.195116
19 16 -0.217580
19 17 -0.234551
19 18 -0.246504
19 19 -0.251401
19 20 -0.249072
19 21 -0.239309
19 22 -0.222292
19 23 -0.198960
19 24 -0.170325
19 25 -0.137849
19 26 -0.103306
19 27 -0.068009
19 28 -0.033931
19 29 -0.001536
19 30 0.027688
19 31 0.054474
19 32 0.077981
19 33 0.099709
19 34 0.118781
19 35 0.136348
19 36 0.150443
19 37 0.160935
19 38 0.164418
19 39 0.159771
19 40 0.143248
19 41 0.114453
19 42 0.071402
19 43 0.016477
19 44 -0.048955
19 45 -0.119028
19 46 -0.189410
19 47 -0.252298
19 48 -0.302909
19 49 -0.334639
19 50 -0.345471
19 51 -0.332808
19 52 -0.299287
19 53 -0.247008
19 54 -0.182579
19 55 -0.110925
19 56 -0.039808
19 57 0.026235
19 58 0.081433
19 59 0.124149
19 60 0.152188
19 61 0.167206
19 62 0.169905
19 63 0.163671
19 64 0.150073
19 65 0.132147
19 66 0.110609
19 67 0.087075
19 68 0.061058
19 69 0.033154
19 70 0.002473
19 71 -0.030270
19 72 -0.065441
19 73 -0.101405
19 74 -0.137784
19 75 -0.172056
19 76 -0.203613
19 77 -0.229692
19 78 -0.250116
19 79 -0.262692
19 80 -0.267918
19 81 -0.264918
19 82 -0.254510
19 83 -0.237832
19 84 -0.215083
19 85 -0.190145
19 86 -0.160967
19 87 -0.135203
19 88 -0.105838
19 89 -0.086260
19 90 -0.060925
19 91 -0.050757
19 92 -0.032200
19 93 -0.026595
19 94 -0.020762
19 95 -0.006415
19 96 -0.020405
19 97 0.006353
19 98 -0.013813
19 99 0.000000

20 0 0.000000
20 1 -0.020520
20 2 -0.011085
20 3 -0.033840
20 4 -0.021677
20 5 -0.033550
20 6 -0.032210
20 7 -0.033029
20 8 -0.042373
20 9 -0.044956
20 10 -0.062155
20 11 -0.074476
20 12 -0.098341
20 13 -0.120057
20 14 -0.147708
20 15 -0.173207
20 16 -0.198960
20 17 -0.220688
20 18 -0.237927
20 19 -0.249072
20 20 -0.252714
20 21 -0.249210
20 22 -0.237402
20 23 -0.219030
20 24 -0.193752
20 25 -0.164098
20 26 -0.130465
20 27 -0.095487
20 28 -0.059716
20 29 -0.025212
20 30 0.007983
20 31 0.038687
20 32 0.067527
20 33 0.093780
20 34 0.118142
20 35 0.139359
20 36 0.157302
20 37 0.169427
20 38 0.174560
20 39 0.169252
20 40 0.152382
20 41 0.121263
20 42 0.076795
20 43 0.018966
20 44 -0.047897
20 45 -0.120528
20 46 -0.191670
20 47 -0.256338
20 48 -0.306866
20 49 -0.339594
20 50 -0.349616
20 51 -0.337308
20 52 -0.302384
20 53 -0.249885
20 54 -0.183509
20 55 -0.111099
20 56 -0.037615
20 57 0.029470
20 58 0.087005
20 59 0.130408
20 60 0.159925
20 61 0.174368
20 62 0.176802
20 63 0.168037
20 64 0.152047
20 65 0.129682
20 66 0.104137
20 67 0.075221
20 68 0.044881
20 69 0.012146
20 70 -0.021666
20 71 -0.057334
20 72 -0.093375
20 73 -0.129637
20 74 -0.164274
20 75 -0.196200
20 76 -0.223658
20 77 -0.245221
20 78 -0.259836
20 79 -0.266533
20 80 -0.265193
20 81 -0.256070
20 82 -0.239568
20 83 -0.217867
20 84 -0.190797
20 85 -0.163177
20 86 -0.132399
20 87 -0.106963
20 88 -0.078949
20 89 -0.062408
20 90 -0.040883
20 91 -0.035024
20 92 -0.021768
20 93 -0.019727
20 94 -0.018798
20 95 -0.006866
20 96 -0.021395
20 97 0.001879
20 98 -0.012835
20 99 0.000000

21 0 0.000000
21 1 -0.020779
21 2 -0.013248
21 3 -0.032904
21 4 -0.020785
21 5 -0.030742
21 6 -0.026665
21 7 -0.025534
21 8 -0.031455
21 9 -0.031008
21 10 -0.045028
21 11 -0.054045
21 12 -0.075598
21 13 -0.095215
21 14 -0.122417
21 15 -0.148231
21 16 -0.176176
21 17 -0.200992
21 18 -0.222960
21 19 -0.239309
21 20 -0.249210
21 21 -0.251703
21 22 -0.246287
21 23 -0.233294
21 24 -0.213261
21 25 -0.187232
21 26 -0.156757
21 27 -0.122901
21 28 -0.087674
21 29 -0.051520
21 30 -0.016309
21 31 0.018402
21 32 0.051013
21 33 0.082468
21 34 0.110933
21 35 0.137005
21 36 0.157914
21 37 0.173326
21 38 0.179473
21 39 0.175550
21 40 0.157907
21 41 0.126840
21 42 0.080666
21 43 0.022511
21 44 -0.046076
21 45 -0.118696
21 46 -0.191116
21 47 -0.255265
21 48 -0.306675
21 49 -0.338600
21 50 -0.349380
21 51 -0.336239
21 52 -0.302079
21 53 -0.248733
21 54 -0.183012
21 55 -0.109581
21 56 -0.036488
21 57 0.031816
21 58 0.089073
21 59 0.133500
21 60 0.162256
21 61 0.176776
21 62 0.177202
21 63 0.166914
21 64 0.147306
21 65 0.121848
21 66 0.091568
21 67 0.058916
21 68 0.024004
21 69 -0.011645
21 70 -0.048394
21 71 -0.084856
21 72 -0.121224
21 73 -0.155591
21 74 -0.187798
21 75 -0.215374
21 76 -0.238199
21 77 -0.253749
21 78 -0.262490
21 79 -0.262596
21 80 -0.255320
21 81 -0.240277
21 82 -0.219023
21 83 -0.193290
21 84 -0.163686
21 85 -0.134752
21 86 -0.104099
21 87 -0.080149
21 88 -0.054605
21 89 -0.041551
21 90 -0.024071
21 91 -0.022177
21 92 -0.013712
21 93 -0.014608
21 94 -0.017748
21 95 -0.007987
21 96 -0.022729
21 97 -0.002548
21 98 -0.013481
21 99 0.000000

22 0 0.000000
22 1 -0.021018
22 2 -0.013893
22 3 -0.030983
22 4 -0.018913
22 5 -0.027512
22 6 -0.021430
22 7 -0.019245
22 8 -0.022232
22 9 -0.019464
22 10 -0.030100
22 11 -0.035825
22 12 -0.054045
22 13 -0.070843
22 14 -0.095939
22 15 -0.120965
22 16 -0.149219
22 17 -0.176128
22 18 -0.201179
22 19 -0.222292
22 20 -0.237402
22 21 -0.246287
22 22 -0.246951
22 23 -0.240607
22 24 -0.226143
22 25 -0.205692
22 26 -0.179038
22 27 -0.148600
22 28 -0.114556
22 29 -0.079053
22 30 -0.042132
22 31 -0.005488
22 32 0.031089
22 33 0.066003
22 34 0.099321
22 35 0.128863
22 36 0.154046
22 37 0.171724
22 38 0.180744
22 39 0.177542
22 40 0.161493
22 41 0.130114
22 42 0.084987
22 43 0.026287
22 44 -0.041122
22 45 -0.114058
22 46 -0.185015
22 47 -0.249371
22 48 -0.299393
22 49 -0.331876
22 50 -0.341812
22 51 -0.329911
22 52 -0.295608
22 53 -0.244093
22 54 -0.178645
22 55 -0.107200
22 56 -0.034346
22 57 0.032203
22 58 0.089435
22 59 0.132278
22 60 0.160883
22 61 0.173449
22 62 0.172945
22 63 0.159748
22 64 0.138048
22 65 0.108701
22 66 0.075562
22 67 0.038870
22 68 0.001501
22 69 -0.036969
22 70 -0.074410
22 71 -0.111294
22 72 -0.145749
22 73 -0.177734
22 74 -0.205480
22 75 -0.228350
22 76 -0.244985
22 77 -0.254567
22 78 -0.256602
22 79 -0.250780
22 80 -0.237590
22 81 -0.217949
22 82 -0.192747
22 83 -0.164776
22 84 -0.133907
22 85 -0.105511
22 86 -0.076213
22 87 -0.055124
22 88 -0.032736
22 89 -0.023649
22 90 -0.010109
22 91 -0.011772
22 92 -0.007331
22 93 -0.010447
22 94 -0.016676
22 95 -0.008746
22 96 -0.023437
22 97 -0.005997
22 98 -0.014737
22 99 0.000000

23 0 0.000000
23 1 -0.020789
23 2 -0.012949
23 3 -0.027879
23 4 -0.016041
23 5 -0.023557
23 6 -0.016516
23 7 -0.013708
23 8 -0.014751
23 9 -0.009929
23 10 -0.017706
23 11 -0.019805
23 12 -0.034595
23 13 -0.047521
23 14 -0.069854
23 15 -0.092490
23 16 -0.120116
23 17 -0.147323
23 18 -0.174656
23 19 -0.198960
23 20 -0.219030
23 21 -0.233294
23 22 -0.240607
23 23 -0.240584
23 24 -0.233094
23 25 -0.218454
23 26 -0.197651
23 27 -0.171126
23 28 -0.140597
23 29 -0.106175
23 30 -0.069900
23 31 -0.031448
23 32 0.006902
23 33 0.045596
23 34 0.081843
23 35 0.115705
23 36 0.143588
23 37 0.164973
23 38 0.175704
23 39 0.175283
23 40 0.160081
23 41 0.130999
23 42 0.086479
23 43 0.030193
23 44 -0.036407
23 45 -0.106667
23 46 -0.176774
23 47 -0.238661
23 48 -0.288444
23 49 -0.319400
23 50 -0.330347
23 51 -0.318315
23 52 -0.286405
23 53 -0.235978
23 54 -0.173812
23 55 -0.103978
23 56 -0.034488
23 57 0.030658
23 58 0.085005
23 59 0.126912
23 60 0.153066
23 61 0.164819
23 62 0.161782
23 63 0.147330
23 64 0.122600
23 65 0.091421
23 66 0.055015
23 67 0.016577
23 68 -0.023286
23 69 -0.062210
23 70 -0.100145
23 71 -0.135147
23 72 -0.167403
23 73 -0.194927
23 74 -0.218025
23 75 -0.234542
23 76 -0.245126
23 77 -0.247746
23 78 -0.243737
23 79 -0.231774
23 80 -0.213917
23 81 -0.190205
23 82 -0.162744
23 83 -0.133547
23 84 -0.103208
23 85 -0.076431
23 86 -0.049945
23 87 -0.032405
23 88 -0.013910
23 89 -0.008768
23 90 0.000959
23 91 -0.003574
23 92 -0.002346
23 93 -0.006853
23 94 -0.015171
23 95 -0.008625
23 96 -0.023086
23 97 -0.007952
23 98 -0.015979
23 99 0.000000

24 0 0.000000
24 1 -0.019784
24 2 -0.010267
24 3 -0.023576
24 4 -0.011729
24 5 -0.018689
24 6 -0.011107
24 7 -0.008392
24 8 -0.007871
24 9 -0.001753
24 10 -0.006704
24 11 -0.005624
24 12 -0.016500
24 13 -0.025482
24 14 -0.043964
24 15 -0.063638
24 16 -0.089036
24 17 -0.115708
24 18 -0.143518
24 19 -0.170325
24 20 -0.193752
24 21 -0.213261
24 22 -0.226143
24 23 -0.233094
24 24 -0.232103
24 25 -0.224685
24 26 -0.209707
24 27 -0.189051
24 28 -0.162193
24 29 -0.131093
24 30 -0.095552
24 31 -0.057611
24 32 -0.017336
24 33 0.022886
24 34 0.062582
24 35 0.098704
24 36 0.130295
24 37 0.153648
24 38 0.167688
24 39 0.168718
24 40 0.156575
24 41 0.128853
24 42 0.087654
24 43 0.033077
24 44 -0.029750
24 45 -0.098078
24 46 -0.164457
24 47 -0.224959
24 48 -0.272023
24 49 -0.303106
24 50 -0.313178
24 51 -0.303303
24 52 -0.272514
24 53 -0.225982
24 54 -0.166268
24 55 -0.101094
24 56 -0.034294
24 57 0.026519
24 58 0.078822
24 59 0.117312
24 60 0.142266
24 61 0.151368
24 62 0.147542
24 63 0.130666
24 64 0.105059
24 65 0.071422
24 66 0.034126
24 67 -0.006334
24 68 -0.046291
24 69 -0.085762
24 70 -0.121922
24 71 -0.155086
24 72 -0.183128
24 73 -0.206315
24 74 -0.223148
24 75 -0.233681
24 76 -0.237168
24 77 -0.233612
24 78 -0.223213
24 79 -0.206393
24 80 -0.184207
24 81 -0.158096
24 82 -0.129183
24 83 -0.100534
24 84 -0.071638
24 85 -0.047973
24 86 -0.024942
24 87 -0.011830
24 88 0.002659
24 89 0.003753
24 90 0.010132
24 91 0.003255
24 92 0.002148
24 93 -0.003080
24 94 -0.012602
24 95 -0.007029
24 96 -0.021253
24 97 -0.008014
24 98 -0.016629
24 99 0.000000

25 0 0.000000
25 1 -0.017874
25 2 -0.006274
25 3 -0.018191
25 4 -0.006389
25 5 -0.012852
25 6 -0.005403
25 7 -0.002883
25 8 -0.001600
25 9 0.005608
25 10 0.002749
25 11 0.006964
25 12 -0.000492
25 13 -0.005119
25 14 -0.019797
25 15 -0.035472
25 16 -0.058202
25 17 -0.082755
25 18 -0.110344
25 19 -0.137849
25 20 -0.164098
25 21 -0.187232
25 22 -0.205692
25 23 -0.218454
25 24 -0.224685
25 25 -0.223809
25 26 -0.216036
25 27 -0.200901
25 28 -0.179574
25 29 -0.151583
25 30 -0.118943
25 31 -0.081278
25 32 -0.041419
25 33 0.000710
25 34 0.041470
25 35 0.080516
25 36 0.113541
25 37 0.139962
25 38 0.155308
25 39 0.159439
25 40 0.148713
25 41 0.124557
25 42 0.085353
25 43 0.035105
25 44 -0.025135
25 45 -0.088753
25 46 -0.152692
25 47 -0.209163
25 48 -0.255128
25 49 -0.284047
25 50 -0.295321
25 51 -0.285768
25 52 -0.258610
25 53 -0.214534
25 54 -0.160048
25 55 -0.098305
25 56 -0.036960
25 57 0.020790
25 58 0.068588
25 59 0.105205
25 60 0.127019
25 61 0.135411
25 62 0.129450
25 63 0.112449
25 64 0.085131
25 65 0.051524
25 66 0.012828
25 67 -0.027189
25 68 -0.067613
25 69 -0.105367
25 70 -0.140128
25 71 -0.169497
25 72 -0.193789
25 73 -0.211070
25 74 -0.222282
25 75 -0.225756
25 76 -0.223088
25 77 -0.212881
25 78 -0.197419
25 79 -0.175876
25 80 -0.151011
25 81 -0.123077
25 82 -0.094434
25 83 -0.067018
25 84 -0.041014
25 85 -0.020908
25 86 -0.002223
25 87 0.006474
25 88 0.016717
25 89 0.014254
25 90 0.017608
25 91 0.009144
25 92 0.006395
25 93 0.001092
25 94 -0.008916
25 95 -0.003951
25 96 -0.017952
25 97 -0.006261
25 98 -0.016375
25 99 0.000000

26 0 0.000000
26 1 -0.015309
26 2 -0.001297
26 3 -0.012235
26 4 -0.000116
26 5 -0.006405
26 6 0.000923
26 7 0.002853
26 8 0.004775
26 9 0.012393
26 10 0.011457
26 11 0.018000
26 12 0.013942
26 13 0.013076
26 14 0.002650
26 15 -0.009126
26 16 -0.028063
26 17 -0.050080
26 18 -0.075755
26 19 -0.103306
26 20 -0.130465
26 21 -0.156757
26 22 -0.179038
26 23 -0.197651
26 24 -0.209707
26 25 -0.216036
26 26 -0.214428
26 27 -0.206051
26 28 -0.189477
26 29 -0.166311
26 30 -0.135954
26 31 -0.100676
26 32 -0.060690
26 33 -0.019067
26 34 0.023335
26 35 0.062731
26 36 0.097964
26 37 0.124908
