0 0 0.000000
0 1 0.000000
0 2 0.000000
0 3 0.000000
0 4 0.000000
0 5 0.000000
0 6 0.000000
0 7 0.000000
0 8 0.000000
0 9 0.000000
0 10 0.000000
0 11 0.000000
0 12 0.000000
0 13 0.000000
0 14 0.000000
0 15 0.000000
0 16 0.000000
0 17 0.000000
0 18 0.000000
0 19 0.000000
0 20 0.000000
0 21 0.000000
0 22 0.000000
0 23 0.000000
0 24 0.000000
0 25 0.000000
0 26 0.000000
0 27 0.000000
0 28 0.000000
0 29 0.000000
0 30 0.000000
0 31 0.000000
0 32 0.000000
0 33 0.000000
0 34 0.000000
0 35 0.000000
0 36 0.000000
0 37 0.000000
0 38 0.000000
0 39 0.000000
0 40 0.000000
0 41 0.000000
0 42 0.000000
0 43 0.000000
0 44 0.000000
0 45 0.000000
0 46 0.000000
0 47 0.000000
0 48 0.000000
0 49 0.000000
0 50 0.000000
0 51 0.000000
0 52 0.000000
0 53 0.000000
0 54 0.000000
0 55 0.000000
0 56 0.000000
0 57 0.000000
0 58 0.000000
0 59 0.000000
0 60 0.000000
0 61 0.000000
0 62 0.000000
0 63 0.000000
0 64 0.000000
0 65 0.000000
0 66 0.000000
0 67 0.000000
0 68 0.000000
0 69 0.000000
0 70 0.000000
0 71 0.000000
0 72 0.000000
0 73 0.000000
0 74 0.000000
0 75 0.000000
0 76 0.000000
0 77 0.000000
0 78 0.000000
0 79 0.000000
0 80 0.000000
0 81 0.000000
0 82 0.000000
0 83 0.000000
0 84 0.000000
0 85 0.000000
0 86 0.000000
0 87 0.000000
0 88 0.000000
0 89 0.000000
0 90 0.000000
0 91 0.000000
0 92 0.000000
0 93 0.000000
0 94 0.000000
0 95 0.000000
0 96 0.000000
0 97 0.000000
0 98 0.000000
0 99 0.000000

1 0 0.000000
1 1 -0.035679
1 2 -0.007852
1 3 -0.007180
1 4 -0.022736
1 5 -0.015378
1 6 -0.036739
1 7 -0.042822
1 8 -0.054887
1 9 -0.064944
1 10 -0.067982
1 11 -0.072442
1 12 -0.069993
1 13 -0.069196
1 14 -0.066093
1 15 -0.065251
1 16 -0.065631
1 17 -0.068494
1 18 -0.073541
1 19 -0.080199
1 20 -0.088195
1 21 -0.096292
1 22 -0.104278
1 23 -0.110857
1 24 -0.115930
1 25 -0.118358
1 26 -0.118166
1 27 -0.114491
1 28 -0.107540
1 29 -0.096833
1 30 -0.082805
1 31 -0.065365
1 32 -0.045130
1 33 -0.022297
1 34 0.002440
1 35 0.028716
1 36 0.055835
1 37 0.083363
1 38 0.110653
1 39 0.137276
1 40 0.162673
1 41 0.186480
1 42 0.208255
1 43 0.227731
1 44 0.244587
1 45 0.258658
1 46 0.269731
1 47 0.277730
1 48 0.282528
1 49 0.284122
1 50 0.282454
1 51 0.277582
1 52 0.269511
1 53 0.258364
1 54 0.244221
1 55 0.227286
1 56 0.207737
1 57 0.185870
1 58 0.161980
1 59 0.136462
1 60 0.109727
1 61 0.082251
1 62 0.054547
1 63 0.027123
1 64 0.000560
1 65 -0.024668
1 66 -0.047952
1 67 -0.068919
1 68 -0.086981
1 69 -0.101958
1 70 -0.113355
1 71 -0.121289
1 72 -0.125419
1 73 -0.126213
1 74 -0.123482
1 75 -0.118010
1 76 -0.109742
1 77 -0.099754
1 78 -0.088182
1 79 -0.076394
1 80 -0.064782
1 81 -0.054784
1 82 -0.046877
1 83 -0.041812
1 84 -0.039940
1 85 -0.040102
1 86 -0.043202
1 87 -0.044850
1 88 -0.048838
1 89 -0.046836
1 90 -0.047307
1 91 -0.041260
1 92 -0.034762
1 93 -0.033477
1 94 -0.017510
1 95 -0.029766
1 96 -0.014461
1 97 -0.018964
1 98 -0.042704
1 99 0.000000

2 0 0.000000
2 1 -0.007852
2 2 0.057489
2 3 0.048081
2 4 0.057958
2 5 0.062790
2 6 0.043436
2 7 0.039828
2 8 0.022363
2 9 0.013702
2 10 0.006547
2 11 0.001937
2 12 0.002197
2 13 0.001828
2 14 0.003103
2 15 0.001725
2 16 -0.001286
2 17 -0.007765
2 18 -0.017061
2 19 -0.029456
2 20 -0.044311
2 21 -0.061232
2 22 -0.079514
2 23 -0.098411
2 24 -0.117076
2 25 -0.134536
2 26 -0.149895
2 27 -0.162212
2 28 -0.170801
2 29 -0.175039
2 30 -0.174616
2 31 -0.169325
2 32 -0.159217
2 33 -0.144437
2 34 -0.125313
2 35 -0.102274
2 36 -0.075867
2 37 -0.046759
2 38 -0.015665
2 39 0.016579
2 40 0.049172
2 41 0.081208
2 42 0.111891
2 43 0.140345
2 44 0.165873
2 45 0.187723
2 46 0.205376
2 47 0.218287
2 48 0.226180
2 49 0.228767
2 50 0.226054
2 51 0.218034
2 52 0.204996
2 53 0.187211
2 54 0.165230
2 55 0.139560
2 56 0.110962
2 57 0.080116
2 58 0.047912
2 59 0.015112
2 60 -0.017353
2 61 -0.048734
2 62 -0.078154
2 63 -0.104977
2 64 -0.128471
2 65 -0.148191
2 66 -0.163602
2 67 -0.174492
2 68 -0.180551
2 69 -0.181832
2 70 -0.178301
2 71 -0.170341
2 72 -0.158254
2 73 -0.142761
2 74 -0.124458
2 75 -0.104263
2 76 -0.082902
2 77 -0.061301
2 78 -0.040235
2 79 -0.020592
2 80 -0.003267
2 81 0.010972
2 82 0.021182
2 83 0.027328
2 84 0.028741
2 85 0.027297
2 86 0.022420
2 87 0.018706
2 88 0.014375
2 89 0.015275
2 90 0.018771
2 91 0.024657
2 92 0.038654
2 93 0.039459
2 94 0.056451
2 95 0.047101
2 96 0.038510
2 97 0.044699
2 98 -0.021134
2 99 0.000000

3 0 0.000000
3 1 -0.007180
3 2 0.048081
3 3 0.041882
3 4 0.040366
3 5 0.043792
3 6 0.017006
3 7 0.008495
3 8 -0.011684
3 9 -0.023977
3 10 -0.030089
3 11 -0.034588
3 12 -0.030773
3 13 -0.027958
3 14 -0.022068
3 15 -0.019067
3 16 -0.017691
3 17 -0.020090
3 18 -0.025972
3 19 -0.035289
3 20 -0.047919
3 21 -0.062885
3 22 -0.079975
3 23 -0.097771
3 24 -0.115826
3 25 -0.132498
3 26 -0.147211
3 27 -0.158435
3 28 -0.165766
3 29 -0.168113
3 30 -0.165437
3 31 -0.157171
3 32 -0.143614
3 33 -0.124639
3 34 -0.100804
3 35 -0.072337
3 36 -0.040027
3 37 -0.004410
3 38 0.033521
3 39 0.072994
3 40 0.112882
3 41 0.152287
3 42 0.190047
3 43 0.225269
3 44 0.256870
3 45 0.284090
3 46 0.306045
3 47 0.322229
3 48 0.332063
3 49 0.335380
3 50 0.331968
3 51 0.322037
3 52 0.305757
3 53 0.283698
3 54 0.256375
3 55 0.224656
3 56 0.189314
3 57 0.151404
3 58 0.111842
3 59 0.071739
3 60 0.032034
3 61 -0.006236
3 62 -0.042217
3 63 -0.075070
3 64 -0.104108
3 65 -0.128774
3 66 -0.148582
3 67 -0.163293
3 68 -0.172612
3 69 -0.176647
3 70 -0.175323
3 71 -0.169172
3 72 -0.158394
3 73 -0.143981
3 74 -0.126366
3 75 -0.106865
3 76 -0.085965
3 77 -0.065093
3 78 -0.044703
3 79 -0.026255
3 80 -0.010285
3 81 0.001858
3 82 0.009573
3 83 0.012441
3 84 0.010034
3 85 0.004505
3 86 -0.004945
3 87 -0.012060
3 88 -0.020289
3 89 -0.019971
3 90 -0.018080
3 91 -0.009033
3 92 0.006923
3 93 0.012183
3 94 0.035945
3 95 0.027264
3 96 0.030238
3 97 0.032592
3 98 -0.023197
3 99 0.000000

4 0 0.000000
4 1 -0.022736
4 2 0.057958
4 3 0.040366
4 4 0.040754
4 5 0.041200
4 6 0.002866
4 7 -0.009235
4 8 -0.040855
4 9 -0.057835
4 10 -0.070248
4 11 -0.077509
4 12 -0.075111
4 13 -0.072320
4 14 -0.065110
4 15 -0.060719
4 16 -0.057462
4 17 -0.058691
4 18 -0.063589
4 19 -0.073042
4 20 -0.086370
4 21 -0.103310
4 22 -0.123056
4 23 -0.144677
4 24 -0.167071
4 25 -0.188852
4 26 -0.208758
4 27 -0.225365
4 28 -0.237636
4 29 -0.244538
4 30 -0.245505
4 31 -0.240038
4 32 -0.228022
4 33 -0.209434
4 34 -0.184515
4 35 -0.153669
4 36 -0.117475
4 37 -0.076751
4 38 -0.032398
4 39 0.014405
4 40 0.062511
4 41 0.110505
4 42 0.157129
4 43 0.200898
4 44 0.240616
4 45 0.274924
4 46 0.302879
4 47 0.323446
4 48 0.336106
4 49 0.340301
4 50 0.336041
4 51 0.323313
4 52 0.302679
4 53 0.274650
4 54 0.240269
4 55 0.200461
4 56 0.156601
4 57 0.109849
4 58 0.061720
4 59 0.013411
4 60 -0.033618
4 61 -0.078316
4 62 -0.119430
4 63 -0.156200
4 64 -0.187688
4 65 -0.213503
4 66 -0.233046
4 67 -0.246292
4 68 -0.252957
4 69 -0.253372
4 70 -0.247584
4 71 -0.236331
4 72 -0.220064
4 73 -0.199933
4 74 -0.176741
4 75 -0.151855
4 76 -0.126208
4 77 -0.101108
4 78 -0.077503
4 79 -0.056560
4 80 -0.039365
4 81 -0.026808
4 82 -0.020072
4 83 -0.018844
4 84 -0.024022
4 85 -0.032283
4 86 -0.044641
4 87 -0.053432
4 88 -0.061880
4 89 -0.060119
4 90 -0.053145
4 91 -0.040090
4 92 -0.013471
4 93 -0.005284
4 94 0.029960
4 95 0.022625
4 96 0.024618
4 97 0.037495
4 98 -0.045282
4 99 0.000000

5 0 0.000000
5 1 -0.015378
5 2 0.062790
5 3 0.043792
5 4 0.041200
5 5 0.036667
5 6 -0.006528
5 7 -0.024048
5 8 -0.059385
5 9 -0.079630
5 10 -0.092542
5 11 -0.099424
5 12 -0.094234
5 13 -0.087783
5 14 -0.075582
5 15 -0.065617
5 16 -0.056461
5 17 -0.051562
5 18 -0.050703
5 19 -0.054536
5 20 -0.063088
5 21 -0.075733
5 22 -0.092326
5 23 -0.111488
5 24 -0.132633
5 25 -0.153865
5 26 -0.174285
5 27 -0.191946
5 28 -0.206069
5 29 -0.215123
5 30 -0.218738
5 31 -0.215945
5 32 -0.206778
5 33 -0.190757
5 34 -0.168255
5 35 -0.139242
5 36 -0.104459
5 37 -0.064345
5 38 -0.020039
5 39 0.027574
5 40 0.077005
5 41 0.127046
5 42 0.175994
5 43 0.222504
5 44 0.264866
5 45 0.301845
5 46 0.331972
5 47 0.354377
5 48 0.368068
5 49 0.372745
5 50 0.368046
5 51 0.354330
5 52 0.331900
5 53 0.301743
5 54 0.264731
5 55 0.222319
5 56 0.175753
5 57 0.126711
5 58 0.076561
5 59 0.026942
5 60 -0.020891
5 61 -0.065559
5 62 -0.106089
5 63 -0.141522
5 64 -0.171252
5 65 -0.194798
5 66 -0.211906
5 67 -0.222535
5 68 -0.226696
5 69 -0.224750
5 70 -0.216952
5 71 -0.204112
5 72 -0.186780
5 73 -0.166242
5 74 -0.143278
5 75 -0.119448
5 76 -0.095516
5 77 -0.073023
5 78 -0.052594
5 79 -0.035672
5 80 -0.022918
5 81 -0.015532
5 82 -0.014237
5 83 -0.018942
5 84 -0.030100
5 85 -0.044212
5 86 -0.062018
5 87 -0.074958
5 88 -0.086626
5 89 -0.085444
5 90 -0.078034
5 91 -0.061446
5 92 -0.030871
5 93 -0.017035
5 94 0.023507
5 95 0.020589
5 96 0.025917
5 97 0.040112
5 98 -0.042371
5 99 0.000000

6 0 0.000000
6 1 -0.036739
6 2 0.043436
6 3 0.017006
6 4 0.002866
6 5 -0.006528
6 6 -0.063955
6 7 -0.088130
6 8 -0.134250
6 9 -0.160657
6 10 -0.178949
6 11 -0.188589
6 12 -0.183621
6 13 -0.175856
6 14 -0.160084
6 15 -0.145816
6 16 -0.130972
6 17 -0.120310
6 18 -0.113076
6 19 -0.110941
6 20 -0.113465
6 21 -0.120809
6 22 -0.132391
6 23 -0.147437
6 24 -0.164932
6 25 -0.183422
6 26 -0.201590
6 27 -0.217814
6 28 -0.230916
6 29 -0.239620
6 30 -0.243175
6 31 -0.240823
6 32 -0.232209
6 33 -0.217039
6 34 -0.195280
6 35 -0.167088
6 36 -0.132789
6 37 -0.093050
6 38 -0.048615
6 39 -0.000672
6 40 0.049643
6 41 0.100724
6 42 0.151175
6 43 0.199173
6 44 0.243284
6 45 0.281745
6 46 0.313372
6 47 0.336770
6 48 0.351278
6 49 0.356114
6 50 0.351325
6 51 0.336862
6 52 0.313512
6 53 0.281921
6 54 0.243499
6 55 0.199404
6 56 0.151421
6 57 0.100935
6 58 0.049807
6 59 -0.000649
6 60 -0.048766
6 61 -0.093541
6 62 -0.133685
6 63 -0.168649
6 64 -0.197597
6 65 -0.220463
6 66 -0.236816
6 67 -0.246992
6 68 -0.250851
6 69 -0.249051
6 70 -0.241719
6 71 -0.229863
6 72 -0.213946
6 73 -0.195342
6 74 -0.174814
6 75 -0.153886
6 76 -0.133391
6 77 -0.114699
6 78 -0.098611
6 79 -0.086254
6 80 -0.078590
6 81 -0.076336
6 82 -0.080618
6 83 -0.090593
6 84 -0.107156
6 85 -0.125663
6 86 -0.147337
6 87 -0.162139
6 88 -0.174235
6 89 -0.170950
6 90 -0.158945
6 91 -0.136741
6 92 -0.096169
6 93 -0.076350
6 94 -0.021890
6 95 -0.021275
6 96 -0.003819
6 97 0.017123
6 98 -0.068490
6 99 0.000000

7 0 0.000000
7 1 -0.042822
7 2 0.039828
7 3 0.008495
7 4 -0.009235
7 5 -0.024048
7 6 -0.088130
7 7 -0.118317
7 8 -0.170360
7 9 -0.201277
7 10 -0.222356
7 11 -0.233098
7 12 -0.227112
7 13 -0.216739
7 14 -0.196805
7 15 -0.177187
7 16 -0.156268
7 17 -0.138844
7 18 -0.124813
7 19 -0.115642
7 20 -0.111571
7 21 -0.112448
7 22 -0.118323
7 23 -0.128067
7 24 -0.141216
7 25 -0.155947
7 26 -0.171406
7 27 -0.185594
7 28 -0.197733
7 29 -0.206164
7 30 -0.210485
7 31 -0.209533
7 32 -0.203263
7 33 -0.190935
7 34 -0.172788
7 35 -0.148485
7 36 -0.118606
7 37 -0.083285
7 38 -0.043538
7 39 -0.000002
7 40 0.045871
7 41 0.093020
7 42 0.139673
7 43 0.184537
7 44 0.225740
7 45 0.262037
7 46 0.291759
7 47 0.314022
7 48 0.327654
7 49 0.332389
7 50 0.327753
7 51 0.314218
7 52 0.292052
7 53 0.262420
7 54 0.226209
7 55 0.185073
7 56 0.140267
7 57 0.093625
7 58 0.046463
7 59 0.000480
7 60 -0.043216
7 61 -0.083300
7 62 -0.119041
7 63 -0.149626
7 64 -0.174745
7 65 -0.194099
7 66 -0.207712
7 67 -0.215701
7 68 -0.218280
7 69 -0.215895
7 70 -0.208905
7 71 -0.198128
7 72 -0.184144
7 73 -0.168181
7 74 -0.151000
7 75 -0.134052
7 76 -0.118055
7 77 -0.104396
7 78 -0.093666
7 79 -0.087105
7 80 -0.085387
7 81 -0.089400
7 82 -0.099894
7 83 -0.116125
7 84 -0.138536
7 85 -0.162322
7 86 -0.188317
7 87 -0.205963
7 88 -0.219424
7 89 -0.215302
7 90 -0.200884
7 91 -0.174343
7 92 -0.128176
7 93 -0.102719
7 94 -0.041588
7 95 -0.036559
7 96 -0.015091
7 97 0.010526
7 98 -0.079282
7 99 0.000000

8 0 0.000000
8 1 -0.054887
8 2 0.022363
8 3 -0.011684
8 4 -0.040855
8 5 -0.059385
8 6 -0.134250
8 7 -0.170360
8 8 -0.230239
8 9 -0.266499
8 10 -0.291549
8 11 -0.304639
8 12 -0.298557
8 13 -0.286847
8 14 -0.263357
8 15 -0.239390
8 16 -0.212597
8 17 -0.188997
8 18 -0.167935
8 19 -0.151825
8 20 -0.140444
8 21 -0.134365
8 22 -0.133239
8 23 -0.136523
8 24 -0.143412
8 25 -0.152591
8 26 -0.162912
8 27 -0.172839
8 28 -0.181323
8 29 -0.187140
8 30 -0.189611
8 31 -0.187993
8 32 -0.181921
8 33 -0.171053
8 34 -0.155229
8 35 -0.134476
8 36 -0.108874
8 37 -0.078888
8 38 -0.044929
8 39 -0.007940
8 40 0.031320
8 41 0.071487
8 42 0.111543
8 43 0.149868
8 44 0.185374
8 45 0.216436
8 46 0.242155
8 47 0.261193
8 48 0.273097
8 49 0.277055
8 50 0.273232
8 51 0.261460
8 52 0.242556
8 53 0.216957
8 54 0.186017
8 55 0.150602
8 56 0.112366
8 57 0.072333
8 58 0.032173
8 59 -0.007205
8 60 -0.044356
8 61 -0.078692
8 62 -0.109137
8 63 -0.135528
8 64 -0.157185
8 65 -0.174352
8 66 -0.186651
8 67 -0.194618
8 68 -0.198043
8 69 -0.197674
8 70 -0.193454
8 71 -0.186394
8 72 -0.176699
8 73 -0.165693
8 74 -0.153845
8 75 -0.142612
8 76 -0.132550
8 77 -0.124966
8 78 -0.120450
8 79 -0.120062
8 80 -0.124635
8 81 -0.134700
8 82 -0.151291
8 83 -0.173021
8 84 -0.200713
8 85 -0.228564
8 86 -0.257952
8 87 -0.277032
8 88 -0.290803
8 89 -0.284654
8 90 -0.266754
8 91 -0.235253
8 92 -0.181838
8 93 -0.150975
8 94 -0.079250
8 95 -0.071424
8 96 -0.037961
8 97 -0.009964
8 98 -0.095058
8 99 0.000000

9 0 0.000000
9 1 -0.064944
9 2 0.013702
9 3 -0.023977
9 4 -0.057835
9 5 -0.079630
9 6 -0.160657
9 7 -0.201277
9 8 -0.266499
9 9 -0.306831
9 10 -0.335052
9 11 -0.349908
9 12 -0.344061
9 13 -0.331101
9 14 -0.305030
9 15 -0.277254
9 16 -0.245902
9 17 -0.216951
9 18 -0.190343
9 19 -0.168263
9 20 -0.151049
9 21 -0.138922
9 22 -0.132042
9 23 -0.129490
9 24 -0.130960
9 25 -0.134793
9 26 -0.140362
9 27 -0.145824
9 28 -0.150671
9 29 -0.153392
9 30 -0.153873
9 31 -0.151073
9 32 -0.145207
9 33 -0.135581
9 34 -0.122604
9 35 -0.105846
9 36 -0.085898
9 37 -0.062618
9 38 -0.036844
9 39 -0.008746
9 40 0.020577
9 41 0.050688
9 42 0.080288
9 43 0.108791
9 44 0.134830
9 45 0.157845
9 46 0.176587
9 47 0.190722
9 48 0.199307
9 49 0.202392
9 50 0.199465
9 51 0.191035
9 52 0.177053
9 53 0.158454
9 54 0.135574
9 55 0.109645
9 56 0.081235
9 57 0.051666
9 58 0.021549
9 59 -0.007902
9 60 -0.036199
9 61 -0.062392
9 62 -0.086204
9 63 -0.107030
9 64 -0.124812
9 65 -0.139276
9 66 -0.150494
9 67 -0.158445
9 68 -0.163230
9 69 -0.165047
9 70 -0.164046
9 71 -0.160743
9 72 -0.155472
9 73 -0.149153
9 74 -0.142325
9 75 -0.136173
9 76 -0.131281
9 77 -0.128848
9 78 -0.129461
9 79 -0.134213
9 80 -0.143862
9 81 -0.159020
9 82 -0.180508
9 83 -0.206944
9 84 -0.238812
9 85 -0.270170
9 86 -0.302093
9 87 -0.322485
9 88 -0.336334
9 89 -0.328771
9 90 -0.308327
9 91 -0.273255
9 92 -0.215194
9 93 -0.180427
9 94 -0.102722
9 95 -0.092453
9 96 -0.053581
9 97 -0.022113
9 98 -0.108774
9 99 0.000000

10 0 0.000000
10 1 -0.067982
10 2 0.006547
10 3 -0.030089
10 4 -0.070248
10 5 -0.092542
10 6 -0.178949
10 7 -0.222356
10 8 -0.291549
10 9 -0.335052
10 10 -0.365500
10 11 -0.382038
10 12 -0.376142
10 13 -0.362508
10 14 -0.334080
10 15 -0.303492
10 16 -0.268130
10 17 -0.235064
10 18 -0.203664
10 19 -0.176939
10 20 -0.154700
10 21 -0.137746
10 22 -0.125745
10 23 -0.118243
10 24 -0.114523
10 25 -0.113395
10 26 -0.113908
10 27 -0.114740
10 28 -0.115124
10 29 -0.114136
10 30 -0.111425
10 31 -0.106607
10 32 -0.099648
10 33 -0.090555
10 34 -0.079407
10 35 -0.066459
10 36 -0.051809
10 37 -0.035913
10 38 -0.018883
10 39 -0.001351
10 40 0.016559
10 41 0.034089
10 42 0.051130
10 43 0.066861
10 44 0.081234
10 45 0.093438
10 46 0.103534
10 47 0.110799
10 48 0.115454
10 49 0.116918
10 50 0.115595
10 51 0.111076
10 52 0.103948
10 53 0.093969
10 54 0.081882
10 55 0.067582
10 56 0.051915
10 57 0.034852
10 58 0.017274
10 59 -0.000844
10 60 -0.018644
10 61 -0.036208
10 62 -0.052744
10 63 -0.068435
10 64 -0.082562
10 65 -0.095411
10 66 -0.106301
10 67 -0.115595
10 68 -0.122625
10 69 -0.127870
10 70 -0.130766
10 71 -0.132057
10 72 -0.131471
10 73 -0.130120
10 74 -0.128084
10 75 -0.126720
10 76 -0.126350
10 77 -0.128323
10 78 -0.133176
10 79 -0.142071
10 80 -0.155876
10 81 -0.175054
10 82 -0.200618
10 83 -0.230706
10 84 -0.266086
10 85 -0.300016
10 86 -0.334092
10 87 -0.355223
10 88 -0.369308
10 89 -0.360447
10 90 -0.338350
10 91 -0.300656
10 92 -0.239300
10 93 -0.202278
10 94 -0.119343
10 95 -0.109098
10 96 -0.063059
10 97 -0.032696
10 98 -0.114585
10 99 0.000000

11 0 0.000000
11 1 -0.072442
11 2 0.001937
11 3 -0.034588
11 4 -0.077509
11 5 -0.099424
11 6 -0.188589
11 7 -0.233098
11 8 -0.304639
11 9 -0.349908
11 10 -0.382038
11 11 -0.399622
11 12 -0.394063
11 13 -0.379852
11 14 -0.350084
11 15 -0.317310
11 16 -0.279355
11 17 -0.243188
11 18 -0.208699
11 19 -0.178637
11 20 -0.153247
11 21 -0.132901
11 22 -0.117629
11 23 -0.106490
11 24 -0.099165
11 25 -0.094024
11 26 -0.090620
11 27 -0.087261
11 28 -0.083803
11 29 -0.079000
11 30 -0.073244
11 31 -0.065856
11 32 -0.057647
11 33 -0.048310
11 34 -0.038813
11 35 -0.028984
11 36 -0.019760
11 37 -0.010946
11 38 -0.003346
11 39 0.003352
11 40 0.008526
11 41 0.012663
11 42 0.015327
11 43 0.017174
11 44 0.017902
11 45 0.018267
11 46 0.018003
11 47 0.017862
11 48 0.017509
11 49 0.017589
11 50 0.017618
11 51 0.018075
11 52 0.018315
11 53 0.018663
11 54 0.018368
11 55 0.017672
11 56 0.015829
11 57 0.013090
11 58 0.008822
11 59 0.003365
11 60 -0.003713
11 61 -0.011957
11 62 -0.021564
11 63 -0.031985
11 64 -0.043191
11 65 -0.054596
11 66 -0.065968
11 67 -0.076756
11 68 -0.086600
11 69 -0.095126
11 70 -0.102021
11 71 -0.107305
11 72 -0.110938
11 73 -0.113474
11 74 -0.115231
11 75 -0.117202
11 76 -0.119970
11 77 -0.124729
11 78 -0.132285
11 79 -0.143787
11 80 -0.160269
11 81 -0.182183
11 82 -0.210503
11 83 -0.243260
11 84 -0.281018
11 85 -0.316882
11 86 -0.352287
11 87 -0.374053
11 88 -0.388174
11 89 -0.378718
11 90 -0.355716
11 91 -0.316913
11 92 -0.254027
11 93 -0.216436
11 94 -0.130885
11 95 -0.121326
11 96 -0.071395
11 97 -0.041116
11 98 -0.121308
11 99 0.000000

12 0 0.000000
12 1 -0.069993
12 2 0.002197
12 3 -0.030773
12 4 -0.075111
12 5 -0.094234
12 6 -0.183621
12 7 -0.227112
12 8 -0.298557
12 9 -0.344061
12 10 -0.376142
12 11 -0.394063
12 12 -0.387931
12 13 -0.373166
12 14 -0.341785
12 15 -0.307357
12 16 -0.266991
12 17 -0.228624
12 18 -0.191608
12 19 -0.159425
12 20 -0.131765
12 21 -0.109473
12 22 -0.091985
12 23 -0.078721
12 24 -0.068816
12 25 -0.061051
12 26 -0.054534
12 27 -0.048110
12 28 -0.041264
12 29 -0.033430
12 30 -0.024677
12 31 -0.015153
12 32 -0.005358
12 33 0.004066
12 34 0.012523
12 35 0.019202
12 36 0.023721
12 37 0.025377
12 38 0.024210
12 39 0.019815
12 40 0.012757
12 41 0.003007
12 42 -0.008372
12 43 -0.021097
12 44 -0.033777
12 45 -0.046022
12 46 -0.056391
12 47 -0.064662
12 48 -0.069644
12 49 -0.071529
12 50 -0.069595
12 51 -0.064573
12 52 -0.056262
12 53 -0.045882
12 54 -0.033629
12 55 -0.021002
12 56 -0.008344
12 57 0.002856
12 58 0.012389
12 59 0.019035
12 60 0.022938
12 61 0.023295
12 62 0.020700
12 63 0.014774
12 64 0.006529
12 65 -0.004089
12 66 -0.015771
12 67 -0.028422
12 68 -0.040631
12 69 -0.052404
12 70 -0.062502
12 71 -0.071315
12 72 -0.078049
12 73 -0.083637
12 74 -0.087850
12 75 -0.092078
12 76 -0.096598
12 77 -0.103014
12 78 -0.112044
12 79 -0.125146
12 80 -0.143386
12 81 -0.167246
12 82 -0.197747
12 83 -0.232587
12 84 -0.272468
12 85 -0.309911
12 86 -0.346800
12 87 -0.369280
12 88 -0.384254
12 89 -0.375014
12 90 -0.352793
12 91 -0.314500
12 92 -0.252483
12 93 -0.216398
12 94 -0.130706
12 95 -0.123995
12 96 -0.071395
12 97 -0.044550
12 98 -0.120368
12 99 0.000000

13 0 0.000000
13 1 -0.069196
13 2 0.001828
13 3 -0.027958
13 4 -0.072320
13 5 -0.087783
13 6 -0.175856
13 7 -0.216739
13 8 -0.286847
13 9 -0.331101
13 10 -0.362508
13 11 -0.379852
13 12 -0.373166
13 13 -0.357500
13 14 -0.324962
13 15 -0.288902
13 16 -0.246819
13 17 -0.206527
13 18 -0.167869
13 19 -0.134087
13 20 -0.105267
13 21 -0.081797
13 22 -0.063415
13 23 -0.048964
13 24 -0.037931
13 25 -0.028532
13 26 -0.020376
13 27 -0.011800
13 28 -0.002963
13 29 0.007173
13 30 0.017706
13 31 0.028939
13 32 0.039385
13 33 0.048874
13 34 0.055724
13 35 0.059708
13 36 0.059364
13 37 0.054806
13 38 0.045113
13 39 0.031007
13 40 0.012273
13 41 -0.009670
13 42 -0.034378
13 43 -0.059870
13 44 -0.085307
13 45 -0.108493
13 46 -0.128621
13 47 -0.143734
13 48 -0.153503
13 49 -0.156614
13 50 -0.153531
13 51 -0.143796
13 52 -0.128726
13 53 -0.108661
13 54 -0.085560
13 55 -0.060254
13 56 -0.034936
13 57 -0.010497
13 58 0.011103
13 59 0.029316
13 60 0.042777
13 61 0.051522
13 62 0.054954
13 63 0.053714
13 64 0.047939
13 65 0.038714
13 66 0.026716
13 67 0.013183
13 68 -0.000975
13 69 -0.014728
13 70 -0.027295
13 71 -0.038198
13 72 -0.047094
13 73 -0.054248
13 74 -0.059890
13 75 -0.064969
13 76 -0.070260
13 77 -0.077140
13 78 -0.086818
13 79 -0.100640
13 80 -0.120007
13 81 -0.145230
13 82 -0.177410
13 83 -0.213967
13 84 -0.255525
13 85 -0.294393
13 86 -0.332465
13 87 -0.355898
13 88 -0.371844
13 89 -0.363692
13 90 -0.343010
13 91 -0.306695
13 92 -0.246856
13 93 -0.213760
13 94 -0.129448
13 95 -0.126205
13 96 -0.072201
13 97 -0.048395
13 98 -0.120229
13 99 0.000000

14 0 0.000000
14 1 -0.066093
14 2 0.003103
14 3 -0.022068
14 4 -0.065110
14 5 -0.075582
14 6 -0.160084
14 7 -0.196805
14 8 -0.263357
14 9 -0.305030
14 10 -0.334080
14 11 -0.350084
14 12 -0.341785
14 13 -0.324962
14 14 -0.290631
14 15 -0.252949
14 16 -0.208720
14 17 -0.166631
14 18 -0.126044
14 19 -0.090938
14 20 -0.060880
14 21 -0.036753
14 22 -0.017677
14 23 -0.002872
14 24 0.008805
14 25 0.018690
14 26 0.027745
14 27 0.037038
14 28 0.046943
14 29 0.057751
14 30 0.069097
14 31 0.080388
14 32 0.090711
14 33 0.098864
14 34 0.103827
14 35 0.104269
14 36 0.099568
14 37 0.088754
14 38 0.072002
14 39 0.049039
14 40 0.021030
14 41 -0.011502
14 42 -0.046489
14 43 -0.082795
14 44 -0.117809
14 45 -0.150220
14 46 -0.177421
14 47 -0.198485
14 48 -0.211389
14 49 -0.216072
14 50 -0.211500
14 51 -0.198716
14 52 -0.177775
14 53 -0.150731
14 54 -0.118486
14 55 -0.083708
14 56 -0.047658
14 57 -0.013060
14 58 0.019036
14 59 0.046380
14 60 0.068588
14 61 0.084220
14 62 0.093772
14 63 0.096684
14 64 0.094287
14 65 0.086715
14 66 0.075874
14 67 0.062227
14 68 0.047852
14 69 0.033095
14 70 0.019776
14 71 0.007735
14 72 -0.001817
14 73 -0.009751
14 74 -0.015638
14 75 -0.021032
14 76 -0.026289
14 77 -0.033381
14 78 -0.043301
14 79 -0.057844
14 80 -0.078262
14 81 -0.104987
14 82 -0.138957
14 83 -0.177371
14 84 -0.220823
14 85 -0.261257
14 86 -0.300945
14 87 -0.325701
14 88 -0.343542
14 89 -0.337365
14 90 -0.319824
14 91 -0.286915
14 92 -0.231390
14 93 -0.202820
14 94 -0.122079
14 95 -0.123469
14 96 -0.069395
14 97 -0.050040
14 98 -0.116909
14 99 0.000000

15 0 0.000000
15 1 -0.065251
15 2 0.001725
15 3 -0.019067
15 4 -0.060719
15 5 -0.065617
15 6 -0.145816
15 7 -0.177187
15 8 -0.239390
15 9 -0.277254
15 10 -0.303492
15 11 -0.317310
15 12 -0.307357
15 13 -0.288902
15 14 -0.252949
15 15 -0.213294
15 16 -0.167055
15 17 -0.122761
15 18 -0.080283
15 19 -0.043408
15 20 -0.012175
15 21 0.012943
15 22 0.032433
15 23 0.047660
15 24 0.059321
15 25 0.069383
15 26 0.078201
15 27 0.087475
15 28 0.096812
15 29 0.107179
15 30 0.117317
15 31 0.127395
15 32 0.135496
15 33 0.141285
15 34 0.142650
15 35 0.139274
15 36 0.129398
15 37 0.113257
15 38 0.089887
15 39 0.060424
15 40 0.024890
15 41 -0.014610
15 42 -0.057184
15 43 -0.100003
15 44 -0.141701
15 45 -0.179226
15 46 -0.211326
15 47 -0.235339
15 48 -0.250720
15 49 -0.255726
15 50 -0.250918
15 51 -0.235741
15 52 -0.211943
15 53 -0.180081
15 54 -0.142822
15 55 -0.101440
15 56 -0.058988
15 57 -0.016888
15 58 0.022052
15 59 0.056827
15 60 0.085390
15 61 0.107526
15 62 0.122236
15 63 0.130185
15 64 0.131415
15 65 0.127286
15 66 0.118612
15 67 0.107039
15 68 0.093714
15 69 0.080073
15 70 0.067127
15 71 0.055680
15 72 0.046235
15 73 0.038731
15 74 0.032940
15 75 0.027916
15 76 0.022651
15 77 0.015582
15 78 0.005111
15 79 -0.010223
15 80 -0.032078
15 81 -0.060473
15 82 -0.096488
15 83 -0.136860
15 84 -0.182231
15 85 -0.224291
15 86 -0.265535
15 87 -0.291869
15 88 -0.311755
15 89 -0.308263
15 90 -0.294404
15 91 -0.266019
15 92 -0.215625
15 93 -0.192611
15 94 -0.116183
15 95 -0.122582
15 96 -0.068589
15 97 -0.053472
15 98 -0.114788
15 99 0.000000

16 0 0.000000
16 1 -0.065631
16 2 -0.001286
16 3 -0.017691
16 4 -0.057462
16 5 -0.056461
16 6 -0.130972
16 7 -0.156268
16 8 -0.212597
16 9 -0.245902
16 10 -0.268130
16 11 -0.279355
16 12 -0.266991
16 13 -0.246819
16 14 -0.208720
16 15 -0.167055
16 16 -0.118217
16 17 -0.071506
16 18 -0.026352
16 19 0.012672
16 20 0.045965
16 21 0.072416
16 22 0.093081
16 23 0.108776
16 24 0.120830
16 25 0.130593
16 26 0.139057
16 27 0.147170
16 28 0.155224
16 29 0.163330
16 30 0.171053
16 31 0.177636
16 32 0.182166
16 33 0.183321
16 34 0.180177
16 35 0.171363
16 36 0.156490
16 37 0.134657
16 38 0.106423
16 39 0.071672
16 40 0.032040
16 41 -0.011787
16 42 -0.057274
16 43 -0.103196
16 44 -0.146549
16 45 -0.186041
16 46 -0.218771
16 47 -0.243925
16 48 -0.259251
16 49 -0.264861
16 50 -0.259522
16 51 -0.244478
16 52 -0.219607
16 53 -0.187200
16 54 -0.148035
16 55 -0.105091
16 56 -0.059597
16 57 -0.014686
16 58 0.028516
16 59 0.067271
16 60 0.101049
16 61 0.127910
16 62 0.148224
16 63 0.161010
16 64 0.167580
16 65 0.167787
16 66 0.163656
16 67 0.155499
16 68 0.145621
16 69 0.134311
16 70 0.123675
16 71 0.113559
16 72 0.105473
16 73 0.098541
16 74 0.093399
16 75 0.088359
16 76 0.083061
16 77 0.075265
16 78 0.063843
16 79 0.046848
16 80 0.023043
16 81 -0.007747
16 82 -0.046198
16 83 -0.088940
16 84 -0.136448
16 85 -0.180304
16 86 -0.223343
16 87 -0.251474
16 88 -0.273974
16 89 -0.273704
16 90 -0.264573
16 91 -0.241530
16 92 -0.197630
16 93 -0.180867
16 94 -0.110037
16 95 -0.121659
16 96 -0.068344
16 97 -0.057512
16 98 -0.112863
16 99 0.000000

17 0 0.000000
17 1 -0.068494
17 2 -0.007765
17 3 -0.020090
17 4 -0.058691
17 5 -0.051562
17 6 -0.120310
17 7 -0.138844
17 8 -0.188997
17 9 -0.216951
17 10 -0.235064
17 11 -0.243188
17 12 -0.228624
17 13 -0.206527
17 14 -0.166631
17 15 -0.122761
17 16 -0.071506
17 17 -0.021916
17 18 0.026060
17 19 0.068014
17 20 0.103733
17 21 0.132438
17 22 0.154583
17 23 0.171515
17 24 0.183899
17 25 0.193721
17 26 0.201155
17 27 0.207875
17 28 0.213230
17 29 0.218229
17 30 0.221451
17 31 0.223290
17 32 0.221844
17 33 0.217200
17 34 0.207423
17 35 0.192763
17 36 0.171734
17 37 0.145191
17 38 0.112416
17 39 0.075077
17 40 0.033259
17 41 -0.010638
17 42 -0.055956
17 43 -0.099863
17 44 -0.141512
17 45 -0.178055
17 46 -0.208887
17 47 -0.231564
17 48 -0.246100
17 49 -0.250772
17 50 -0.246433
17 51 -0.232234
17 52 -0.209908
17 53 -0.179447
17 54 -0.143305
17 55 -0.102109
17 56 -0.058709
17 57 -0.014010
17 58 0.029173
17 59 0.070065
17 60 0.106327
17 61 0.137671
17 62 0.162576
17 63 0.181449
17 64 0.193735
17 65 0.200504
17 66 0.202054
17 67 0.199829
17 68 0.194633
17 69 0.187855
17 70 0.180373
17 71 0.173115
17 72 0.166621
17 73 0.161034
17 74 0.156179
17 75 0.151240
17 76 0.145121
17 77 0.136281
17 78 0.122961
17 79 0.103851
17 80 0.077300
17 81 0.043820
17 82 0.002531
17 83 -0.042580
17 84 -0.092215
17 85 -0.137697
17 86 -0.182344
17 87 -0.212233
17 88 -0.237288
17 89 -0.240561
17 90 -0.236344
17 91 -0.219239
17 92 -0.182113
17 93 -0.172070
17 94 -0.106912
17 95 -0.123782
17 96 -0.070646
17 97 -0.063803
17 98 -0.112336
17 99 0.000000

18 0 0.000000
18 1 -0.073541
18 2 -0.017061
18 3 -0.025972
18 4 -0.063589
18 5 -0.050703
18 6 -0.113076
18 7 -0.124813
18 8 -0.167935
18 9 -0.190343
18 10 -0.203664
18 11 -0.208699
18 12 -0.191608
18 13 -0.167869
18 14 -0.126044
18 15 -0.080283
18 16 -0.026352
18 17 0.026060
18 18 0.077472
18 19 0.122629
18 20 0.161702
18 21 0.193071
18 22 0.217687
18 23 0.236092
18 24 0.249561
18 25 0.259212
18 26 0.265913
18 27 0.270362
18 28 0.272762
18 29 0.273106
18 30 0.271111
18 31 0.266189
18 32 0.257924
18 33 0.245445
18 34 0.228607
18 35 0.206643
18 36 0.180043
18 37 0.148446
18 38 0.113143
18 39 0.074242
18 40 0.033715
18 41 -0.008039
18 42 -0.048671
18 43 -0.087775
18 44 -0.122961
18 45 -0.154079
18 46 -0.178966
18 47 -0.197906
18 48 -0.209127
18 49 -0.213423
18 50 -0.209492
18 51 -0.198649
18 52 -0.180084
18 53 -0.155615
18 54 -0.124914
18 55 -0.090235
18 56 -0.051650
18 57 -0.011700
18 58 0.029328
18 59 0.068855
18 60 0.106664
18 61 0.140445
18 62 0.170381
18 63 0.194719
18 64 0.214285
18 65 0.228010
18 66 0.237390
18 67 0.241913
18 68 0.243532
18 69 0.241982
18 70 0.239318
18 71 0.235159
18 72 0.231241
18 73 0.226680
18 74 0.222420
18 75 0.216792
18 76 0.209641
18 77 0.198714
18 78 0.183039
18 79 0.160827
18 80 0.131150
18 81 0.094333
18 82 0.050115
18 83 0.002431
18 84 -0.049169
18 85 -0.096198
18 86 -0.142299
18 87 -0.173891
18 88 -0.201624
18 89 -0.208582
18 90 -0.209724
18 91 -0.198774
18 92 -0.168998
18 93 -0.165629
18 94 -0.106572
18 95 -0.128211
18 96 -0.075209
18 97 -0.071724
18 98 -0.113009
18 99 0.000000

19 0 0.000000
19 1 -0.080199
19 2 -0.029456
19 3 -0.035289
19 4 -0.073042
19 5 -0.054536
19 6 -0.110941
19 7 -0.115642
19 8 -0.151825
19 9 -0.168263
19 10 -0.176939
19 11 -0.178637
19 12 -0.159425
19 13 -0.134087
19 14 -0.090938
19 15 -0.043408
19 16 0.012672
19 17 0.068014
19 18 0.122629
19 19 0.171462
19 20 0.213919
19 21 0.248660
19 22 0.275786
19 23 0.296331
19 24 0.310644
19 25 0.320522
19 26 0.325782
19 27 0.327992
19 28 0.326226
19 29 0.321638
19 30 0.312841
19 31 0.300795
19 32 0.284046
19 33 0.263656
19 34 0.238434
19 35 0.209803
19 36 0.177044
19 37 0.142060
19 38 0.104584
19 39 0.066872
19 40 0.028849
19 41 -0.007174
19 42 -0.041421
19 43 -0.071802
19 44 -0.098901
19 45 -0.120963
19 46 -0.138950
19 47 -0.151377
19 48 -0.159459
19 49 -0.161840
19 50 -0.159835
19 51 -0.152134
19 52 -0.140101
19 53 -0.122527
19 54 -0.100908
19 55 -0.074303
19 56 -0.044476
19 57 -0.010896
19 58 0.024358
19 59 0.061391
19 60 0.097954
19 61 0.133912
19 62 0.167166
19 63 0.197659
19 64 0.223818
19 65 0.245930
19 66 0.263168
19 67 0.276214
19 68 0.284966
19 69 0.290343
19 70 0.292731
19 71 0.292988
19 72 0.291567
19 73 0.288828
19 74 0.284708
19 75 0.278677
19 76 0.269752
19 77 0.256686
19 78 0.237857
19 79 0.212435
19 80 0.179068
19 81 0.139018
19 82 0.091724
19 83 0.041841
19 84 -0.011524
19 85 -0.059647
19 86 -0.106916
19 87 -0.139945
19 88 -0.170184
19 89 -0.180846
19 90 -0.187264
19 91 -0.182590
19 92 -0.159978
19 93 -0.163200
19 94 -0.109777
19 95 -0.135801
19 96 -0.082051
19 97 -0.081542
19 98 -0.114408
19 99 0.000000

20 0 0.000000
20 1 -0.088195
20 2 -0.044311
20 3 -0.047919
20 4 -0.086370
20 5 -0.063088
20 6 -0.113465
20 7 -0.111571
20 8 -0.140444
20 9 -0.151049
20 10 -0.154700
20 11 -0.153247
20 12 -0.131765
20 13 -0.105267
20 14 -0.060880
20 15 -0.012175
20 16 0.045965
20 17 0.103733
20 18 0.161702
20 19 0.213919
20 20 0.260174
20 21 0.298079
20 22 0.328203
20 23 0.350518
20 24 0.366022
20 25 0.375418
20 26 0.379373
20 27 0.378302
20 28 0.372397
20 29 0.361656
20 30 0.346193
20 31 0.325870
20 32 0.301161
20 33 0.272044
20 34 0.239592
20 35 0.204008
20 36 0.166986
20 37 0.128876
20 38 0.091768
20 39 0.055870
20 40 0.023263
20 41 -0.006355
20 42 -0.031279
20 43 -0.052520
20 44 -0.068861
20 45 -0.081918
20 46 -0.090771
20 47 -0.097293
20 48 -0.100507
20 49 -0.102142
20 50 -0.100862
20 51 -0.098017
20 52 -0.091859
20 53 -0.083415
20 54 -0.070764
20 55 -0.054924
20 56 -0.034194
20 57 -0.009955
20 58 0.018937
20 59 0.050521
20 60 0.085310
20 61 0.120849
20 62 0.157262
20 63 0.191954
20 64 0.225101
20 65 0.254382
20 66 0.280406
20 67 0.301389
20 68 0.318540
20 69 0.330643
20 70 0.339414
20 71 0.343994
20 72 0.346208
20 73 0.345079
20 74 0.341871
20 75 0.335001
20 76 0.324687
20 77 0.308883
20 78 0.287064
20 79 0.257894
20 80 0.221034
20 81 0.177489
20 82 0.127494
20 83 0.075456
20 84 0.020787
20 85 -0.028267
20 86 -0.076378
20 87 -0.110757
20 88 -0.143423
20 89 -0.157768
20 90 -0.169507
20 91 -0.170926
20 92 -0.155434
20 93 -0.164658
20 94 -0.116646
20 95 -0.146090
20 96 -0.091139
20 97 -0.092762
20 98 -0.116419
20 99 0.000000

21 0 0.000000
21 1 -0.096292
21 2 -0.061232
21 3 -0.062885
21 4 -0.103310
21 5 -0.075733
21 6 -0.120809
21 7 -0.112448
21 8 -0.134365
21 9 -0.138922
21 10 -0.137746
21 11 -0.132901
21 12 -0.109473
21 13 -0.081797
21 14 -0.036753
21 15 0.012943
21 16 0.072416
21 17 0.132438
21 18 0.193071
21 19 0.248660
21 20 0.298079
21 21 0.339236
21 22 0.371613
21 23 0.395714
21 24 0.411395
21 25 0.420198
21 26 0.421595
21 27 0.417162
21 28 0.405858
21 29 0.389218
21 30 0.366131
21 31 0.338417
21 32 0.305324
21 33 0.269154
21 34 0.229632
21 35 0.189484
21 36 0.148747
21 37 0.110291
21 38 0.074079
21 39 0.042703
21 40 0.015574
21 41 -0.005398
21 42 -0.021668
21 43 -0.032136
21 44 -0.039067
21 45 -0.041918
21 46 -0.043341
21 47 -0.042823
21 48 -0.042825
21 49 -0.042330
21 50 -0.043141
21 51 -0.043458
21 52 -0.044310
21 53 -0.043240
21 54 -0.040777
21 55 -0.034284
21 56 -0.024319
21 57 -0.008672
21 58 0.011567
21 59 0.037733
21 60 0.067975
21 61 0.102669
21 62 0.139388
21 63 0.177841
21 64 0.215506
21 65 0.251908
21 66 0.284960
21 67 0.314417
21 68 0.338997
21 69 0.358895
21 70 0.373708
21 71 0.383973
21 72 0.389809
21 73 0.391624
21 74 0.389335
21 75 0.382681
21 76 0.370839
21 77 0.353034
21 78 0.327997
21 79 0.295650
21 80 0.255168
21 81 0.208713
21 82 0.156083
21 83 0.102488
21 84 0.046678
21 85 -0.002852
21 86 -0.051710
21 87 -0.087234
21 88 -0.122295
21 89 -0.140244
21 90 -0.157123
21 91 -0.164409
21 92 -0.155512
21 93 -0.170184
21 94 -0.126744
21 95 -0.158854
21 96 -0.101650
21 97 -0.105045
21 98 -0.117981
21 99 0.000000

22 0 0.000000
22 1 -0.104278
22 2 -0.079514
22 3 -0.079975
22 4 -0.123056
22 5 -0.092326
22 6 -0.132391
22 7 -0.118323
22 8 -0.133239
22 9 -0.132042
22 10 -0.125745
22 11 -0.117629
22 12 -0.091985
22 13 -0.063415
22 14 -0.017677
22 15 0.032433
22 16 0.093081
22 17 0.154583
22 18 0.217687
22 19 0.275786
22 20 0.328203
22 21 0.371613
22 22 0.406017
22 23 0.430647
22 24 0.446164
22 25 0.452880
22 26 0.451433
22 27 0.442185
22 28 0.425638
22 29 0.402095
22 30 0.372382
22 31 0.337033
22 32 0.297593
22 33 0.254917
22 34 0.211253
22 35 0.167549
22 36 0.126414
22 37 0.088468
22 38 0.056174
22 39 0.029351
22 40 0.009831
22 41 -0.003701
22 42 -0.010283
22 43 -0.012340
22 44 -0.009612
22 45 -0.005201
22 46 0.000975
22 47 0.005809
22 48 0.009846
22 49 0.010615
22 50 0.009593
22 51 0.005288
22 52 0.000192
22 53 -0.006298
22 54 -0.011017
22 55 -0.014160
22 56 -0.012524
22 57 -0.006555
22 58 0.006324
22 59 0.024870
22 60 0.050634
22 61 0.081378
22 62 0.117654
22 63 0.156455
22 64 0.197743
22 65 0.238241
22 66 0.277890
22 67 0.313682
22 68 0.346048
22 69 0.372640
22 70 0.394608
22 71 0.410295
22 72 0.421301
22 73 0.426229
22 74 0.426417
22 75 0.420193
22 76 0.408106
22 77 0.388381
22 78 0.361104
22 79 0.325591
22 80 0.282283
22 81 0.232966
22 82 0.178382
22 83 0.123288
22 84 0.066813
22 85 0.016754
22 86 -0.032654
22 87 -0.069480
22 88 -0.106893
22 89 -0.128470
22 90 -0.150310
22 91 -0.163056
22 92 -0.160265
22 93 -0.179448
22 94 -0.139937
22 95 -0.173488
22 96 -0.113432
22 97 -0.117843
22 98 -0.119041
22 99 0.000000

23 0 0.000000
23 1 -0.110857
23 2 -0.098411
23 3 -0.097771
23 4 -0.144677
23 5 -0.111488
23 6 -0.147437
23 7 -0.128067
23 8 -0.136523
23 9 -0.129490
23 10 -0.118243
23 11 -0.106490
23 12 -0.078721
23 13 -0.048964
23 14 -0.002872
23 15 0.047660
23 16 0.108776
23 17 0.171515
23 18 0.236092
23 19 0.296331
23 20 0.350518
23 21 0.395714
23 22 0.430647
23 23 0.455222
23 24 0.468819
23 25 0.472893
23 26 0.466843
23 27 0.452648
23 28 0.429557
23 29 0.399900
23 30 0.363145
23 31 0.322183
23 32 0.276977
23 33 0.230945
23 34 0.184383
23 35 0.140853
23 36 0.100515
23 37 0.066556
23 38 0.038471
23 39 0.018631
23 40 0.005488
23 41 0.000381
23 42 0.000662
23 43 0.006788
23 44 0.015333
23 45 0.026363
23 46 0.036278
23 47 0.045397
23 48 0.050596
23 49 0.052996
23 50 0.050410
23 51 0.045020
23 52 0.035693
23 53 0.025550
23 54 0.014252
23 55 0.005383
23 56 -0.001142
23 57 -0.001947
23 58 0.002510
23 59 0.014763
23 60 0.033526
23 61 0.060133
23 62 0.092384
23 63 0.130453
23 64 0.171522
23 65 0.214987
23 66 0.257966
23 67 0.299630
23 68 0.337643
23 69 0.371463
23 70 0.399673
23 71 0.422191
23 72 0.438372
23 73 0.448261
23 74 0.451349
23 75 0.447367
23 76 0.435473
23 77 0.415346
23 78 0.386140
23 79 0.348667
23 80 0.302750
23 81 0.251511
23 82 0.195084
23 83 0.139119
23 84 0.081900
23 85 0.031566
23 86 -0.018661
23 87 -0.056783
23 88 -0.096757
23 89 -0.121869
23 90 -0.148464
23 91 -0.166184
23 92 -0.168757
23 93 -0.191570
23 94 -0.154994
23 95 -0.189051
23 96 -0.125217
23 97 -0.130459
23 98 -0.118488
23 99 0.000000

24 0 0.000000
24 1 -0.115930
24 2 -0.117076
24 3 -0.115826
24 4 -0.167071
24 5 -0.132633
24 6 -0.164932
24 7 -0.141216
24 8 -0.143412
24 9 -0.130960
24 10 -0.114523
24 11 -0.099165
24 12 -0.068816
24 13 -0.037931
24 14 0.008805
24 15 0.059321
24 16 0.120830
24 17 0.183899
24 18 0.249561
24 19 0.310644
24 20 0.366022
24 21 0.411395
24 22 0.446164
24 23 0.468819
24 24 0.479822
24 25 0.479335
24 26 0.468367
24 27 0.447683
24 28 0.418601
24 29 0.382144
24 30 0.340171
24 31 0.293984
24 32 0.246112
24 33 0.197937
24 34 0.152360
24 35 0.110345
24 36 0.074617
24 37 0.045205
24 38 0.024189
24 39 0.010359
24 40 0.004943
24 41 0.005507
24 42 0.012538
24 43 0.022718
24 44 0.036181
24 45 0.049272
24 46 0.062291
24 47 0.071825
24 48 0.078799
24 49 0.080478
24 50 0.078688
24 51 0.071585
24 52 0.061928
24 53 0.048726
24 54 0.035459
24 55 0.021700
24 56 0.011217
24 57 0.003668
24 58 0.002547
24 59 0.007056
24 60 0.019893
24 61 0.039388
24 62 0.067168
24 63 0.100563
24 64 0.140192
24 65 0.182611
24 66 0.227829
24 67 0.272133
24 68 0.315527
24 69 0.354614
24 70 0.389874
24 71 0.418532
24 72 0.441537
24 73 0.456562
24 74 0.464552
24 75 0.463340
24 76 0.453559
24 77 0.433568
24 78 0.404064
24 79 0.365054
24 80 0.317815
24 81 0.264896
24 82 0.207504
24 83 0.150626
24 84 0.093053
24 85 0.042097
24 86 -0.008941
24 87 -0.048783
24 88 -0.091331
24 89 -0.120058
24 90 -0.151045
24 91 -0.173189
24 92 -0.180332
24 93 -0.205689
24 94 -0.171235
24 95 -0.204612
24 96 -0.136581
24 97 -0.142201
24 98 -0.116357
24 99 0.000000

25 0 0.000000
25 1 -0.118358
25 2 -0.134536
25 3 -0.132498
25 4 -0.188852
25 5 -0.153865
25 6 -0.183422
25 7 -0.155947
25 8 -0.152591
25 9 -0.134793
25 10 -0.113395
25 11 -0.094024
25 12 -0.061051
25 13 -0.028532
25 14 0.018690
25 15 0.069383
25 16 0.130593
25 17 0.193721
25 18 0.259212
25 19 0.320522
25 20 0.375418
25 21 0.420198
25 22 0.452880
25 23 0.472893
25 24 0.479335
25 25 0.473906
25 26 0.456361
25 27 0.429587
25 28 0.393599
25 29 0.351930
25 30 0.304835
25 31 0.256286
25 32 0.206697
25 33 0.160121
25 34 0.116713
25 35 0.080052
25 36 0.049500
25 37 0.027717
25 38 0.012966
25 39 0.006886
25 40 0.006695
25 41 0.013253
25 42 0.023081
25 43 0.036708
25 44 0.050430
25 45 0.064912
25 46 0.076651
25 47 0.086781
25 48 0.092277
25 49 0.094900
25 50 0.092229
25 51 0.086680
25 52 0.076475
25 53 0.064640
25 54 0.050012
25 55 0.036085
25 56 0.022164
25 57 0.011909
25 58 0.004780
25 59 0.004146
25 60 0.009194
25 61 0.022496
25 62 0.042584
25 63 0.070866
25 64 0.105070
25 65 0.145388
25 66 0.188956
25 67 0.235083
25 68 0.280847
25 69 0.325237
25 70 0.365809
25 71 0.401647
25 72 0.430928
25 73 0.452858
25 74 0.465979
25 75 0.469592
25 76 0.462492
25 77 0.444621
25 78 0.415437
25 79 0.376595
25 80 0.328508
25 81 0.275173
25 82 0.216961
25 83 0.159848
25 84 0.101641
25 85 0.050185
25 86 -0.002196
25 87 -0.043848
25 88 -0.089306
25 89 -0.121464
25 90 -0.156576
25 91 -0.182435
25 92 -0.193295
25 93 -0.220165
25 94 -0.186916
25 95 -0.218761
25 96 -0.146056
25 97 -0.152159
25 98 -0.111688
25 99 0.000000

26 0 0.000000
26 1 -0.118166
26 2 -0.149895
26 3 -0.147211
26 4 -0.208758
26 5 -0.174285
26 6 -0.201590
26 7 -0.171406
26 8 -0.162912
26 9 -0.140362
26 10 -0.113908
26 11 -0.090620
26 12 -0.054534
26 13 -0.020376
26 14 0.027745
26 15 0.078201
26 16 0.139057
26 17 0.201155
26 18 0.265913
26 19 0.325782
26 20 0.379373
26 21 0.421595
26 22 0.451433
26 23 0.466843
26 24 0.468367
26 25 0.456361
26 26 0.432643
26 27 0.398809
26 28 0.357409
26 29 0.310442
26 30 0.260892
26 31 0.210653
26 32 0.162852
26 33 0.118759
26 34 0.081170
26 35 0.050190
26 36 0.027845
26 37 0.012805
26 38 0.006228
26 39 0.005526
26 40 0.011296
26 41 0.020199
26 42 0.032774
26 43 0.045504
26 44 0.059295
26 45 0.070854
26 46 0.081646
26 47 0.088734
26 48 0.094095
26 49 0.095104
26 50 0.094107
