0 0 0.000000
0 1 0.000000
0 2 0.000000
0 3 0.000000
0 4 0.000000
0 5 0.000000
0 6 0.000000
0 7 0.000000
0 8 0.000000
0 9 0.000000
0 10 0.000000
0 11 0.000000
0 12 0.000000
0 13 0.000000
0 14 0.000000
0 15 0.000000
0 16 0.000000
0 17 0.000000
0 18 0.000000
0 19 0.000000
0 20 0.000000
0 21 0.000000
0 22 0.000000
0 23 0.000000
0 24 0.000000
0 25 0.000000
0 26 0.000000
0 27 0.000000
0 28 0.000000
0 29 0.000000
0 30 0.000000
0 31 0.000000
0 32 0.000000
0 33 0.000000
0 34 0.000000
0 35 0.000000
0 36 0.000000
0 37 0.000000
0 38 0.000000
0 39 0.000000
0 40 0.000000
0 41 0.000000
0 42 0.000000
0 43 0.000000
0 44 0.000000
0 45 0.000000
0 46 0.000000
0 47 0.000000
0 48 0.000000
0 49 0.000000
0 50 0.000000
0 51 0.000000
0 52 0.000000
0 53 0.000000
0 54 0.000000
0 55 0.000000
0 56 0.000000
0 57 0.000000
0 58 0.000000
0 59 0.000000
0 60 0.000000
0 61 0.000000
0 62 0.000000
0 63 0.000000
0 64 0.000000
0 65 0.000000
0 66 0.000000
0 67 0.000000
0 68 0.000000
0 69 0.000000
0 70 0.000000
0 71 0.000000
0 72 0.000000
0 73 0.000000
0 74 0.000000
0 75 0.000000
0 76 0.000000
0 77 0.000000
0 78 0.000000
0 79 0.000000
0 80 0.000000
0 81 0.000000
0 82 0.000000
0 83 0.000000
0 84 0.000000
0 85 0.000000
0 86 0.000000
0 87 0.000000
0 88 0.000000
0 89 0.000000
0 90 0.000000
0 91 0.000000
0 92 0.000000
0 93 0.000000
0 94 0.000000
0 95 0.000000
0 96 0.000000
0 97 0.000000
0 98 0.000000
0 99 0.000000

1 0 0.000000
1 1 -0.511612
1 2 -0.385402
1 3 -0.448361
1 4 -0.494092
1 5 -0.438668
1 6 -0.449260
1 7 -0.391986
1 8 -0.361798
1 9 -0.311487
1 10 -0.269212
1 11 -0.225591
1 12 -0.186974
1 13 -0.152471
1 14 -0.123292
1 15 -0.099305
1 16 -0.080332
1 17 -0.065817
1 18 -0.055043
1 19 -0.047206
1 20 -0.041515
1 21 -0.037265
1 22 -0.033892
1 23 -0.030984
1 24 -0.028274
1 25 -0.025623
1 26 -0.022979
1 27 -0.020354
1 28 -0.017791
1 29 -0.015342
1 30 -0.013060
1 31 -0.010980
1 32 -0.009127
1 33 -0.007508
1 34 -0.006123
1 35 -0.004958
1 36 -0.003997
1 37 -0.003217
1 38 -0.002597
1 39 -0.002112
1 40 -0.001741
1 41 -0.001463
1 42 -0.001260
1 43 -0.001116
1 44 -0.001017
1 45 -0.000951
1 46 -0.000909
1 47 -0.000884
1 48 -0.000870
1 49 -0.000863
1 50 -0.000862
1 51 -0.000863
1 52 -0.000870
1 53 -0.000884
1 54 -0.000909
1 55 -0.000951
1 56 -0.001017
1 57 -0.001116
1 58 -0.001260
1 59 -0.001463
1 60 -0.001741
1 61 -0.002112
1 62 -0.002597
1 63 -0.003218
1 64 -0.003999
1 65 -0.004962
1 66 -0.006132
1 67 -0.007528
1 68 -0.009170
1 69 -0.011072
1 70 -0.013246
1 71 -0.015708
1 72 -0.018481
1 73 -0.021609
1 74 -0.025176
1 75 -0.029325
1 76 -0.034280
1 77 -0.040356
1 78 -0.047956
1 79 -0.057536
1 80 -0.069548
1 81 -0.084343
1 82 -0.102058
1 83 -0.122506
1 84 -0.145080
1 85 -0.168810
1 86 -0.192255
1 87 -0.214300
1 88 -0.232689
1 89 -0.249069
1 90 -0.257090
1 91 -0.271448
1 92 -0.263691
1 93 -0.291638
1 94 -0.261786
1 95 -0.306038
1 96 -0.293101
1 97 -0.230354
1 98 -0.440211
1 99 0.000000

2 0 0.000000
2 1 -0.385402
2 2 -0.010268
2 3 -0.065910
2 4 0.016029
2 5 0.074222
2 6 0.066277
2 7 0.084458
2 8 0.055910
2 9 0.036912
2 10 0.005822
2 11 -0.018850
2 12 -0.039856
2 13 -0.053172
2 14 -0.059702
2 15 -0.060090
2 16 -0.055964
2 17 -0.048902
2 18 -0.040329
2 19 -0.031315
2 20 -0.022564
2 21 -0.014462
2 22 -0.007172
2 23 -0.000718
2 24 0.004943
2 25 0.009871
2 26 0.014121
2 27 0.017738
2 28 0.020757
2 29 0.023211
2 30 0.025141
2 31 0.026591
2 32 0.027614
2 33 0.028264
2 34 0.028601
2 35 0.028680
2 36 0.028557
2 37 0.028281
2 38 0.027896
2 39 0.027440
2 40 0.026947
2 41 0.026441
2 42 0.025946
2 43 0.025478
2 44 0.025053
2 45 0.024677
2 46 0.024362
2 47 0.024111
2 48 0.023931
2 49 0.023820
2 50 0.023784
2 51 0.023820
2 52 0.023931
2 53 0.024111
2 54 0.024362
2 55 0.024677
2 56 0.025053
2 57 0.025478
2 58 0.025946
2 59 0.026441
2 60 0.026947
2 61 0.027440
2 62 0.027896
2 63 0.028280
2 64 0.028554
2 65 0.028673
2 66 0.028584
2 67 0.028227
2 68 0.027535
2 69 0.026428
2 70 0.024819
2 71 0.022595
2 72 0.019623
2 73 0.015733
2 74 0.010711
2 75 0.004291
2 76 -0.003830
2 77 -0.013962
2 78 -0.026343
2 79 -0.041030
2 80 -0.057732
2 81 -0.075636
2 82 -0.093242
2 83 -0.108284
2 84 -0.117757
2 85 -0.118272
2 86 -0.106258
2 87 -0.079553
2 88 -0.035847
2 89 0.020222
2 90 0.091688
2 91 0.154887
2 92 0.230531
2 93 0.254500
2 94 0.289361
2 95 0.257799
2 96 0.146524
2 97 0.198160
2 98 -0.228427
2 99 0.000000

3 0 0.000000
3 1 -0.448361
3 2 -0.065910
3 3 -0.140488
3 4 -0.093781
3 5 -0.046267
3 6 -0.091512
3 7 -0.086482
3 8 -0.135567
3 9 -0.159569
3 10 -0.191255
3 11 -0.206752
3 12 -0.212991
3 13 -0.206751
3 14 -0.191565
3 15 -0.169905
3 16 -0.145096
3 17 -0.119839
3 18 -0.096205
3 19 -0.075449
3 20 -0.058113
3 21 -0.044188
3 22 -0.033318
3 23 -0.024981
3 24 -0.018629
3 25 -0.013771
3 26 -0.010013
3 27 -0.007064
3 28 -0.004724
3 29 -0.002853
3 30 -0.001359
3 31 -0.000175
3 32 0.000748
3 33 0.001450
3 34 0.001965
3 35 0.002326
3 36 0.002557
3 37 0.002688
3 38 0.002739
3 39 0.002732
3 40 0.002681
3 41 0.002604
3 42 0.002509
3 43 0.002410
3 44 0.002309
3 45 0.002217
3 46 0.002135
3 47 0.002070
3 48 0.002019
3 49 0.001991
3 50 0.001979
3 51 0.001991
3 52 0.002019
3 53 0.002070
3 54 0.002135
3 55 0.002217
3 56 0.002309
3 57 0.002410
3 58 0.002509
3 59 0.002604
3 60 0.002681
3 61 0.002732
3 62 0.002738
3 63 0.002686
3 64 0.002552
3 65 0.002312
3 66 0.001936
3 67 0.001386
3 68 0.000612
3 69 -0.000449
3 70 -0.001892
3 71 -0.003853
3 72 -0.006530
3 73 -0.010204
3 74 -0.015267
3 75 -0.022230
3 76 -0.031727
3 77 -0.044461
3 78 -0.061119
3 79 -0.082202
3 80 -0.107804
3 81 -0.137351
3 82 -0.169348
3 83 -0.201226
3 84 -0.229293
3 85 -0.249129
3 86 -0.255671
3 87 -0.245354
3 88 -0.213536
3 89 -0.164810
3 90 -0.091700
3 91 -0.024338
3 92 0.070669
3 93 0.105301
3 94 0.174628
3 95 0.153651
3 96 0.073184
3 97 0.147311
3 98 -0.288148
3 99 0.000000

4 0 0.000000
4 1 -0.494092
4 2 0.016029
4 3 -0.093781
4 4 0.000932
4 5 0.044790
4 6 -0.000710
4 7 0.000797
4 8 -0.059536
4 9 -0.090340
4 10 -0.130334
4 11 -0.150228
4 12 -0.159280
4 13 -0.153494
4 14 -0.137577
4 15 -0.114547
4 16 -0.088486
4 17 -0.062576
4 18 -0.039198
4 19 -0.019698
4 20 -0.004535
4 21 0.006500
4 22 0.014030
4 23 0.018849
4 24 0.021752
4 25 0.023416
4 26 0.024362
4 27 0.024943
4 28 0.025380
4 29 0.025789
4 30 0.026219
4 31 0.026676
4 32 0.027150
4 33 0.027616
4 34 0.028057
4 35 0.028456
4 36 0.028805
4 37 0.029096
4 38 0.029334
4 39 0.029518
4 40 0.029657
4 41 0.029753
4 42 0.029820
4 43 0.029856
4 44 0.029877
4 45 0.029880
4 46 0.029879
4 47 0.029870
4 48 0.029865
4 49 0.029857
4 50 0.029857
4 51 0.029857
4 52 0.029865
4 53 0.029870
4 54 0.029879
4 55 0.029880
4 56 0.029877
4 57 0.029856
4 58 0.029820
4 59 0.029753
4 60 0.029657
4 61 0.029517
4 62 0.029333
4 63 0.029092
4 64 0.028795
4 65 0.028433
4 66 0.028008
4 67 0.027510
4 68 0.026932
4 69 0.026245
4 70 0.025397
4 71 0.024280
4 72 0.022712
4 73 0.020400
4 74 0.016915
4 75 0.011675
4 76 0.003953
4 77 -0.007062
4 78 -0.022145
4 79 -0.041841
4 80 -0.066200
4 81 -0.094488
4 82 -0.124911
4 83 -0.154487
4 84 -0.179017
4 85 -0.193631
4 86 -0.192774
4 87 -0.172987
4 88 -0.129152
4 89 -0.067841
4 90 0.020180
4 91 0.098334
4 92 0.205570
4 93 0.243551
4 94 0.307488
4 95 0.289923
4 96 0.152666
4 97 0.257378
4 98 -0.298746
4 99 0.000000

5 0 0.000000
5 1 -0.438668
5 2 0.074222
5 3 -0.046267
5 4 0.044790
5 5 0.070733
5 6 0.002981
5 7 -0.012368
5 8 -0.094064
5 9 -0.137498
5 10 -0.188823
5 11 -0.213462
5 12 -0.223804
5 13 -0.215248
5 14 -0.194068
5 15 -0.164054
5 16 -0.130355
5 17 -0.096954
5 18 -0.066884
5 19 -0.041900
5 20 -0.022659
5 21 -0.008951
5 22 -0.000012
5 23 0.005187
5 24 0.007707
5 25 0.008494
5 26 0.008295
5 27 0.007655
5 28 0.006924
5 29 0.006308
5 30 0.005897
5 31 0.005717
5 32 0.005744
5 33 0.005940
5 34 0.006257
5 35 0.006657
5 36 0.007096
5 37 0.007554
5 38 0.008001
5 39 0.008429
5 40 0.008820
5 41 0.009177
5 42 0.009488
5 43 0.009762
5 44 0.009988
5 45 0.010181
5 46 0.010330
5 47 0.010448
5 48 0.010526
5 49 0.010577
5 50 0.010590
5 51 0.010577
5 52 0.010526
5 53 0.010448
5 54 0.010330
5 55 0.010181
5 56 0.009988
5 57 0.009762
5 58 0.009488
5 59 0.009177
5 60 0.008819
5 61 0.008428
5 62 0.007998
5 63 0.007547
5 64 0.007080
5 65 0.006619
5 66 0.006176
5 67 0.005771
5 68 0.005404
5 69 0.005061
5 70 0.004673
5 71 0.004109
5 72 0.003119
5 73 0.001314
5 74 -0.001879
5 75 -0.007212
5 76 -0.015597
5 77 -0.028015
5 78 -0.045361
5 79 -0.068205
5 80 -0.096494
5 81 -0.129245
5 82 -0.164272
5 83 -0.198102
5 84 -0.225991
5 85 -0.242641
5 86 -0.242016
5 87 -0.220819
5 88 -0.173193
5 89 -0.107479
5 90 -0.011525
5 91 0.072391
5 92 0.191439
5 93 0.236406
5 94 0.312057
5 95 0.307066
5 96 0.173249
5 97 0.287721
5 98 -0.251627
5 99 0.000000

6 0 0.000000
6 1 -0.449260
6 2 0.066277
6 3 -0.091512
6 4 -0.000710
6 5 0.002981
6 6 -0.074089
6 7 -0.094063
6 8 -0.179296
6 9 -0.217743
6 10 -0.263337
6 11 -0.277456
6 12 -0.276184
6 13 -0.254215
6 14 -0.219260
6 15 -0.175496
6 16 -0.128851
6 17 -0.083836
6 18 -0.043961
6 19 -0.011277
6 20 0.013445
6 21 0.030484
6 22 0.040826
6 23 0.045824
6 24 0.046920
6 25 0.045436
6 26 0.042477
6 27 0.038873
6 28 0.035208
6 29 0.031837
6 30 0.028954
6 31 0.026623
6 32 0.024841
6 33 0.023547
6 34 0.022677
6 35 0.022146
6 36 0.021887
6 37 0.021825
6 38 0.021914
6 39 0.022097
6 40 0.022347
6 41 0.022622
6 42 0.022913
6 43 0.023190
6 44 0.023454
6 45 0.023681
6 46 0.023881
6 47 0.024032
6 48 0.024149
6 49 0.024213
6 50 0.024240
6 51 0.024213
6 52 0.024149
6 53 0.024032
6 54 0.023881
6 55 0.023681
6 56 0.023454
6 57 0.023190
6 58 0.022913
6 59 0.022621
6 60 0.022346
6 61 0.022095
6 62 0.021909
6 63 0.021813
6 64 0.021859
6 65 0.022085
6 66 0.022549
6 67 0.023286
6 68 0.024327
6 69 0.025652
6 70 0.027183
6 71 0.028724
6 72 0.029936
6 73 0.030277
6 74 0.028983
6 75 0.025063
6 76 0.017362
6 77 0.004670
6 78 -0.014065
6 79 -0.039476
6 80 -0.071446
6 81 -0.108809
6 82 -0.149104
6 83 -0.188584
6 84 -0.222271
6 85 -0.244891
6 86 -0.250421
6 87 -0.236332
6 88 -0.196356
6 89 -0.140880
6 90 -0.054524
6 91 0.016130
6 92 0.126282
6 93 0.162644
6 94 0.232384
6 95 0.239721
6 96 0.101404
6 97 0.249727
6 98 -0.279754
6 99 0.000000

7 0 0.000000
7 1 -0.391986
7 2 0.084458
7 3 -0.086482
7 4 0.000797
7 5 -0.012368
7 6 -0.094063
7 7 -0.117761
7 8 -0.207139
7 9 -0.245100
7 10 -0.292336
7 11 -0.305517
7 12 -0.303499
7 13 -0.278999
7 14 -0.240314
7 15 -0.191263
7 16 -0.138219
7 17 -0.086153
7 18 -0.039229
7 19 -0.000107
7 20 0.029938
7 21 0.050868
7 22 0.063546
7 23 0.069385
7 24 0.070011
7 25 0.067021
7 26 0.061810
7 27 0.055501
7 28 0.048914
7 29 0.042605
7 30 0.036893
7 31 0.031942
7 32 0.027784
7 33 0.024395
7 34 0.021694
7 35 0.019601
7 36 0.018009
7 37 0.016841
7 38 0.016000
7 39 0.015429
7 40 0.015052
7 41 0.014835
7 42 0.014718
7 43 0.014686
7 44 0.014692
7 45 0.014738
7 46 0.014784
7 47 0.014841
7 48 0.014878
7 49 0.014912
7 50 0.014915
7 51 0.014912
7 52 0.014878
7 53 0.014841
7 54 0.014784
7 55 0.014738
7 56 0.014692
7 57 0.014686
7 58 0.014717
7 59 0.014835
7 60 0.015051
7 61 0.015426
7 62 0.015991
7 63 0.016821
7 64 0.017964
7 65 0.019505
7 66 0.021496
7 67 0.024001
7 68 0.027027
7 69 0.030540
7 70 0.034392
7 71 0.038302
7 72 0.041784
7 73 0.044125
7 74 0.044345
7 75 0.041240
7 76 0.033460
7 77 0.019691
7 78 -0.001108
7 79 -0.029388
7 80 -0.064689
7 81 -0.105364
7 82 -0.148422
7 83 -0.189660
7 84 -0.223825
7 85 -0.245826
7 86 -0.249975
7 87 -0.235140
7 88 -0.195260
7 89 -0.143690
7 90 -0.062459
7 91 -0.002629
7 92 0.097971
7 93 0.124515
7 94 0.184991
7 95 0.199198
7 96 0.064734
7 97 0.222466
7 98 -0.250975
7 99 0.000000

8 0 0.000000
8 1 -0.361798
8 2 0.055910
8 3 -0.135567
8 4 -0.059536
8 5 -0.094064
8 6 -0.179296
8 7 -0.207139
8 8 -0.298943
8 9 -0.335865
8 10 -0.384373
8 11 -0.396453
8 12 -0.393348
8 13 -0.365183
8 14 -0.320569
8 15 -0.262708
8 16 -0.198449
8 17 -0.133378
8 18 -0.072606
8 19 -0.019758
8 20 0.023023
8 21 0.055043
8 22 0.076765
8 23 0.089455
8 24 0.094813
8 25 0.094658
8 26 0.090708
8 27 0.084424
8 28 0.076967
8 29 0.069171
8 30 0.061605
8 31 0.054601
8 32 0.048345
8 33 0.042888
8 34 0.038236
8 35 0.034322
8 36 0.031087
8 37 0.028431
8 38 0.026290
8 39 0.024566
8 40 0.023209
8 41 0.022134
8 42 0.021311
8 43 0.020667
8 44 0.020193
8 45 0.019827
8 46 0.019573
8 47 0.019382
8 48 0.019269
8 49 0.019193
8 50 0.019179
8 51 0.019193
8 52 0.019269
8 53 0.019382
8 54 0.019573
8 55 0.019827
8 56 0.020193
8 57 0.020667
8 58 0.021310
8 59 0.022133
8 60 0.023206
8 61 0.024560
8 62 0.026276
8 63 0.028399
8 64 0.031017
8 65 0.034175
8 66 0.037939
8 67 0.042308
8 68 0.047254
8 69 0.052624
8 70 0.058150
8 71 0.063355
8 72 0.067535
8 73 0.069699
8 74 0.068595
8 75 0.062748
8 76 0.050621
8 77 0.030827
8 78 0.002445
8 79 -0.034654
8 80 -0.079472
8 81 -0.129684
8 82 -0.181568
8 83 -0.230321
8 84 -0.270301
8 85 -0.296580
8 86 -0.303779
8 87 -0.292290
8 88 -0.256223
8 89 -0.212053
8 90 -0.139226
8 91 -0.092678
8 92 -0.004348
8 93 0.012850
8 94 0.063969
8 95 0.089782
8 96 -0.031863
8 97 0.143687
8 98 -0.258825
8 99 0.000000

9 0 0.000000
9 1 -0.311487
9 2 0.036912
9 3 -0.159569
9 4 -0.090340
9 5 -0.137498
9 6 -0.217743
9 7 -0.245100
9 8 -0.335865
9 9 -0.372037
9 10 -0.424475
9 11 -0.440254
9 12 -0.442277
9 13 -0.417191
9 14 -0.373332
9 15 -0.312664
9 16 -0.242169
9 17 -0.167810
9 18 -0.095604
9 19 -0.030220
9 20 0.025135
9 21 0.068859
9 22 0.100742
9 23 0.121652
9 24 0.133145
9 25 0.137118
9 26 0.135492
9 27 0.130032
9 28 0.122198
9 29 0.113139
9 30 0.103673
9 31 0.094373
9 32 0.085579
9 33 0.077506
9 34 0.070227
9 35 0.063781
9 36 0.058121
9 37 0.053220
9 38 0.048989
9 39 0.045388
9 40 0.042318
9 41 0.039750
9 42 0.037588
9 43 0.035818
9 44 0.034356
9 45 0.033201
9 46 0.032281
9 47 0.031611
9 48 0.031128
9 49 0.030861
9 50 0.030758
9 51 0.030861
9 52 0.031128
9 53 0.031611
9 54 0.032281
9 55 0.033201
9 56 0.034356
9 57 0.035818
9 58 0.037588
9 59 0.039748
9 60 0.042314
9 61 0.045378
9 62 0.048966
9 63 0.053170
9 64 0.058014
9 65 0.063560
9 66 0.069790
9 67 0.076671
9 68 0.084042
9 69 0.091644
9 70 0.099003
9 71 0.105440
9 72 0.109974
9 73 0.111356
9 74 0.108061
9 75 0.098424
9 76 0.080817
9 77 0.053950
9 78 0.017207
9 79 -0.028993
9 80 -0.082917
9 81 -0.141397
9 82 -0.199912
9 83 -0.253097
9 84 -0.295067
9 85 -0.321333
9 86 -0.327094
9 87 -0.314681
9 88 -0.278597
9 89 -0.238821
9 90 -0.172560
9 91 -0.138342
9 92 -0.063760
9 93 -0.057533
9 94 -0.020304
9 95 0.010692
9 96 -0.099768
9 97 0.078166
9 98 -0.245493
9 99 0.000000

10 0 0.000000
10 1 -0.269212
10 2 0.005822
10 3 -0.191255
10 4 -0.130334
10 5 -0.188823
10 6 -0.263337
10 7 -0.292336
10 8 -0.384373
10 9 -0.424475
10 10 -0.486419
10 11 -0.512409
10 12 -0.526510
10 13 -0.511321
10 14 -0.474538
10 15 -0.416377
10 16 -0.343628
10 17 -0.262364
10 18 -0.179408
10 19 -0.100515
10 20 -0.030141
10 21 0.028917
10 22 0.075442
10 23 0.109560
10 24 0.132388
10 25 0.145631
10 26 0.151247
10 27 0.151146
10 28 0.147046
10 29 0.140345
10 30 0.132149
10 31 0.123250
10 32 0.114229
10 33 0.105443
10 34 0.097147
10 35 0.089448
10 36 0.082439
10 37 0.076106
10 38 0.070475
10 39 0.065480
10 40 0.061125
10 41 0.057325
10 42 0.054082
10 43 0.051306
10 44 0.049008
10 45 0.047101
10 46 0.045609
10 47 0.044449
10 48 0.043660
10 49 0.043169
10 50 0.043026
10 51 0.043169
10 52 0.043660
10 53 0.044449
10 54 0.045609
10 55 0.047101
10 56 0.049008
10 57 0.051305
10 58 0.054081
10 59 0.057322
10 60 0.061118
10 61 0.065464
10 62 0.070439
10 63 0.076029
10 64 0.082278
10 65 0.089124
10 66 0.096518
10 67 0.104267
10 68 0.112108
10 69 0.119559
10 70 0.125962
10 71 0.130353
10 72 0.131511
10 73 0.127914
10 74 0.117865
10 75 0.099609
10 76 0.071628
10 77 0.032946
10 78 -0.016463
10 79 -0.075364
10 80 -0.141023
10 81 -0.209251
10 82 -0.274627
10 83 -0.331270
10 84 -0.373187
10 85 -0.396579
10 86 -0.397416
10 87 -0.380221
10 88 -0.339893
10 89 -0.299965
10 90 -0.235536
10 91 -0.208188
10 92 -0.142730
10 93 -0.141919
10 94 -0.114832
10 95 -0.076661
10 96 -0.171939
10 97 0.005810
10 98 -0.238954
10 99 0.000000

11 0 0.000000
11 1 -0.225591
11 2 -0.018850
11 3 -0.206752
11 4 -0.150228
11 5 -0.213462
11 6 -0.277456
11 7 -0.305517
11 8 -0.396453
11 9 -0.440254
11 10 -0.512409
11 11 -0.550767
11 12 -0.580392
11 13 -0.579606
11 14 -0.555218
11 15 -0.505173
11 16 -0.435593
11 17 -0.352144
11 18 -0.262096
11 19 -0.172075
11 20 -0.087755
11 21 -0.013229
11 22 0.049070
11 23 0.098291
11 24 0.134840
11 25 0.160021
11 26 0.175607
11 27 0.183543
11 28 0.185664
11 29 0.183600
11 30 0.178667
11 31 0.171926
11 32 0.164137
11 33 0.155892
11 34 0.147558
11 35 0.139437
11 36 0.131669
11 37 0.124407
11 38 0.117675
11 39 0.111556
11 40 0.106011
11 41 0.101097
11 42 0.096742
11 43 0.092995
11 44 0.089767
11 45 0.087111
11 46 0.084933
11 47 0.083293
11 48 0.082098
11 49 0.081417
11 50 0.081164
11 51 0.081417
11 52 0.082098
11 53 0.083293
11 54 0.084933
11 55 0.087111
11 56 0.089767
11 57 0.092994
11 58 0.096740
11 59 0.101093
11 60 0.106000
11 61 0.111531
11 62 0.117620
11 63 0.124292
11 64 0.131433
11 65 0.138972
11 66 0.146674
11 67 0.154271
11 68 0.161268
11 69 0.167034
11 70 0.170627
11 71 0.170877
11 72 0.166286
11 73 0.155172
11 74 0.135723
11 75 0.106280
11 76 0.065598
11 77 0.013262
11 78 -0.049963
11 79 -0.121811
11 80 -0.198429
11 81 -0.274563
11 82 -0.344000
11 83 -0.400572
11 84 -0.438517
11 85 -0.455153
11 86 -0.447540
11 87 -0.422697
11 88 -0.375889
11 89 -0.334062
11 90 -0.270177
11 91 -0.248057
11 92 -0.191042
11 93 -0.194552
11 94 -0.178033
11 95 -0.136185
11 96 -0.218600
11 97 -0.049732
11 98 -0.224352
11 99 0.000000

12 0 0.000000
12 1 -0.186974
12 2 -0.039856
12 3 -0.212991
12 4 -0.159280
12 5 -0.223804
12 6 -0.276184
12 7 -0.303499
12 8 -0.393348
12 9 -0.442277
12 10 -0.526510
12 11 -0.580392
12 12 -0.630052
12 13 -0.649549
12 14 -0.644664
12 15 -0.610545
12 16 -0.552100
12 17 -0.473963
12 18 -0.383349
12 19 -0.287415
12 20 -0.192878
12 21 -0.105132
12 22 -0.027923
12 23 0.036706
12 24 0.088248
12 25 0.127337
12 26 0.155377
12 27 0.174113
12 28 0.185396
12 29 0.190916
12 30 0.192180
12 31 0.190383
12 32 0.186512
12 33 0.181264
12 34 0.175221
12 35 0.168734
12 36 0.162145
12 37 0.155607
12 38 0.149332
12 39 0.143362
12 40 0.137845
12 41 0.132756
12 42 0.128211
12 43 0.124146
12 44 0.120662
12 45 0.117673
12 46 0.115276
12 47 0.113369
12 48 0.112055
12 49 0.111225
12 50 0.110984
12 51 0.111225
12 52 0.112055
12 53 0.113369
12 54 0.115275
12 55 0.117673
12 56 0.120662
12 57 0.124145
12 58 0.128208
12 59 0.132749
12 60 0.137828
12 61 0.143325
12 62 0.149250
12 63 0.155438
12 64 0.161807
12 65 0.168082
12 66 0.174002
12 67 0.179072
12 68 0.182708
12 69 0.184018
12 70 0.181924
12 71 0.175004
12 72 0.161650
12 73 0.140068
12 74 0.108551
12 75 0.065680
12 76 0.010751
12 77 -0.055896
12 78 -0.132468
12 79 -0.215552
12 80 -0.300105
12 81 -0.379899
12 82 -0.448109
12 83 -0.498622
12 84 -0.526299
12 85 -0.530049
12 86 -0.508353
12 87 -0.471012
12 88 -0.413599
12 89 -0.366226
12 90 -0.299624
12 91 -0.278910
12 92 -0.227064
12 93 -0.231205
12 94 -0.222416
12 95 -0.177380
12 96 -0.247458
12 97 -0.091545
12 98 -0.207689
12 99 0.000000

13 0 0.000000
13 1 -0.152471
13 2 -0.053172
13 3 -0.206751
13 4 -0.153494
13 5 -0.215248
13 6 -0.254215
13 7 -0.278999
13 8 -0.365183
13 9 -0.417191
13 10 -0.511321
13 11 -0.579606
13 12 -0.649549
13 13 -0.691269
13 14 -0.709556
13 15 -0.696394
13 16 -0.655017
13 17 -0.588429
13 18 -0.503282
13 19 -0.406820
13 20 -0.306531
13 21 -0.208932
13 22 -0.119068
13 23 -0.040195
13 24 0.026105
13 25 0.079679
13 26 0.121339
13 27 0.152526
13 28 0.174899
13 29 0.190172
13 30 0.199862
13 31 0.205329
13 32 0.207611
13 33 0.207605
13 34 0.205915
13 35 0.203103
13 36 0.199489
13 37 0.195441
13 38 0.191111
13 39 0.186762
13 40 0.182441
13 41 0.178358
13 42 0.174492
13 43 0.171021
13 44 0.167879
13 45 0.165227
13 46 0.162966
13 47 0.161248
13 48 0.159953
13 49 0.159228
13 50 0.158939
13 51 0.159228
13 52 0.159953
13 53 0.161248
13 54 0.162966
13 55 0.165227
13 56 0.167879
13 57 0.171020
13 58 0.174487
13 59 0.178347
13 60 0.182416
13 61 0.186706
13 62 0.190993
13 63 0.195201
13 64 0.199015
13 65 0.202204
13 66 0.204268
13 67 0.204696
13 68 0.202656
13 69 0.197197
13 70 0.187006
13 71 0.170612
13 72 0.146288
13 73 0.112351
13 74 0.067273
13 75 0.010127
13 76 -0.059130
13 77 -0.139193
13 78 -0.227181
13 79 -0.318487
13 80 -0.407016
13 81 -0.485762
13 82 -0.547636
13 83 -0.586968
13 84 -0.599657
13 85 -0.586597
13 86 -0.547916
13 87 -0.496331
13 88 -0.427556
13 89 -0.374444
13 90 -0.305330
13 91 -0.285548
13 92 -0.238543
13 93 -0.242451
13 94 -0.240502
13 95 -0.194382
13 96 -0.254538
13 97 -0.115417
13 98 -0.187175
13 99 0.000000

14 0 0.000000
14 1 -0.123292
14 2 -0.059702
14 3 -0.191565
14 4 -0.137577
14 5 -0.194068
14 6 -0.219260
14 7 -0.240314
14 8 -0.320569
14 9 -0.373332
14 10 -0.474538
14 11 -0.555218
14 12 -0.644664
14 13 -0.709556
14 14 -0.753880
14 15 -0.766267
14 16 -0.747963
14 17 -0.699857
14 18 -0.627536
14 19 -0.537867
14 20 -0.438685
14 21 -0.337342
14 22 -0.239956
14 23 -0.150948
14 24 -0.072941
14 25 -0.007017
14 26 0.046993
14 27 0.090018
14 28 0.123488
14 29 0.148926
14 30 0.167880
14 31 0.181647
14 32 0.191406
14 33 0.198005
14 34 0.202229
14 35 0.204564
14 36 0.205538
14 37 0.205408
14 38 0.204556
14 39 0.203103
14 40 0.201353
14 41 0.199335
14 42 0.197314
14 43 0.195250
14 44 0.193382
14 45 0.191622
14 46 0.190188
14 47 0.188955
14 48 0.188128
14 49 0.187552
14 50 0.187419
14 51 0.187552
14 52 0.188128
14 53 0.188955
14 54 0.190188
14 55 0.191621
14 56 0.193381
14 57 0.195247
14 58 0.197306
14 59 0.199318
14 60 0.201315
14 61 0.203021
14 62 0.204388
14 63 0.205070
14 64 0.204886
14 65 0.203349
14 66 0.200043
14 67 0.194214
14 68 0.185066
14 69 0.171432
14 70 0.152031
14 71 0.125271
14 72 0.089568
14 73 0.043359
14 74 -0.014440
14 75 -0.084209
14 76 -0.165111
14 77 -0.254861
14 78 -0.349434
14 79 -0.443198
14 80 -0.529212
14 81 -0.600101
14 82 -0.648922
14 83 -0.670932
14 84 -0.663425
14 85 -0.629596
14 86 -0.571276
14 87 -0.504070
14 88 -0.423550
14 89 -0.364800
14 90 -0.293616
14 91 -0.274512
14 92 -0.232038
14 93 -0.234992
14 94 -0.238603
14 95 -0.192742
14 96 -0.244934
14 97 -0.124085
14 98 -0.164933
14 99 0.000000

15 0 0.000000
15 1 -0.099305
15 2 -0.060090
15 3 -0.169905
15 4 -0.114547
15 5 -0.164054
15 6 -0.175496
15 7 -0.191263
15 8 -0.262708
15 9 -0.312664
15 10 -0.416377
15 11 -0.505173
15 12 -0.610545
15 13 -0.696394
15 14 -0.766267
15 15 -0.805502
15 16 -0.813303
15 17 -0.788132
15 18 -0.734150
15 19 -0.657358
15 20 -0.565506
15 21 -0.466345
15 22 -0.366798
15 23 -0.272227
15 24 -0.186285
15 25 -0.110922
15 26 -0.046765
15 27 0.006620
15 28 0.050228
15 29 0.085436
15 30 0.113584
15 31 0.136020
15 32 0.153785
15 33 0.167864
15 34 0.178898
15 35 0.187560
15 36 0.194199
15 37 0.199301
15 38 0.203035
15 39 0.205794
15 40 0.207635
15 41 0.208905
15 42 0.209582
15 43 0.209986
15 44 0.210031
15 45 0.210017
15 46 0.209807
15 47 0.209682
15 48 0.209463
15 49 0.209410
15 50 0.209314
15 51 0.209410
15 52 0.209463
15 53 0.209681
15 54 0.209807
15 55 0.210016
15 56 0.210029
15 57 0.209981
15 58 0.209571
15 59 0.208880
15 60 0.207580
15 61 0.205678
15 62 0.202799
15 63 0.198836
15 64 0.193318
15 65 0.185947
15 66 0.176048
15 67 0.163007
15 68 0.145806
15 69 0.123394
15 70 0.094351
15 71 0.057269
15 72 0.010622
15 73 -0.046749
15 74 -0.115509
15 75 -0.195259
15 76 -0.284318
15 77 -0.379323
15 78 -0.475269
15 79 -0.565651
15 80 -0.643079
15 81 -0.700218
15 82 -0.730792
15 83 -0.731413
15 84 -0.701079
15 85 -0.645404
15 86 -0.567781
15 87 -0.486422
15 88 -0.396341
15 89 -0.334233
15 90 -0.263250
15 91 -0.246181
15 92 -0.209201
15 93 -0.211741
15 94 -0.220400
15 95 -0.176289
15 96 -0.222609
15 97 -0.120168
15 98 -0.142039
15 99 0.000000

16 0 0.000000
16 1 -0.080332
16 2 -0.055964
16 3 -0.145096
16 4 -0.088486
16 5 -0.130355
16 6 -0.128851
16 7 -0.138219
16 8 -0.198449
16 9 -0.242169
16 10 -0.343628
16 11 -0.435593
16 12 -0.552100
16 13 -0.655017
16 14 -0.747963
16 15 -0.813303
16 16 -0.848361
16 17 -0.849075
16 18 -0.817891
16 19 -0.759536
16 20 -0.681163
16 21 -0.590509
16 22 -0.494897
16 23 -0.400449
16 24 -0.311646
16 25 -0.231353
16 26 -0.160887
16 27 -0.100472
16 28 -0.049444
16 29 -0.006795
16 30 0.028764
16 31 0.058349
16 32 0.083094
16 33 0.103773
16 34 0.121197
16 35 0.135794
16 36 0.148134
16 37 0.158415
16 38 0.167085
16 39 0.174203
16 40 0.180168
16 41 0.184951
16 42 0.188934
16 43 0.192019
16 44 0.194573
16 45 0.196443
16 46 0.197980
16 47 0.198980
16 48 0.199779
16 49 0.200127
16 50 0.200338
16 51 0.200127
16 52 0.199779
16 53 0.198980
16 54 0.197980
16 55 0.196442
16 56 0.194570
16 57 0.192012
16 58 0.188918
16 59 0.184915
16 60 0.180089
16 61 0.174041
16 62 0.166761
16 63 0.157789
16 64 0.146966
16 65 0.133690
16 66 0.117543
16 67 0.097651
16 68 0.073210
16 69 0.042981
16 70 0.005775
16 71 -0.039842
16 72 -0.095019
16 73 -0.160638
16 74 -0.236690
16 75 -0.322109
16 76 -0.414234
16 77 -0.508805
16 78 -0.599908
16 79 -0.680516
16 80 -0.743119
16 81 -0.780948
16 82 -0.788835
16 83 -0.765192
16 84 -0.710891
16 85 -0.633972
16 86 -0.539040
16 87 -0.446455
16 88 -0.350128
16 89 -0.287688
16 90 -0.219605
16 91 -0.206227
16 92 -0.175820
16 93 -0.178734
16 94 -0.191990
16 95 -0.150695
16 96 -0.192818
16 97 -0.107574
16 98 -0.119932
16 99 0.000000

17 0 0.000000
17 1 -0.065817
17 2 -0.048902
17 3 -0.119839
17 4 -0.062576
17 5 -0.096954
17 6 -0.083836
17 7 -0.086153
17 8 -0.133378
17 9 -0.167810
17 10 -0.262364
17 11 -0.352144
17 12 -0.473963
17 13 -0.588429
17 14 -0.699857
17 15 -0.788132
17 16 -0.849075
17 17 -0.876131
17 18 -0.869897
17 19 -0.833432
17 20 -0.772907
17 21 -0.695568
17 22 -0.608861
17 23 -0.519356
17 24 -0.432309
17 25 -0.351307
17 26 -0.278463
17 27 -0.214486
17 28 -0.159244
17 29 -0.111887
17 30 -0.071459
17 31 -0.036787
17 32 -0.007005
17 33 0.018834
17 34 0.041244
17 35 0.060891
17 36 0.077987
17 37 0.093029
17 38 0.106042
17 39 0.117456
17 40 0.127195
17 41 0.135676
17 42 0.142753
17 43 0.148847
17 44 0.153754
17 45 0.157896
17 46 0.161015
17 47 0.163529
17 48 0.165132
17 49 0.166225
17 50 0.166463
17 51 0.166225
17 52 0.165131
17 53 0.163529
17 54 0.161015
17 55 0.157894
17 56 0.153750
17 57 0.148837
17 58 0.142730
17 59 0.135624
17 60 0.127086
17 61 0.117234
17 62 0.105605
17 63 0.092198
17 64 0.076463
17 65 0.058191
17 66 0.036631
17 67 0.011236
17 68 -0.019066
17 69 -0.055219
17 70 -0.098549
17 71 -0.150121
17 72 -0.210967
17 73 -0.281382
17 74 -0.360886
17 75 -0.447548
17 76 -0.537953
17 77 -0.626929
17 78 -0.707973
17 79 -0.773732
17 80 -0.817015
17 81 -0.831976
17 82 -0.815005
17 83 -0.766576
17 84 -0.689552
17 85 -0.594225
17 86 -0.485976
17 87 -0.386696
17 88 -0.288615
17 89 -0.229592
17 90 -0.167458
17 91 -0.159614
17 92 -0.136870
17 93 -0.141070
17 94 -0.158559
17 95 -0.120786
17 96 -0.160017
17 97 -0.089919
17 98 -0.099616
17 99 0.000000

18 0 0.000000
18 1 -0.055043
18 2 -0.040329
18 3 -0.096205
18 4 -0.039198
18 5 -0.066884
18 6 -0.043961
18 7 -0.039229
18 8 -0.072606
18 9 -0.095604
18 10 -0.179408
18 11 -0.262096
18 12 -0.383349
18 13 -0.503282
18 14 -0.627536
18 15 -0.734150
18 16 -0.817891
18 17 -0.869897
18 18 -0.888834
18 19 -0.875875
18 20 -0.835819
18 21 -0.775152
18 22 -0.701085
18 23 -0.620517
18 24 -0.539212
18 25 -0.461523
18 26 -0.390117
18 27 -0.326360
18 28 -0.270382
18 29 -0.221773
18 30 -0.179560
18 31 -0.142889
18 32 -0.110702
18 33 -0.082372
18 34 -0.057104
18 35 -0.034626
18 36 -0.014381
18 37 0.003636
18 38 0.019870
18 39 0.034178
18 40 0.046989
18 41 0.058077
18 42 0.067888
18 43 0.076140
18 44 0.083301
18 45 0.089039
18 46 0.093837
18 47 0.097317
18 48 0.099964
18 49 0.101357
18 50 0.101972
18 51 0.101357
18 52 0.099963
18 53 0.097316
18 54 0.093836
18 55 0.089036
18 56 0.083294
18 57 0.076125
18 58 0.067855
18 59 0.058005
18 60 0.046840
18 61 0.033879
18 62 0.019290
18 63 0.002552
18 64 -0.016338
18 65 -0.038036
18 66 -0.062837
18 67 -0.091665
18 68 -0.125211
18 69 -0.164693
18 70 -0.211053
18 71 -0.265425
18 72 -0.328317
18 73 -0.399767
18 74 -0.478537
18 75 -0.562132
18 76 -0.646272
18 77 -0.725219
18 78 -0.791962
18 79 -0.839223
18 80 -0.860347
18 81 -0.850803
18 82 -0.808733
18 83 -0.736893
18 84 -0.640042
18 85 -0.530516
18 86 -0.413930
18 87 -0.313090
18 88 -0.217965
18 89 -0.166006
18 90 -0.112523
18 91 -0.111682
18 92 -0.097253
18 93 -0.103377
18 94 -0.124590
18 95 -0.090588
18 96 -0.127796
18 97 -0.070311
18 98 -0.081753
18 99 0.000000

19 0 0.000000
19 1 -0.047206
19 2 -0.031315
19 3 -0.075449
19 4 -0.019698
19 5 -0.041900
19 6 -0.011277
19 7 -0.000107
19 8 -0.019758
19 9 -0.030220
19 10 -0.100515
19 11 -0.172075
19 12 -0.287415
19 13 -0.406820
19 14 -0.537867
19 15 -0.657358
19 16 -0.759536
19 17 -0.833432
19 18 -0.875875
19 19 -0.885960
19 20 -0.866979
19 21 -0.824347
19 22 -0.764934
19 23 -0.695667
19 24 -0.622823
19 25 -0.551222
19 26 -0.484231
19 27 -0.423557
19 28 -0.369882
19 29 -0.322844
19 30 -0.281862
19 31 -0.245883
19 32 -0.214188
19 33 -0.185805
19 34 -0.160344
19 35 -0.137111
19 36 -0.116076
19 37 -0.096738
19 38 -0.079301
19 39 -0.063321
19 40 -0.049124
19 41 -0.036249
19 42 -0.025090
19 43 -0.015143
19 44 -0.006855
19 45 0.000321
19 46 0.005895
19 47 0.010439
19 48 0.013426
19 49 0.015437
19 50 0.015915
19 51 0.015437
19 52 0.013426
19 53 0.010439
19 54 0.005893
19 55 0.000317
19 56 -0.006864
19 57 -0.015165
19 58 -0.025136
19 59 -0.036347
19 60 -0.049325
19 61 -0.063717
19 62 -0.080056
19 63 -0.098129
19 64 -0.118549
19 65 -0.141355
19 66 -0.167369
19 67 -0.197013
19 68 -0.231410
19 69 -0.271340
19 70 -0.318010
19 71 -0.372060
19 72 -0.433972
19 73 -0.503104
19 74 -0.577863
19 75 -0.654939
19 76 -0.729580
19 77 -0.795441
19 78 -0.845425
19 79 -0.872439
19 80 -0.870730
19 81 -0.837179
19 82 -0.771870
19 83 -0.679770
19 84 -0.567406
19 85 -0.448793
19 86 -0.329300
19 87 -0.232027
19 88 -0.144251
19 89 -0.102463
19 90 -0.059679
19 91 -0.066716
19 92 -0.060695
19 93 -0.068988
19 94 -0.093240
19 95 -0.062857
19 96 -0.098557
19 97 -0.051024
19 98 -0.066603
19 99 0.000000

20 0 0.000000
20 1 -0.041515
20 2 -0.022564
20 3 -0.058113
20 4 -0.004535
20 5 -0.022659
20 6 0.013445
20 7 0.029938
20 8 0.023023
20 9 0.025135
20 10 -0.030141
20 11 -0.087755
20 12 -0.192878
20 13 -0.306531
20 14 -0.438685
20 15 -0.565506
20 16 -0.681163
20 17 -0.772907
20 18 -0.835819
20 19 -0.866979
20 20 -0.868014
20 21 -0.843243
20 22 -0.798917
20 23 -0.741992
20 24 -0.678922
20 25 -0.615115
20 26 -0.554279
20 27 -0.498759
20 28 -0.449374
20 29 -0.406261
20 30 -0.368674
20 31 -0.335947
20 32 -0.306968
20 33 -0.281173
20 34 -0.257651
20 35 -0.236248
20 36 -0.216328
20 37 -0.198086
20 38 -0.181027
20 39 -0.165550
20 40 -0.151177
20 41 -0.138414
20 42 -0.126735
20 43 -0.116711
20 44 -0.107753
20 45 -0.100476
20 46 -0.094238
20 47 -0.089692
20 48 -0.086157
20 49 -0.084316
20 50 -0.083469
20 51 -0.084316
20 52 -0.086157
20 53 -0.089693
20 54 -0.094241
20 55 -0.100482
20 56 -0.107766
20 57 -0.116740
20 58 -0.126798
20 59 -0.138546
20 60 -0.151442
20 61 -0.166066
20 62 -0.181996
20 63 -0.199844
20 64 -0.219409
20 65 -0.241456
20 66 -0.266143
20 67 -0.294515
20 68 -0.327150
20 69 -0.365302
20 70 -0.409664
20 71 -0.461094
20 72 -0.519442
20 73 -0.583938
20 74 -0.652203
20 75 -0.720579
20 76 -0.783632
20 77 -0.834874
20 78 -0.867118
20 79 -0.873879
20 80 -0.850334
20 81 -0.795007
20 82 -0.709785
20 83 -0.601779
20 84 -0.478914
20 85 -0.356553
20 86 -0.239296
20 87 -0.150076
20 88 -0.073153
20 89 -0.043704
20 90 -0.012743
20 91 -0.027805
20 92 -0.029674
20 93 -0.039953
20 94 -0.066391
20 95 -0.039166
20 96 -0.073605
20 97 -0.033507
20 98 -0.054106
20 99 0.000000

21 0 0.000000
21 1 -0.037265
21 2 -0.014462
21 3 -0.044188
21 4 0.006500
21 5 -0.008951
21 6 0.030484
21 7 0.050868
21 8 0.055043
21 9 0.068859
21 10 0.028917
21 11 -0.013229
21 12 -0.105132
21 13 -0.208932
21 14 -0.337342
21 15 -0.466345
21 16 -0.590509
21 17 -0.695568
21 18 -0.775152
21 19 -0.824347
21 20 -0.843243
21 21 -0.834871
21 22 -0.804907
21 23 -0.759994
21 24 -0.706865
21 25 -0.651119
21 26 -0.597097
21 27 -0.547348
21 28 -0.503318
21 29 -0.465074
21 30 -0.432361
21 31 -0.404124
21 32 -0.379695
21 33 -0.357909
21 34 -0.338398
21 35 -0.320280
21 36 -0.303641
21 37 -0.287839
21 38 -0.273290
21 39 -0.259440
21 40 -0.246895
21 41 -0.235077
21 42 -0.224695
21 43 -0.215100
21 44 -0.207063
21 45 -0.199856
21 46 -0.194294
21 47 -0.189584
21 48 -0.186570
21 49 -0.184418
21 50 -0.183987
21 51 -0.184418
21 52 -0.186571
21 53 -0.189585
21 54 -0.194297
21 55 -0.199864
21 56 -0.207081
21 57 -0.215140
21 58 -0.224779
21 59 -0.235251
21 60 -0.247240
21 61 -0.260102
21 62 -0.274515
21 63 -0.290030
21 64 -0.307425
21 65 -0.326586
21 66 -0.348530
21 67 -0.373593
21 68 -0.403062
21 69 -0.437581
21 70 -0.478316
21 71 -0.525485
21 72 -0.579070
21 73 -0.637526
21 74 -0.698285
21 75 -0.756914
21 76 -0.807817
21 77 -0.844180
21 78 -0.859215
21 79 -0.847006
21 80 -0.804004
21 81 -0.730241
21 82 -0.629408
21 83 -0.510403
21 84 -0.382235
21 85 -0.261131
21 86 -0.150549
21 87 -0.072830
21 88 -0.009133
21 89 0.006916
21 90 0.025885
21 91 0.003357
21 92 -0.005374
21 93 -0.017104
21 94 -0.044791
21 95 -0.020080
21 96 -0.053348
21 97 -0.018491
21 98 -0.043990
21 99 0.000000

22 0 0.000000
22 1 -0.033892
22 2 -0.007172
22 3 -0.033318
22 4 0.014030
22 5 -0.000012
22 6 0.040826
22 7 0.063546
22 8 0.076765
22 9 0.100742
22 10 0.075442
22 11 0.049070
22 12 -0.027923
22 13 -0.119068
22 14 -0.239956
22 15 -0.366798
22 16 -0.494897
22 17 -0.608861
22 18 -0.701085
22 19 -0.764934
22 20 -0.798917
22 21 -0.804907
22 22 -0.787707
22 23 -0.753745
22 24 -0.709610
22 25 -0.661366
22 26 -0.613525
22 27 -0.569350
22 28 -0.530334
22 29 -0.497192
22 30 -0.469364
22 31 -0.446335
22 32 -0.426809
22 33 -0.410197
22 34 -0.395303
22 35 -0.381981
22 36 -0.369341
22 37 -0.357697
22 38 -0.346349
22 39 -0.335922
22 40 -0.325755
22 41 -0.316653
22 42 -0.307901
22 43 -0.300403
22 44 -0.293355
22 45 -0.287724
22 46 -0.282618
22 47 -0.279045
22 48 -0.276042
22 49 -0.274640
22 50 -0.273828
22 51 -0.274640
22 52 -0.276043
22 53 -0.279047
22 54 -0.282622
22 55 -0.287735
22 56 -0.293379
22 57 -0.300456
22 58 -0.308012
22 59 -0.316879
22 60 -0.326197
22 61 -0.336758
22 62 -0.347876
22 63 -0.360391
22 64 -0.373929
22 65 -0.389520
22 66 -0.407246
22 67 -0.428420
22 68 -0.453557
22 69 -0.484047
22 70 -0.520334
22 71 -0.563048
22 72 -0.611371
22 73 -0.663791
22 74 -0.716877
22 75 -0.766065
22 76 -0.805176
22 77 -0.827629
22 78 -0.826844
22 79 -0.797934
22 80 -0.738477
22 81 -0.650201
22 82 -0.538267
22 83 -0.413170
22 84 -0.284475
22 85 -0.168926
22 86 -0.068414
22 87 -0.004468
22 88 0.044856
22 89 0.047501
22 90 0.055179
22 91 0.026302
22 92 0.012096
22 93 -0.000332
22 94 -0.028342
22 95 -0.005443
22 96 -0.037564
22 97 -0.006179
22 98 -0.035876
22 99 0.000000

23 0 0.000000
23 1 -0.030984
23 2 -0.000718
23 3 -0.024981
23 4 0.018849
23 5 0.005187
23 6 0.045824
23 7 0.069385
23 8 0.089455
23 9 0.121652
23 10 0.109560
23 11 0.098291
23 12 0.036706
23 13 -0.040195
23 14 -0.150948
23 15 -0.272227
23 16 -0.400449
23 17 -0.519356
23 18 -0.620517
23 19 -0.695667
23 20 -0.741992
23 21 -0.759994
23 22 -0.753745
23 23 -0.729034
23 24 -0.692558
23 25 -0.650344
23 26 -0.607575
23 27 -0.567626
23 28 -0.532796
23 29 -0.503629
23 30 -0.480272
23 31 -0.461637
23 32 -0.447098
23 33 -0.435180
23 34 -0.425473
23 35 -0.416728
23 36 -0.409059
23 37 -0.401495
23 38 -0.394600
23 39 -0.387538
23 40 -0.381169
23 41 -0.374650
23 42 -0.369014
23 43 -0.363334
23 44 -0.358748
23 45 -0.354225
23 46 -0.350969
23 47 -0.347854
23 48 -0.346123
23 49 -0.344579
23 50 -0.344479
23 51 -0.344580
23 52 -0.346124
23 53 -0.347856
23 54 -0.350975
23 55 -0.354240
23 56 -0.358781
23 57 -0.363404
23 58 -0.369159
23 59 -0.374939
23 60 -0.381728
23 61 -0.388579
23 62 -0.396478
23 63 -0.404763
23 64 -0.414552
23 65 -0.425633
23 66 -0.439389
23 67 -0.456116
23 68 -0.477388
23 69 -0.503706
23 70 -0.536234
23 71 -0.574709
23 72 -0.618624
23 73 -0.665515
23 74 -0.711950
23 75 -0.752548
23 76 -0.781239
23 77 -0.791255
23 78 -0.776783
23 79 -0.733722
23 80 -0.661137
23 81 -0.562170
23 82 -0.443447
23 83 -0.316590
23 84 -0.191422
23 85 -0.084709
23 86 0.003436
23 87 0.052530
23 88 0.087409
23 89 0.077544
23 90 0.075274
23 91 0.041531
23 92 0.023394
23 93 0.011098
23 94 -0.016417
23 95 0.005328
23 96 -0.025676
23 97 0.003570
23 98 -0.029365
23 99 0.000000

24 0 0.000000
24 1 -0.028274
24 2 0.004943
24 3 -0.018629
24 4 0.021752
24 5 0.007707
24 6 0.046920
24 7 0.070011
24 8 0.094813
24 9 0.133145
24 10 0.132388
24 11 0.134840
24 12 0.088248
24 13 0.026105
24 14 -0.072941
24 15 -0.186285
24 16 -0.311646
24 17 -0.432309
24 18 -0.539212
24 19 -0.622823
24 20 -0.678922
24 21 -0.706865
24 22 -0.709610
24 23 -0.692558
24 24 -0.661982
24 25 -0.624342
24 26 -0.584853
24 27 -0.547758
24 28 -0.515314
24 29 -0.488959
24 30 -0.468396
24 31 -0.453363
24 32 -0.442375
24 33 -0.434838
24 34 -0.429159
24 35 -0.425161
24 36 -0.421524
24 37 -0.418627
24 38 -0.415380
24 39 -0.412597
24 40 -0.409263
24 41 -0.406473
24 42 -0.403160
24 43 -0.400588
24 44 -0.397589
24 45 -0.395532
24 46 -0.393137
24 47 -0.391843
24 48 -0.390274
24 49 -0.389901
24 50 -0.389287
24 51 -0.389902
24 52 -0.390275
24 53 -0.391846
24 54 -0.393146
24 55 -0.395552
24 56 -0.397632
24 57 -0.400679
24 58 -0.403345
24 59 -0.406837
24 60 -0.409958
24 61 -0.413877
24 62 -0.417659
24 63 -0.422544
24 64 -0.428023
24 65 -0.435561
24 66 -0.445196
24 67 -0.458641
24 68 -0.476332
24 69 -0.499836
24 70 -0.529257
24 71 -0.564961
24 72 -0.605365
24 73 -0.648227
24 74 -0.689106
24 75 -0.722723
24 76 -0.742438
24 77 -0.742012
24 78 -0.715964
24 79 -0.661490
24 80 -0.578800
24 81 -0.472677
24 82 -0.350782
24 83 -0.225752
24 84 -0.107141
24 85 -0.011517
24 86 0.063085
24 87 0.097244
24 88 0.118491
24 89 0.097623
24 90 0.087153
24 91 0.050167
24 92 0.029628
24 93 0.018234
24 94 -0.008141
24 95 0.012993
24 96 -0.016959
24 97 0.011069
24 98 -0.024096
24 99 0.000000

25 0 0.000000
25 1 -0.025623
25 2 0.009871
25 3 -0.013771
25 4 0.023416
25 5 0.008494
25 6 0.045436
25 7 0.067021
25 8 0.094658
25 9 0.137118
25 10 0.145631
25 11 0.160021
25 12 0.127337
25 13 0.079679
25 14 -0.007017
25 15 -0.110922
25 16 -0.231353
25 17 -0.351307
25 18 -0.461523
25 19 -0.551222
25 20 -0.615115
25 21 -0.651119
25 22 -0.661366
25 23 -0.650344
25 24 -0.624342
25 25 -0.589571
25 26 -0.552004
25 27 -0.515858
25 28 -0.484422
25 29 -0.458837
25 30 -0.439827
25 31 -0.426373
25 32 -0.418020
25 33 -0.412987
25 34 -0.410857
25 35 -0.409914
25 36 -0.410285
25 37 -0.410518
25 38 -0.411309
25 39 -0.411370
25 40 -0.411813
25 41 -0.411361
25 42 -0.411392
25 43 -0.410541
25 44 -0.410356
25 45 -0.409352
25 46 -0.409188
25 47 -0.408264
25 48 -0.408308
25 49 -0.407629
25 50 -0.407984
25 51 -0.407630
25 52 -0.408310
25 53 -0.408269
25 54 -0.409200
25 55 -0.409377
25 56 -0.410412
25 57 -0.410656
25 58 -0.411625
25 59 -0.411815
25 60 -0.412667
25 61 -0.412924
25 62 -0.414042
25 63 -0.415158
25 64 -0.417888
25 65 -0.421929
25 66 -0.429149
25 67 -0.439781
25 68 -0.455726
25 69 -0.477240
25 70 -0.505427
25 71 -0.539390
25 72 -0.578068
25 73 -0.618013
25 74 -0.655016
25 75 -0.682902
25 76 -0.695425
25 77 -0.686201
25 78 -0.650782
25 79 -0.587177
25 80 -0.497158
25 81 -0.386699
25 82 -0.264589
25 83 -0.143982
25 84 -0.034031
25 85 0.049307
25 86 0.110087
25 87 0.130053
25 88 0.139058
25 89 0.109069
25 90 0.092286
25 91 0.053642
25 92 0.032062
25 93 0.022199
25 94 -0.002603
25 95 0.018318
25 96 -0.010698
25 97 0.016692
25 98 -0.019779
25 99 0.000000

26 0 0.000000
26 1 -0.022979
26 2 0.014121
26 3 -0.010013
26 4 0.024362
26 5 0.008295
26 6 0.042477
26 7 0.061810
26 8 0.090708
26 9 0.135492
26 10 0.151247
26 11 0.175607
26 12 0.155377
26 13 0.121339
26 14 0.046993
26 15 -0.046765
26 16 -0.160887
26 17 -0.278463
26 18 -0.390117
26 19 -0.484231
26 20 -0.554279
26 21 -0.597097
26 22 -0.613525
26 23 -0.607575
26 24 -0.584853
26 25 -0.552004
26 26 -0.514816
26 27 -0.478529
26 28 -0.446219
26 29 -0.420219
26 30 -0.400638
26 31 -0.387676
26 32 -0.379762
26 33 -0.376434
26 34 -0.375700
26 35 -0.377404
26 36 -0.379713
26 37 -0.383090
26 38 -0.385930
26 39 -0.389252
26 40 -0.391540
26 41 -0.394205
26 42 -0.395682
26 43 -0.397639
26 44 -0.398392
26 45 -0.399779
26 46 -0.399989
26 47 -0.400970
26 48 -0.400801
26 49 -0.401491
26 50 -0.401046
