0 0 0.000000
0 1 0.000000
0 2 0.000000
0 3 0.000000
0 4 0.000000
0 5 0.000000
0 6 0.000000
0 7 0.000000
0 8 0.000000
0 9 0.000000
0 10 0.000000
0 11 0.000000
0 12 0.000000
0 13 0.000000
0 14 0.000000
0 15 0.000000
0 16 0.000000
0 17 0.000000
0 18 0.000000
0 19 0.000000
0 20 0.000000
0 21 0.000000
0 22 0.000000
0 23 0.000000
0 24 0.000000
0 25 0.000000
0 26 0.000000
0 27 0.000000
0 28 0.000000
0 29 0.000000
0 30 0.000000
0 31 0.000000
0 32 0.000000
0 33 0.000000
0 34 0.000000
0 35 0.000000
0 36 0.000000
0 37 0.000000
0 38 0.000000
0 39 0.000000
0 40 0.000000
0 41 0.000000
0 42 0.000000
0 43 0.000000
0 44 0.000000
0 45 0.000000
0 46 0.000000
0 47 0.000000
0 48 0.000000
0 49 0.000000
0 50 0.000000
0 51 0.000000
0 52 0.000000
0 53 0.000000
0 54 0.000000
0 55 0.000000
0 56 0.000000
0 57 0.000000
0 58 0.000000
0 59 0.000000
0 60 0.000000
0 61 0.000000
0 62 0.000000
0 63 0.000000
0 64 0.000000
0 65 0.000000
0 66 0.000000
0 67 0.000000
0 68 0.000000
0 69 0.000000
0 70 0.000000
0 71 0.000000
0 72 0.000000
0 73 0.000000
0 74 0.000000
0 75 0.000000
0 76 0.000000
0 77 0.000000
0 78 0.000000
0 79 0.000000
0 80 0.000000
0 81 0.000000
0 82 0.000000
0 83 0.000000
0 84 0.000000
0 85 0.000000
0 86 0.000000
0 87 0.000000
0 88 0.000000
0 89 0.000000
0 90 0.000000
0 91 0.000000
0 92 0.000000
0 93 0.000000
0 94 0.000000
0 95 0.000000
0 96 0.000000
0 97 0.000000
0 98 0.000000
0 99 0.000000

1 0 0.000000
1 1 0.002082
1 2 0.000582
1 3 0.001462
1 4 0.001964
1 5 0.001299
1 6 0.003083
1 7 0.001661
1 8 0.003443
1 9 0.002341
1 10 0.003208
1 11 0.003036
1 12 0.002887
1 13 0.003620
1 14 0.003177
1 15 0.004796
1 16 0.005213
1 17 0.007803
1 18 0.009333
1 19 0.011722
1 20 0.012240
1 21 0.011495
1 22 0.008093
1 23 0.003051
1 24 -0.002634
1 25 -0.006327
1 26 -0.005220
1 27 0.003549
1 28 0.021684
1 29 0.049180
1 30 0.083845
1 31 0.121495
1 32 0.156583
1 33 0.183264
1 34 0.196526
1 35 0.193213
1 36 0.172594
1 37 0.136471
1 38 0.088734
1 39 0.034588
1 40 -0.020434
1 41 -0.071363
1 42 -0.114533
1 43 -0.147922
1 44 -0.171230
1 45 -0.185567
1 46 -0.193012
1 47 -0.195992
1 48 -0.196746
1 49 -0.196810
1 50 -0.196746
1 51 -0.195993
1 52 -0.193015
1 53 -0.185572
1 54 -0.171238
1 55 -0.147933
1 56 -0.114547
1 57 -0.071382
1 58 -0.020455
1 59 0.034565
1 60 0.088711
1 61 0.136452
1 62 0.172578
1 63 0.193201
1 64 0.196518
1 65 0.183256
1 66 0.156574
1 67 0.121482
1 68 0.083829
1 69 0.049160
1 70 0.021666
1 71 0.003526
1 72 -0.005224
1 73 -0.006355
1 74 -0.002605
1 75 0.002988
1 76 0.008191
1 77 0.011332
1 78 0.012479
1 79 0.011364
1 80 0.009808
1 81 0.007169
1 82 0.005957
1 83 0.003928
1 84 0.004024
1 85 0.002812
1 86 0.003421
1 87 0.002806
1 88 0.002936
1 89 0.003098
1 90 0.002222
1 91 0.003229
1 92 0.001508
1 93 0.002815
1 94 0.001166
1 95 0.001791
1 96 0.001393
1 97 0.000543
1 98 0.001893
1 99 0.000000

2 0 0.000000
2 1 0.000582
2 2 -0.001551
2 3 -0.000010
2 4 -0.001699
2 5 -0.000875
2 6 -0.001440
2 7 -0.001895
2 8 -0.001550
2 9 -0.002966
2 10 -0.002510
2 11 -0.004184
2 12 -0.004391
2 13 -0.005867
2 14 -0.006750
2 15 -0.007450
2 16 -0.007742
2 17 -0.006569
2 18 -0.004936
2 19 -0.002244
2 20 -0.000681
2 21 -0.001041
2 22 -0.005660
2 23 -0.015064
2 24 -0.029195
2 25 -0.045648
2 26 -0.060590
2 27 -0.068911
2 28 -0.065681
2 29 -0.047353
2 30 -0.013011
2 31 0.035037
2 32 0.091403
2 33 0.148509
2 34 0.198049
2 35 0.232570
2 36 0.246902
2 37 0.238975
2 38 0.210035
2 39 0.164112
2 40 0.107101
2 41 0.045518
2 42 -0.014566
2 43 -0.068447
2 44 -0.113173
2 45 -0.147635
2 46 -0.172168
2 47 -0.188050
2 48 -0.196775
2 49 -0.199544
2 50 -0.196777
2 51 -0.188054
2 52 -0.172175
2 53 -0.147645
2 54 -0.113188
2 55 -0.068468
2 56 -0.014592
2 57 0.045487
2 58 0.107067
2 59 0.164077
2 60 0.210001
2 61 0.238944
2 62 0.246875
2 63 0.232545
2 64 0.198023
2 65 0.148477
2 66 0.091363
2 67 0.034986
2 68 -0.013069
2 69 -0.047420
2 70 -0.065746
2 71 -0.068983
2 72 -0.060644
2 73 -0.045727
2 74 -0.029226
2 75 -0.015180
2 76 -0.005649
2 77 -0.001236
2 78 -0.000597
2 79 -0.002551
2 80 -0.004771
2 81 -0.006957
2 82 -0.007591
2 83 -0.007771
2 84 -0.006855
2 85 -0.005868
2 86 -0.005015
2 87 -0.003690
2 88 -0.003649
2 89 -0.002187
2 90 -0.002726
2 91 -0.001503
2 92 -0.001868
2 93 -0.001477
2 94 -0.000876
2 95 -0.001583
2 96 0.000105
2 97 -0.001293
2 98 0.000547
2 99 0.000000

3 0 0.000000
3 1 0.001462
3 2 -0.000010
3 3 0.001021
3 4 0.000856
3 5 0.000606
3 6 0.001658
3 7 0.000544
3 8 0.001939
3 9 0.000746
3 10 0.001521
3 11 0.000818
3 12 0.000503
3 13 0.000353
3 14 -0.000671
3 15 -0.000073
3 16 -0.000321
3 17 0.001979
3 18 0.004001
3 19 0.007849
3 20 0.010326
3 21 0.011372
3 22 0.008074
3 23 0.000106
3 24 -0.012801
3 25 -0.028158
3 26 -0.042120
3 27 -0.049301
3 28 -0.044493
3 29 -0.023866
3 30 0.013550
3 31 0.065233
3 32 0.125194
3 33 0.185003
3 34 0.235331
3 35 0.267831
3 36 0.276695
3 37 0.259736
3 38 0.218550
3 39 0.158050
3 40 0.085263
3 41 0.008010
3 42 -0.066526
3 43 -0.132748
3 44 -0.187284
3 45 -0.228924
3 46 -0.258311
3 47 -0.277129
3 48 -0.287395
3 49 -0.290617
3 50 -0.287396
3 51 -0.277131
3 52 -0.258316
3 53 -0.228932
3 54 -0.187297
3 55 -0.132765
3 56 -0.066549
3 57 0.007984
3 58 0.085233
3 59 0.158022
3 60 0.218524
3 61 0.259716
3 62 0.276681
3 63 0.267821
3 64 0.235320
3 65 0.184990
3 66 0.125172
3 67 0.065203
3 68 0.013513
3 69 -0.023910
3 70 -0.044532
3 71 -0.049347
3 72 -0.042140
3 73 -0.028214
3 74 -0.012781
3 75 -0.000001
3 76 0.008175
3 77 0.011144
3 78 0.010584
3 79 0.007417
3 80 0.004493
3 81 0.001306
3 82 0.000387
3 83 -0.000875
3 84 0.000021
3 85 -0.000255
3 86 0.000760
3 87 0.000832
3 88 0.001001
3 89 0.001563
3 90 0.000722
3 91 0.001757
3 92 0.000388
3 93 0.001409
3 94 0.000480
3 95 0.000775
3 96 0.001046
3 97 0.000132
3 98 0.001416
3 99 0.000000

4 0 0.000000
4 1 0.001964
4 2 -0.001699
4 3 0.000856
4 4 -0.002010
4 5 -0.001076
4 6 -0.001803
4 7 -0.002994
4 8 -0.002048
4 9 -0.004520
4 10 -0.003431
4 11 -0.005954
4 12 -0.005910
4 13 -0.007705
4 14 -0.008610
4 15 -0.009100
4 16 -0.009444
4 17 -0.007825
4 18 -0.006276
4 19 -0.003403
4 20 -0.002387
4 21 -0.003578
4 22 -0.009993
4 23 -0.021854
4 24 -0.039097
4 25 -0.058522
4 26 -0.075290
4 27 -0.082806
4 28 -0.074661
4 29 -0.046118
4 30 0.004178
4 31 0.073294
4 32 0.154062
4 33 0.236106
4 34 0.307761
4 35 0.358212
4 36 0.379589
4 37 0.368243
4 38 0.325282
4 39 0.255972
4 40 0.168584
4 41 0.072634
4 42 -0.022664
4 43 -0.109857
4 44 -0.183896
4 45 -0.242441
4 46 -0.285321
4 47 -0.313905
4 48 -0.330010
4 49 -0.335200
4 50 -0.330013
4 51 -0.313911
4 52 -0.285333
4 53 -0.242459
4 54 -0.183920
4 55 -0.109889
4 56 -0.022704
4 57 0.072587
4 58 0.168534
4 59 0.255920
4 60 0.325234
4 61 0.368197
4 62 0.379549
4 63 0.358172
4 64 0.307718
4 65 0.236054
4 66 0.153998
4 67 0.073214
4 68 0.004087
4 69 -0.046224
4 70 -0.074766
4 71 -0.082929
4 72 -0.075388
4 73 -0.058673
4 74 -0.039168
4 75 -0.022077
4 76 -0.009999
4 77 -0.003945
4 78 -0.002267
4 79 -0.003970
4 80 -0.006004
4 81 -0.008548
4 82 -0.009149
4 83 -0.009719
4 84 -0.008670
4 85 -0.007761
4 86 -0.006804
4 87 -0.005085
4 88 -0.005268
4 89 -0.002985
4 90 -0.004139
4 91 -0.001937
4 92 -0.002874
4 93 -0.001839
4 94 -0.001106
4 95 -0.001974
4 96 0.000795
4 97 -0.001536
4 98 0.001832
4 99 0.000000

5 0 0.000000
5 1 0.001299
5 2 -0.000875
5 3 0.000606
5 4 -0.001076
5 5 -0.000708
5 6 -0.000930
5 7 -0.001969
5 8 -0.001117
5 9 -0.002958
5 10 -0.002293
5 11 -0.004040
5 12 -0.004428
5 13 -0.005448
5 14 -0.006553
5 15 -0.006317
5 16 -0.006679
5 17 -0.004618
5 18 -0.003287
5 19 -0.000603
5 20 -0.000354
5 21 -0.002470
5 22 -0.010229
5 23 -0.023622
5 24 -0.042705
5 25 -0.064159
5 26 -0.083125
5 27 -0.092764
5 28 -0.086372
5 29 -0.058727
5 30 -0.008038
5 31 0.063153
5 32 0.147735
5 33 0.235099
5 34 0.312882
5 35 0.369357
5 36 0.395511
5 37 0.386744
5 38 0.343383
5 39 0.270459
5 40 0.176349
5 41 0.071227
5 42 -0.034891
5 43 -0.133473
5 44 -0.218593
5 45 -0.287016
5 46 -0.338065
5 47 -0.372635
5 48 -0.392431
5 49 -0.398828
5 50 -0.392433
5 51 -0.372640
5 52 -0.338074
5 53 -0.287031
5 54 -0.218614
5 55 -0.133501
5 56 -0.034926
5 57 0.071187
5 58 0.176306
5 59 0.270418
5 60 0.343346
5 61 0.386714
5 62 0.395486
5 63 0.369335
5 64 0.312858
5 65 0.235070
5 66 0.147694
5 67 0.063100
5 68 -0.008102
5 69 -0.058801
5 70 -0.086443
5 71 -0.092852
5 72 -0.083180
5 73 -0.064272
5 74 -0.042718
5 75 -0.023812
5 76 -0.010149
5 77 -0.002823
5 78 -0.000100
5 79 -0.001201
5 80 -0.002801
5 81 -0.005452
5 82 -0.006044
5 83 -0.007165
5 84 -0.006104
5 85 -0.005870
5 86 -0.004641
5 87 -0.003638
5 88 -0.003366
5 89 -0.001835
5 90 -0.002579
5 91 -0.000978
5 92 -0.001832
5 93 -0.000938
5 94 -0.000730
5 95 -0.001086
5 96 0.000512
5 97 -0.000823
5 98 0.001212
5 99 0.000000

6 0 0.000000
6 1 0.003083
6 2 -0.001440
6 3 0.001658
6 4 -0.001803
6 5 -0.000930
6 6 -0.001631
6 7 -0.003440
6 8 -0.002033
6 9 -0.005278
6 10 -0.003724
6 11 -0.006721
6 12 -0.006310
6 13 -0.007932
6 14 -0.008388
6 15 -0.008194
6 16 -0.008288
6 17 -0.006489
6 18 -0.005858
6 19 -0.004405
6 20 -0.005828
6 21 -0.009575
6 22 -0.018489
6 23 -0.031905
6 24 -0.049483
6 25 -0.067647
6 26 -0.081616
6 27 -0.084861
6 28 -0.071105
6 29 -0.035614
6 30 0.023053
6 31 0.102031
6 32 0.194028
6 33 0.288133
6 34 0.371688
6 35 0.432420
6 36 0.460814
6 37 0.451637
6 38 0.404889
6 39 0.325377
6 40 0.221774
6 41 0.104706
6 42 -0.014892
6 43 -0.127619
6 44 -0.226436
6 45 -0.307310
6 46 -0.368698
6 47 -0.411061
6 48 -0.435617
6 49 -0.443664
6 50 -0.435621
6 51 -0.411070
6 52 -0.368713
6 53 -0.307334
6 54 -0.226468
6 55 -0.127660
6 56 -0.014941
6 57 0.104649
6 58 0.221714
6 59 0.325315
6 60 0.404831
6 61 0.451581
6 62 0.460762
6 63 0.432366
6 64 0.371630
6 65 0.288065
6 66 0.193948
6 67 0.101933
6 68 0.022945
6 69 -0.035741
6 70 -0.071230
6 71 -0.085014
6 72 -0.081735
6 73 -0.067840
6 74 -0.049563
6 75 -0.032192
6 76 -0.018474
6 77 -0.010044
6 78 -0.005638
6 79 -0.005136
6 80 -0.005458
6 81 -0.007432
6 82 -0.007838
6 83 -0.009020
6 84 -0.008366
6 85 -0.008040
6 86 -0.007354
6 87 -0.005620
6 88 -0.006045
6 89 -0.003236
6 90 -0.004801
6 91 -0.001840
6 92 -0.003189
6 93 -0.001589
6 94 -0.000918
6 95 -0.001806
6 96 0.001441
6 97 -0.001438
6 98 0.002851
6 99 0.000000

7 0 0.000000
7 1 0.001661
7 2 -0.001895
7 3 0.000544
7 4 -0.002994
7 5 -0.001969
7 6 -0.003440
7 7 -0.004836
7 8 -0.004374
7 9 -0.007297
7 10 -0.006528
7 11 -0.009305
7 12 -0.009354
7 13 -0.010706
7 14 -0.011355
7 15 -0.011008
7 16 -0.011621
7 17 -0.010613
7 18 -0.011815
7 19 -0.012835
7 20 -0.017529
7 21 -0.024597
7 22 -0.036453
7 23 -0.051611
7 24 -0.069386
7 25 -0.085980
7 26 -0.096940
7 27 -0.096235
7 28 -0.078322
7 29 -0.038992
7 30 0.022830
7 31 0.104354
7 32 0.198507
7 33 0.294826
7 34 0.380855
7 35 0.444424
7 36 0.475624
7 37 0.468742
7 38 0.422964
7 39 0.342556
7 40 0.235650
7 41 0.112914
7 42 -0.014556
7 43 -0.136605
7 44 -0.245501
7 45 -0.336140
7 46 -0.406234
7 47 -0.455329
7 48 -0.484223
7 49 -0.493702
7 50 -0.484228
7 51 -0.455339
7 52 -0.406252
7 53 -0.336165
7 54 -0.245537
7 55 -0.136649
7 56 -0.014610
7 57 0.112855
7 58 0.235586
7 59 0.342493
7 60 0.422901
7 61 0.468683
7 62 0.475565
7 63 0.444366
7 64 0.380790
7 65 0.294754
7 66 0.198422
7 67 0.104256
7 68 0.022720
7 69 -0.039117
7 70 -0.078446
7 71 -0.096388
7 72 -0.097055
7 73 -0.086176
7 74 -0.069452
7 75 -0.051904
7 76 -0.036401
7 77 -0.025083
7 78 -0.017270
7 79 -0.013608
7 80 -0.011304
7 81 -0.011642
7 82 -0.011011
7 83 -0.011977
7 84 -0.011117
7 85 -0.011032
7 86 -0.010103
7 87 -0.008554
7 88 -0.008431
7 89 -0.005803
7 90 -0.006564
7 91 -0.003923
7 92 -0.004355
7 93 -0.003163
7 94 -0.001795
7 95 -0.002835
7 96 0.000409
7 97 -0.001854
7 98 0.001522
7 99 0.000000

8 0 0.000000
8 1 0.003443
8 2 -0.001550
8 3 0.001939
8 4 -0.002048
8 5 -0.001117
8 6 -0.002033
8 7 -0.004374
8 8 -0.002856
8 9 -0.006819
8 10 -0.004935
8 11 -0.008216
8 12 -0.007227
8 13 -0.008387
8 14 -0.008180
8 15 -0.007455
8 16 -0.007930
8 17 -0.007405
8 18 -0.009877
8 19 -0.012698
8 20 -0.019485
8 21 -0.028086
8 22 -0.040219
8 23 -0.053582
8 24 -0.067167
8 25 -0.077310
8 26 -0.080286
8 27 -0.071237
8 28 -0.045874
8 29 -0.001129
8 30 0.063523
8 31 0.145237
8 32 0.237596
8 33 0.330982
8 34 0.414006
8 35 0.475120
8 36 0.504813
8 37 0.497043
8 38 0.450538
8 39 0.368648
8 40 0.258930
8 41 0.131428
8 42 -0.002684
8 43 -0.133107
8 44 -0.251275
8 45 -0.351390
8 46 -0.430025
8 47 -0.486031
8 48 -0.519297
8 49 -0.530354
8 50 -0.519303
8 51 -0.486044
8 52 -0.430045
8 53 -0.351420
8 54 -0.251313
8 55 -0.133156
8 56 -0.002739
8 57 0.131364
8 58 0.258864
8 59 0.368579
8 60 0.450472
8 61 0.496975
8 62 0.504747
8 63 0.475049
8 64 0.413930
8 65 0.330895
8 66 0.237502
8 67 0.145126
8 68 0.063405
8 69 -0.001268
8 70 -0.046007
8 71 -0.071409
8 72 -0.080414
8 73 -0.077534
8 74 -0.067241
8 75 -0.053909
8 76 -0.040162
8 77 -0.028619
8 78 -0.019203
8 79 -0.013536
8 80 -0.009336
8 81 -0.008499
8 82 -0.007330
8 83 -0.008429
8 84 -0.008098
8 85 -0.008528
8 86 -0.008434
8 87 -0.006941
8 88 -0.007710
8 89 -0.004455
8 90 -0.006214
8 91 -0.002505
8 92 -0.003908
8 93 -0.001800
8 94 -0.000938
8 95 -0.001905
8 96 0.001763
8 97 -0.001520
8 98 0.003218
8 99 0.000000

9 0 0.000000
9 1 0.002341
9 2 -0.002966
9 3 0.000746
9 4 -0.004520
9 5 -0.002958
9 6 -0.005278
9 7 -0.007297
9 8 -0.006819
9 9 -0.010796
9 10 -0.009461
9 11 -0.012791
9 12 -0.012010
9 13 -0.013186
9 14 -0.013322
9 15 -0.013132
9 16 -0.014950
9 17 -0.016389
9 18 -0.021827
9 19 -0.028038
9 20 -0.038348
9 21 -0.049536
9 22 -0.062583
9 23 -0.074267
9 24 -0.083377
9 25 -0.086433
9 26 -0.080733
9 27 -0.062736
9 28 -0.029770
9 29 0.020039
9 30 0.086449
9 31 0.166793
9 32 0.255352
9 33 0.343884
9 34 0.422250
9 35 0.480127
9 36 0.508410
9 37 0.501111
9 38 0.456124
9 39 0.375961
9 40 0.266919
9 41 0.138387
9 42 0.000895
9 43 -0.134984
9 44 -0.260379
9 45 -0.368389
9 46 -0.454776
9 47 -0.517107
9 48 -0.554652
9 49 -0.567118
9 50 -0.554661
9 51 -0.517124
9 52 -0.454804
9 53 -0.368427
9 54 -0.260430
9 55 -0.135045
9 56 0.000823
9 57 0.138310
9 58 0.266834
9 59 0.375875
9 60 0.456034
9 61 0.501021
9 62 0.508313
9 63 0.480028
9 64 0.422139
9 65 0.343766
9 66 0.255221
9 67 0.166651
9 68 0.086297
9 69 0.019868
9 70 -0.029941
9 71 -0.062949
9 72 -0.080904
9 73 -0.086709
9 74 -0.083494
9 75 -0.074661
9 76 -0.062560
9 77 -0.050154
9 78 -0.038086
9 79 -0.028993
9 80 -0.021294
9 81 -0.017640
9 82 -0.014353
9 83 -0.014296
9 84 -0.013261
9 85 -0.013535
9 86 -0.013263
9 87 -0.011763
9 88 -0.012237
9 89 -0.008852
9 90 -0.009961
9 91 -0.006207
9 92 -0.006549
9 93 -0.004764
9 94 -0.002552
9 95 -0.004123
9 96 0.000711
9 97 -0.002767
9 98 0.002190
9 99 0.000000

10 0 0.000000
10 1 0.003208
10 2 -0.002510
10 3 0.001521
10 4 -0.003431
10 5 -0.002293
10 6 -0.003724
10 7 -0.006528
10 8 -0.004935
10 9 -0.009461
10 10 -0.006995
10 11 -0.010321
10 12 -0.008598
10 13 -0.009505
10 14 -0.009343
10 15 -0.009472
10 16 -0.012294
10 17 -0.015408
10 18 -0.023230
10 19 -0.031930
10 20 -0.044355
10 21 -0.056286
10 22 -0.067985
10 23 -0.075588
10 24 -0.077855
10 25 -0.071892
10 26 -0.056192
10 27 -0.028898
10 28 0.011035
10 29 0.064073
10 30 0.129463
10 31 0.204711
10 32 0.285334
10 33 0.364620
10 34 0.434376
10 35 0.485612
10 36 0.510253
10 37 0.502183
10 38 0.458829
10 39 0.381305
10 40 0.274786
10 41 0.147226
10 42 0.008639
10 43 -0.130874
10 44 -0.261806
10 45 -0.376728
10 46 -0.470024
10 47 -0.538434
10 48 -0.579941
10 49 -0.593909
10 50 -0.579949
10 51 -0.538451
10 52 -0.470049
10 53 -0.376764
10 54 -0.261851
10 55 -0.130930
10 56 0.008578
10 57 0.147157
10 58 0.274717
10 59 0.381230
10 60 0.458756
10 61 0.502104
10 62 0.510173
10 63 0.485523
10 64 0.434284
10 65 0.364516
10 66 0.285228
10 67 0.204592
10 68 0.129344
10 69 0.063930
10 70 0.010900
10 71 -0.029083
10 72 -0.056325
10 73 -0.072146
10 74 -0.077929
10 75 -0.075967
10 76 -0.067908
10 77 -0.056903
10 78 -0.044023
10 79 -0.032901
10 80 -0.022610
10 81 -0.016689
10 82 -0.011619
10 83 -0.010639
10 84 -0.009280
10 85 -0.009727
10 86 -0.010040
10 87 -0.008889
10 88 -0.010259
10 89 -0.006758
10 90 -0.008851
10 91 -0.004453
10 92 -0.005803
10 93 -0.003219
10 94 -0.001835
10 95 -0.002991
10 96 0.001540
10 97 -0.002246
10 98 0.003054
10 99 0.000000

11 0 0.000000
11 1 0.003036
11 2 -0.004184
11 3 0.000818
11 4 -0.005954
11 5 -0.004040
11 6 -0.006721
11 7 -0.009305
11 8 -0.008216
11 9 -0.012791
11 10 -0.010321
11 11 -0.013713
11 12 -0.012045
11 13 -0.013339
11 14 -0.014055
11 15 -0.015597
11 16 -0.020643
11 17 -0.026397
11 18 -0.037241
11 19 -0.048496
11 20 -0.062518
11 21 -0.074057
11 22 -0.082884
11 23 -0.084633
11 24 -0.078405
11 25 -0.062005
11 26 -0.035442
11 27 0.001522
11 28 0.048105
11 29 0.103614
11 30 0.166653
11 31 0.235286
11 32 0.306162
11 33 0.374601
11 34 0.434240
11 35 0.477989
11 36 0.498579
11 37 0.490285
11 38 0.449603
11 39 0.376632
11 40 0.274719
11 41 0.150685
11 42 0.013216
11 43 -0.127669
11 44 -0.262577
11 45 -0.382962
11 46 -0.482468
11 47 -0.556257
11 48 -0.601633
11 49 -0.616847
11 50 -0.601645
11 51 -0.556281
11 52 -0.482505
11 53 -0.383010
11 54 -0.262639
11 55 -0.127740
11 56 0.013132
11 57 0.150597
11 58 0.274621
11 59 0.376532
11 60 0.449493
11 61 0.490172
11 62 0.498453
11 63 0.477858
11 64 0.434094
11 65 0.374451
11 66 0.305999
11 67 0.235117
11 68 0.166473
11 69 0.103415
11 70 0.047905
11 71 0.001268
11 72 -0.035651
11 73 -0.062348
11 74 -0.078565
11 75 -0.085125
11 76 -0.082896
11 77 -0.074816
11 78 -0.062276
11 79 -0.049646
11 80 -0.036711
11 81 -0.027897
11 82 -0.020066
11 83 -0.017007
11 84 -0.014128
11 85 -0.013783
11 86 -0.013700
11 87 -0.012435
11 88 -0.013844
11 89 -0.010264
11 90 -0.012246
11 91 -0.007726
11 92 -0.008465
11 93 -0.006069
11 94 -0.003414
11 95 -0.005313
11 96 0.000953
11 97 -0.003731
11 98 0.002880
11 99 0.000000

12 0 0.000000
12 1 0.002887
12 2 -0.004391
12 3 0.000503
12 4 -0.005910
12 5 -0.004428
12 6 -0.006310
12 7 -0.009354
12 8 -0.007227
12 9 -0.012010
12 10 -0.008598
12 11 -0.012045
12 12 -0.010114
12 13 -0.011962
12 14 -0.013709
12 15 -0.016966
12 16 -0.024369
12 17 -0.032655
12 18 -0.045924
12 19 -0.058664
12 20 -0.072700
12 21 -0.082032
12 22 -0.086120
12 23 -0.080547
12 24 -0.064911
12 25 -0.038063
12 26 -0.001403
12 27 0.043573
12 28 0.094655
12 29 0.149975
12 30 0.207991
12 31 0.267212
12 32 0.325910
12 33 0.381183
12 34 0.429011
12 35 0.463858
12 36 0.479824
12 37 0.471101
12 38 0.433818
12 39 0.366393
12 40 0.270848
12 41 0.152024
12 42 0.017786
12 43 -0.122842
12 44 -0.259956
12 45 -0.384757
12 46 -0.489354
12 47 -0.568136
12 48 -0.616832
12 49 -0.633402
12 50 -0.616842
12 51 -0.568158
12 52 -0.489385
12 53 -0.384801
12 54 -0.260007
12 55 -0.122904
12 56 0.017721
12 57 0.151950
12 58 0.270774
12 59 0.366311
12 60 0.433736
12 61 0.471007
12 62 0.479727
12 63 0.463747
12 64 0.428897
12 65 0.381056
12 66 0.325784
12 67 0.267073
12 68 0.207855
12 69 0.149811
12 70 0.094504
12 71 0.043355
12 72 -0.001561
12 73 -0.038374
12 74 -0.065019
12 75 -0.081019
12 76 -0.086074
12 77 -0.082784
12 78 -0.072385
12 79 -0.059824
12 80 -0.045305
12 81 -0.034179
12 82 -0.023692
12 83 -0.018388
12 84 -0.013713
12 85 -0.012324
12 86 -0.011823
12 87 -0.010457
12 88 -0.012398
12 89 -0.008861
12 90 -0.011749
12 91 -0.006954
12 92 -0.008610
12 93 -0.005681
12 94 -0.003741
12 95 -0.005179
12 96 0.000748
12 97 -0.003808
12 98 0.002742
12 99 0.000000

13 0 0.000000
13 1 0.003620
13 2 -0.005867
13 3 0.000353
13 4 -0.007705
13 5 -0.005448
13 6 -0.007932
13 7 -0.010706
13 8 -0.008387
13 9 -0.013186
13 10 -0.009505
13 11 -0.013339
13 12 -0.011962
13 13 -0.015077
13 14 -0.018717
13 15 -0.024298
13 16 -0.034375
13 17 -0.044930
13 18 -0.059746
13 19 -0.072400
13 20 -0.084413
13 21 -0.089215
13 22 -0.086428
13 23 -0.071808
13 24 -0.045886
13 25 -0.008499
13 26 0.037393
13 27 0.088994
13 28 0.142676
13 29 0.195984
13 30 0.247125
13 31 0.295573
13 32 0.340847
13 33 0.382278
13 34 0.417650
13 35 0.443504
13 36 0.454722
13 37 0.446086
13 38 0.412698
13 39 0.352033
13 40 0.263975
13 41 0.152118
13 42 0.022528
13 43 -0.116000
13 44 -0.254101
13 45 -0.381842
13 46 -0.490836
13 47 -0.573691
13 48 -0.625585
13 49 -0.643122
13 50 -0.625600
13 51 -0.573719
13 52 -0.490879
13 53 -0.381896
13 54 -0.254171
13 55 -0.116076
13 56 0.022438
13 57 0.152026
13 58 0.263871
13 59 0.351927
13 60 0.412576
13 61 0.445960
13 62 0.454576
13 63 0.443351
13 64 0.417478
13 65 0.382102
13 66 0.340657
13 67 0.295377
13 68 0.246919
13 69 0.195755
13 70 0.142446
13 71 0.088697
13 72 0.037146
13 73 -0.008910
13 74 -0.046094
13 75 -0.072405
13 76 -0.086489
13 77 -0.090121
13 78 -0.084207
13 79 -0.073744
13 80 -0.059230
13 81 -0.046666
13 82 -0.033794
13 83 -0.025943
13 84 -0.018834
13 85 -0.015620
13 86 -0.013870
13 87 -0.011802
13 88 -0.013630
13 89 -0.009975
13 90 -0.013216
13 91 -0.008429
13 92 -0.010174
13 93 -0.007454
13 94 -0.004809
13 95 -0.006961
13 96 0.000619
13 97 -0.005185
13 98 0.003356
13 99 0.000000

14 0 0.000000
14 1 0.003177
14 2 -0.006750
14 3 -0.000671
14 4 -0.008610
14 5 -0.006553
14 6 -0.008388
14 7 -0.011355
14 8 -0.008180
14 9 -0.013322
14 10 -0.009343
14 11 -0.014055
14 12 -0.013709
14 13 -0.018717
14 14 -0.024746
14 15 -0.032915
14 16 -0.045461
14 17 -0.057562
14 18 -0.072580
14 19 -0.083393
14 20 -0.091346
14 21 -0.089781
14 22 -0.078703
14 23 -0.054535
14 24 -0.018723
14 25 0.027689
14 26 0.080633
14 27 0.136055
14 28 0.189634
14 29 0.238308
14 30 0.280696
14 31 0.316868
14 32 0.348073
14 33 0.375174
14 34 0.398220
14 35 0.415034
14 36 0.421939
14 37 0.413524
14 38 0.384746
14 39 0.331304
14 40 0.251916
14 41 0.147924
14 42 0.024577
14 43 -0.110742
14 44 -0.248184
14 45 -0.377952
14 46 -0.490033
14 47 -0.576540
14 48 -0.630864
14 49 -0.649538
14 50 -0.630877
14 51 -0.576567
14 52 -0.490070
14 53 -0.378004
14 54 -0.248242
14 55 -0.110813
14 56 0.024504
14 57 0.147840
14 58 0.251833
14 59 0.331207
14 60 0.384647
14 61 0.413406
14 62 0.421815
14 63 0.414888
14 64 0.398070
14 65 0.375004
14 66 0.347905
14 67 0.316680
14 68 0.280512
14 69 0.238086
14 70 0.189426
14 71 0.135764
14 72 0.080409
14 73 0.027276
14 74 -0.018908
14 75 -0.055146
14 76 -0.078740
14 77 -0.090715
14 78 -0.091104
14 79 -0.084775
14 80 -0.072006
14 81 -0.059343
14 82 -0.044796
14 83 -0.034596
14 84 -0.024775
14 85 -0.019225
14 86 -0.015616
14 87 -0.012291
14 88 -0.013679
14 89 -0.009613
14 90 -0.013430
14 91 -0.008473
14 92 -0.011080
14 93 -0.008143
14 94 -0.006074
14 95 -0.007959
14 96 -0.000444
14 97 -0.006071
14 98 0.002779
14 99 0.000000

15 0 0.000000
15 1 0.004796
15 2 -0.007450
15 3 -0.000073
15 4 -0.009100
15 5 -0.006317
15 6 -0.008194
15 7 -0.011008
15 8 -0.007455
15 9 -0.013132
15 10 -0.009472
15 11 -0.015597
15 12 -0.016966
15 13 -0.024298
15 14 -0.032915
15 15 -0.043321
15 16 -0.057432
15 17 -0.069500
15 18 -0.082650
15 19 -0.089188
15 20 -0.090728
15 21 -0.080764
15 22 -0.060209
15 23 -0.026205
15 24 0.018572
15 25 0.072258
15 26 0.129666
15 27 0.186249
15 28 0.237020
15 29 0.279124
15 30 0.311291
15 31 0.334782
15 32 0.351825
15 33 0.365277
15 34 0.376461
15 35 0.385093
15 36 0.387957
15 37 0.380390
15 38 0.356271
15 39 0.310709
15 40 0.240224
15 41 0.145164
15 42 0.028700
15 43 -0.101940
15 44 -0.237881
15 45 -0.368163
15 46 -0.482703
15 47 -0.571711
15 48 -0.628368
15 49 -0.647627
15 50 -0.628385
15 51 -0.571742
15 52 -0.482752
15 53 -0.368222
15 54 -0.237956
15 55 -0.102019
15 56 0.028605
15 57 0.145068
15 58 0.240112
15 59 0.310595
15 60 0.356134
15 61 0.380246
15 62 0.387785
15 63 0.384913
15 64 0.376255
15 65 0.365065
15 66 0.351592
15 67 0.334541
15 68 0.311034
15 69 0.278839
15 70 0.236733
15 71 0.185884
15 72 0.129358
15 73 0.071759
15 74 0.018298
15 75 -0.026921
15 76 -0.060335
15 77 -0.081820
15 78 -0.090565
15 79 -0.090704
15 80 -0.082132
15 81 -0.071421
15 82 -0.056790
15 83 -0.045138
15 84 -0.032947
15 85 -0.024893
15 86 -0.018940
15 87 -0.013770
15 88 -0.014070
15 89 -0.009170
15 90 -0.013122
15 91 -0.007982
15 92 -0.011104
15 93 -0.008413
15 94 -0.006269
15 95 -0.008830
15 96 -0.000149
15 97 -0.007017
15 98 0.004084
15 99 0.000000

16 0 0.000000
16 1 0.005213
16 2 -0.007742
16 3 -0.000321
16 4 -0.009444
16 5 -0.006679
16 6 -0.008288
16 7 -0.011621
16 8 -0.007930
16 9 -0.014950
16 10 -0.012294
16 11 -0.020643
16 12 -0.024369
16 13 -0.034375
16 14 -0.045461
16 15 -0.057432
16 16 -0.071798
16 17 -0.082060
16 18 -0.091192
16 19 -0.091376
16 20 -0.084679
16 21 -0.065286
16 22 -0.035065
16 23 0.007751
16 24 0.059597
16 25 0.117704
16 26 0.176520
16 27 0.231036
16 28 0.276511
16 29 0.310071
16 30 0.331306
16 31 0.341949
16 32 0.345739
16 33 0.346407
16 34 0.347130
16 35 0.348298
16 36 0.348074
16 37 0.341411
16 38 0.322420
16 39 0.284490
16 40 0.223465
16 41 0.137376
16 42 0.028873
16 43 -0.096573
16 44 -0.229514
16 45 -0.359635
16 46 -0.475169
16 47 -0.566318
16 48 -0.624322
16 49 -0.644450
16 50 -0.624338
16 51 -0.566352
16 52 -0.475216
16 53 -0.359701
16 54 -0.229585
16 55 -0.096661
16 56 0.028784
16 57 0.137270
16 58 0.223358
16 59 0.284361
16 60 0.322285
16 61 0.341246
16 62 0.347900
16 63 0.348092
16 64 0.346917
16 65 0.346165
16 66 0.345494
16 67 0.341672
16 68 0.331031
16 69 0.309745
16 70 0.276203
16 71 0.230626
16 72 0.176192
16 73 0.117157
16 74 0.059308
16 75 0.006983
16 76 -0.035197
16 77 -0.066395
16 78 -0.084504
16 79 -0.092941
16 80 -0.090632
16 81 -0.084025
16 82 -0.071074
16 83 -0.059288
16 84 -0.045386
16 85 -0.034975
16 86 -0.026310
16 87 -0.018686
16 88 -0.017131
16 89 -0.010638
16 90 -0.014180
16 91 -0.008254
16 92 -0.011851
16 93 -0.008910
16 94 -0.007153
16 95 -0.009693
16 96 -0.000883
16 97 -0.007750
16 98 0.004159
16 99 0.000000

17 0 0.000000
17 1 0.007803
17 2 -0.006569
17 3 0.001979
17 4 -0.007825
17 5 -0.004618
17 6 -0.006489
17 7 -0.010613
17 8 -0.007405
17 9 -0.016389
17 10 -0.015408
17 11 -0.026397
17 12 -0.032655
17 13 -0.044930
17 14 -0.057562
17 15 -0.069500
17 16 -0.082060
17 17 -0.088084
17 18 -0.090815
17 19 -0.082508
17 20 -0.066199
17 21 -0.036816
17 22 0.002422
17 23 0.052499
17 24 0.108806
17 25 0.168386
17 26 0.225299
17 27 0.275027
17 28 0.312880
17 29 0.336857
17 30 0.346754
17 31 0.345456
17 32 0.337059
17 33 0.326794
17 34 0.318281
17 35 0.313482
17 36 0.310551
17 37 0.305414
17 38 0.291096
17 39 0.260998
17 40 0.208860
17 41 0.132275
17 42 0.031655
17 43 -0.087412
17 44 -0.216928
17 45 -0.345332
17 46 -0.461390
17 47 -0.553313
17 48 -0.612672
17 49 -0.632927
17 50 -0.612693
17 51 -0.553351
17 52 -0.461449
17 53 -0.345401
17 54 -0.217018
17 55 -0.087506
17 56 0.031541
17 57 0.132160
17 58 0.208720
17 59 0.260854
17 60 0.290920
17 61 0.305229
17 62 0.310328
17 63 0.313249
17 64 0.318013
17 65 0.326518
17 66 0.336753
17 67 0.345139
17 68 0.346414
17 69 0.336486
17 70 0.312507
17 71 0.274572
17 72 0.224917
17 73 0.167796
17 74 0.108479
17 75 0.051693
17 76 0.002274
17 77 -0.037958
17 78 -0.066010
17 79 -0.084095
17 80 -0.090205
17 81 -0.090064
17 82 -0.081247
17 83 -0.071380
17 84 -0.057379
17 85 -0.045562
17 86 -0.034576
17 87 -0.024401
17 88 -0.020538
17 89 -0.011870
17 90 -0.014355
17 91 -0.007124
17 92 -0.010731
17 93 -0.007456
17 94 -0.005688
17 95 -0.008754
17 96 0.000722
17 97 -0.007219
17 98 0.006408
17 99 0.000000

18 0 0.000000
18 1 0.009333
18 2 -0.004936
18 3 0.004001
18 4 -0.006276
18 5 -0.003287
18 6 -0.005858
18 7 -0.011815
18 8 -0.009877
18 9 -0.021827
18 10 -0.023230
18 11 -0.037241
18 12 -0.045924
18 13 -0.059746
18 14 -0.072580
18 15 -0.082650
18 16 -0.091192
18 17 -0.090815
18 18 -0.085197
18 19 -0.067192
18 20 -0.040823
18 21 -0.002176
18 22 0.044501
18 23 0.099203
18 24 0.156971
18 25 0.214570
18 26 0.266621
18 27 0.308871
18 28 0.337661
18 29 0.351243
18 30 0.350455
18 31 0.338195
18 32 0.319664
18 33 0.300069
18 34 0.284390
18 35 0.274526
18 36 0.269990
18 37 0.266101
18 38 0.256654
18 39 0.233454
18 40 0.190305
18 41 0.122510
18 42 0.030489
18 43 -0.082260
18 44 -0.206944
18 45 -0.333276
18 46 -0.448252
18 47 -0.540761
18 48 -0.600271
18 49 -0.621116
18 50 -0.600293
18 51 -0.540808
18 52 -0.448315
18 53 -0.333363
18 54 -0.207041
18 55 -0.082380
18 56 0.030365
18 57 0.122360
18 58 0.190151
18 59 0.233267
18 60 0.256458
18 61 0.265864
18 62 0.269743
18 63 0.274237
18 64 0.284093
18 65 0.299733
18 66 0.319327
18 67 0.337816
18 68 0.350083
18 69 0.350812
18 70 0.337262
18 71 0.308364
18 72 0.266226
18 73 0.213943
18 74 0.156652
18 75 0.098372
18 76 0.044384
18 77 -0.003330
18 78 -0.040581
18 79 -0.068784
18 80 -0.084515
18 81 -0.092814
18 82 -0.090303
18 83 -0.084601
18 84 -0.072348
18 85 -0.060532
18 86 -0.047940
18 87 -0.035412
18 88 -0.028852
18 89 -0.017328
18 90 -0.017871
18 91 -0.008327
18 92 -0.011215
18 93 -0.006719
18 94 -0.004643
18 95 -0.007664
18 96 0.002120
18 97 -0.006134
18 98 0.007806
18 99 0.000000

19 0 0.000000
19 1 0.011722
19 2 -0.002244
19 3 0.007849
19 4 -0.003403
19 5 -0.000603
19 6 -0.004405
19 7 -0.012835
19 8 -0.012698
19 9 -0.028038
19 10 -0.031930
19 11 -0.048496
19 12 -0.058664
19 13 -0.072400
19 14 -0.083393
19 15 -0.089188
19 16 -0.091376
19 17 -0.082508
19 18 -0.067192
19 19 -0.038920
19 20 -0.003088
19 21 0.043378
19 22 0.094991
19 23 0.151443
19 24 0.207293
19 25 0.259957
19 26 0.304343
19 27 0.337474
19 28 0.356091
19 29 0.359659
19 30 0.348944
19 31 0.327760
19 32 0.300848
19 33 0.274404
19 34 0.252956
19 35 0.239733
19 36 0.233746
19 37 0.231631
19 38 0.226094
19 39 0.209720
19 40 0.174342
19 41 0.115580
19 42 0.031473
19 43 -0.073915
19 44 -0.193780
19 45 -0.316416
19 46 -0.430113
19 47 -0.521636
19 48 -0.581511
19 49 -0.601977
19 50 -0.581538
19 51 -0.521684
19 52 -0.430189
19 53 -0.316505
19 54 -0.193896
19 55 -0.074037
19 56 0.031324
19 57 0.115428
19 58 0.174156
19 59 0.209530
19 60 0.225862
19 61 0.231391
19 62 0.233462
19 63 0.239444
19 64 0.252628
19 65 0.274074
19 66 0.300485
19 67 0.327394
19 68 0.348557
19 69 0.359250
19 70 0.355696
19 71 0.337006
19 72 0.303979
19 73 0.259387
19 74 0.207036
19 75 0.150684
19 76 0.094963
19 77 0.042301
19 78 -0.002742
19 79 -0.040450
19 80 -0.066415
19 81 -0.084493
19 82 -0.090428
19 83 -0.091234
19 84 -0.083179
19 85 -0.073437
19 86 -0.060870
19 87 -0.047000
19 88 -0.038149
19 89 -0.023697
19 90 -0.021849
19 91 -0.009311
19 92 -0.010847
19 93 -0.004504
19 94 -0.001619
19 95 -0.004708
19 96 0.005741
19 97 -0.003583
19 98 0.010459
19 99 0.000000

20 0 0.000000
20 1 0.012240
20 2 -0.000681
20 3 0.010326
20 4 -0.002387
20 5 -0.000354
20 6 -0.005828
20 7 -0.017529
20 8 -0.019485
20 9 -0.038348
20 10 -0.044355
20 11 -0.062518
20 12 -0.072700
20 13 -0.084413
20 14 -0.091346
20 15 -0.090728
20 16 -0.084679
20 17 -0.066199
20 18 -0.040823
20 19 -0.003088
20 20 0.040586
20 21 0.092208
20 22 0.145759
20 23 0.200470
20 24 0.251347
20 25 0.296134
20 26 0.331032
20 27 0.353669
20 28 0.362204
20 29 0.356195
20 30 0.337375
20 31 0.308904
20 32 0.276220
20 33 0.244590
20 34 0.219561
20 35 0.203595
20 36 0.197184
20 37 0.196122
20 38 0.194544
20 39 0.183527
20 40 0.155841
20 41 0.104824
20 42 0.029213
20 43 -0.069393
20 44 -0.183037
20 45 -0.302014
20 46 -0.412680
20 47 -0.503320
20 48 -0.562128
20 49 -0.582931
20 50 -0.562156
20 51 -0.503379
20 52 -0.412758
20 53 -0.302124
20 54 -0.183156
20 55 -0.069542
20 56 0.029060
20 57 0.104637
20 58 0.155652
20 59 0.183297
20 60 0.194309
20 61 0.195841
20 62 0.196903
20 63 0.203270
20 64 0.219242
20 65 0.244232
20 66 0.275876
20 67 0.308520
20 68 0.337016
20 69 0.355782
20 70 0.361850
20 71 0.353210
20 72 0.330724
20 73 0.295582
20 74 0.251155
20 75 0.199726
20 76 0.145789
20 77 0.091118
20 78 0.040955
20 79 -0.004691
20 80 -0.040097
20 81 -0.068367
20 82 -0.083890
20 83 -0.093129
20 84 -0.091420
20 85 -0.086017
20 86 -0.075373
20 87 -0.061691
20 88 -0.051391
20 89 -0.034391
20 90 -0.029951
20 91 -0.013851
20 92 -0.013405
20 93 -0.004274
20 94 -0.000026
20 95 -0.002651
20 96 0.008769
20 97 -0.001361
20 98 0.011726
20 99 0.000000

21 0 0.000000
21 1 0.011495
21 2 -0.001041
21 3 0.011372
21 4 -0.003578
21 5 -0.002470
21 6 -0.009575
21 7 -0.024597
21 8 -0.028086
21 9 -0.049536
21 10 -0.056286
21 11 -0.074057
21 12 -0.082032
21 13 -0.089215
21 14 -0.089781
21 15 -0.080764
21 16 -0.065286
21 17 -0.036816
21 18 -0.002176
21 19 0.043378
21 20 0.092208
21 21 0.145964
21 22 0.197946
21 23 0.247859
21 24 0.290815
21 25 0.325892
21 26 0.349864
21 27 0.361998
21 28 0.360714
21 29 0.346792
21 30 0.321344
21 31 0.288186
21 32 0.251482
21 33 0.217180
21 34 0.189582
21 35 0.172453
21 36 0.165321
21 37 0.165767
21 38 0.166757
21 39 0.161001
21 40 0.139334
21 41 0.096285
21 42 0.027997
21 43 -0.062772
21 44 -0.170667
21 45 -0.284261
21 46 -0.392080
21 47 -0.480062
21 48 -0.538332
21 49 -0.558233
21 50 -0.538361
21 51 -0.480113
21 52 -0.392162
21 53 -0.284354
21 54 -0.170790
21 55 -0.062897
21 56 0.027840
21 57 0.096132
21 58 0.139144
21 59 0.160815
21 60 0.166527
21 61 0.165543
21 62 0.165056
21 63 0.172200
21 64 0.189294
21 65 0.216908
21 66 0.251184
21 67 0.287902
21 68 0.321047
21 69 0.346485
21 70 0.360432
21 71 0.361646
21 72 0.349630
21 73 0.325431
21 74 0.290684
21 75 0.247165
21 76 0.197996
21 77 0.144848
21 78 0.092518
21 79 0.041635
21 80 -0.001626
21 81 -0.039277
21 82 -0.064812
21 83 -0.083648
21 84 -0.090286
21 85 -0.091492
21 86 -0.085212
21 87 -0.073916
21 88 -0.063978
21 89 -0.045764
21 90 -0.039507
21 91 -0.020136
21 92 -0.017786
21 93 -0.005466
21 94 0.000360
21 95 -0.001637
21 96 0.011408
21 97 -0.000035
21 98 0.012188
21 99 0.000000

22 0 0.000000
22 1 0.008093
22 2 -0.005660
22 3 0.008074
22 4 -0.009993
22 5 -0.010229
22 6 -0.018489
22 7 -0.036453
22 8 -0.040219
22 9 -0.062583
22 10 -0.067985
22 11 -0.082884
22 12 -0.086120
22 13 -0.086428
22 14 -0.078703
22 15 -0.060209
22 16 -0.035065
22 17 0.002422
22 18 0.044501
22 19 0.094991
22 20 0.145759
22 21 0.197946
22 22 0.245128
22 23 0.287138
22 24 0.320209
22 25 0.344004
22 26 0.356908
22 27 0.358620
22 28 0.348982
22 29 0.328372
22 30 0.298706
22 31 0.262448
22 32 0.224259
22 33 0.188403
22 34 0.160145
22 35 0.141878
22 36 0.134914
22 37 0.135697
22 38 0.139348
22 39 0.137011
22 40 0.121388
22 41 0.084599
22 42 0.024295
22 43 -0.059694
22 44 -0.160350
22 45 -0.269071
22 46 -0.372134
22 47 -0.457971
22 48 -0.514019
22 49 -0.534068
22 50 -0.514044
22 51 -0.458025
22 52 -0.372203
22 53 -0.269170
22 54 -0.160452
22 55 -0.059826
22 56 0.024169
22 57 0.084439
22 58 0.121237
22 59 0.136820
22 60 0.139168
22 61 0.135474
22 62 0.134707
22 63 0.141631
22 64 0.159922
22 65 0.188142
22 66 0.224027
22 67 0.262171
22 68 0.298463
22 69 0.328058
22 70 0.348731
22 71 0.358228
22 72 0.356664
22 73 0.343448
22 74 0.319999
22 75 0.286262
22 76 0.245000
22 77 0.196529
22 78 0.145760
22 79 0.092802
22 80 0.044594
22 81 -0.000635
22 82 -0.035171
22 83 -0.063825
22 84 -0.079814
22 85 -0.089501
22 86 -0.089790
22 87 -0.083368
22 88 -0.076031
22 89 -0.058677
22 90 -0.052075
22 91 -0.030485
22 92 -0.026878
22 93 -0.011304
22 94 -0.003970
22 95 -0.004882
22 96 0.010651
22 97 -0.002043
22 98 0.010119
22 99 0.000000

23 0 0.000000
23 1 0.003051
23 2 -0.015064
23 3 0.000106
23 4 -0.021854
23 5 -0.023622
23 6 -0.031905
23 7 -0.051611
23 8 -0.053582
23 9 -0.074267
23 10 -0.075588
23 11 -0.084633
23 12 -0.080547
23 13 -0.071808
23 14 -0.054535
23 15 -0.026205
23 16 0.007751
23 17 0.052499
23 18 0.099203
23 19 0.151443
23 20 0.200470
23 21 0.247859
23 22 0.287138
23 23 0.319292
23 24 0.340926
23 25 0.353329
23 26 0.355253
23 27 0.347999
23 28 0.331156
23 29 0.306184
23 30 0.273754
23 31 0.236889
23 32 0.198319
23 33 0.163001
23 34 0.134330
23 35 0.116229
23 36 0.108582
23 37 0.110188
23 38 0.114761
23 39 0.115951
23 40 0.104372
23 41 0.074266
23 42 0.020343
23 43 -0.055672
23 44 -0.150072
23 45 -0.252056
23 46 -0.351051
23 47 -0.432754
23 48 -0.487537
23 49 -0.506173
23 50 -0.487561
23 51 -0.432792
23 52 -0.351117
23 53 -0.252123
23 54 -0.150167
23 55 -0.055758
23 56 0.020227
23 57 0.074165
23 58 0.104233
23 59 0.115828
23 60 0.114594
23 61 0.110040
23 62 0.108389
23 63 0.116059
23 64 0.134116
23 65 0.162806
23 66 0.198080
23 67 0.236651
23 68 0.273473
23 69 0.305864
23 70 0.330818
23 71 0.347531
23 72 0.354848
23 73 0.352599
23 74 0.340460
23 75 0.318120
23 76 0.286640
23 77 0.246012
23 78 0.199983
23 79 0.148703
23 80 0.098719
23 81 0.048820
23 82 0.007064
23 83 -0.030425
23 84 -0.056060
23 85 -0.075340
23 86 -0.084243
23 87 -0.085185
23 88 -0.083218
23 89 -0.069487
23 90 -0.064968
23 91 -0.043198
23 92 -0.039931
23 93 -0.021802
23 94 -0.013680
23 95 -0.013229
23 96 0.005696
23 97 -0.008398
23 98 0.006059
23 99 0.000000

24 0 0.000000
24 1 -0.002634
24 2 -0.029195
24 3 -0.012801
24 4 -0.039097
24 5 -0.042705
24 6 -0.049483
24 7 -0.069386
24 8 -0.067167
24 9 -0.083377
24 10 -0.077855
24 11 -0.078405
24 12 -0.064911
24 13 -0.045886
24 14 -0.018723
24 15 0.018572
24 16 0.059597
24 17 0.108806
24 18 0.156971
24 19 0.207293
24 20 0.251347
24 21 0.290815
24 22 0.320209
24 23 0.340926
24 24 0.350997
24 25 0.352078
24 26 0.344464
24 27 0.329331
24 28 0.307522
24 29 0.279476
24 30 0.246621
24 31 0.210063
24 32 0.173139
24 33 0.138568
24 34 0.110959
24 35 0.092334
24 36 0.084818
24 37 0.085665
24 38 0.091485
24 39 0.094085
24 40 0.086886
24 41 0.061407
24 42 0.014763
24 43 -0.054832
24 44 -0.141325
24 45 -0.237649
24 46 -0.330487
24 47 -0.409099
24 48 -0.460650
24 49 -0.479345
24 50 -0.460670
24 51 -0.409146
24 52 -0.330542
24 53 -0.237734
24 54 -0.141404
24 55 -0.054944
24 56 0.014664
24 57 0.061267
24 58 0.086760
24 59 0.093907
24 60 0.091320
24 61 0.085441
24 62 0.084608
24 63 0.092060
24 64 0.110696
24 65 0.138230
24 66 0.172802
24 67 0.209624
24 68 0.246174
24 69 0.278880
24 70 0.306930
24 71 0.328494
24 72 0.343703
24 73 0.350874
24 74 0.350069
24 75 0.339176
24 76 0.319157
24 77 0.288313
24 78 0.250255
24 79 0.203888
24 80 0.155917
24 81 0.104560
24 82 0.058518
24 83 0.014023
24 84 -0.020249
24 85 -0.049369
24 86 -0.067990
24 87 -0.078368
24 88 -0.084261
24 89 -0.077101
24 90 -0.077380
24 91 -0.058060
24 92 -0.057215
24 93 -0.037737
24 94 -0.029962
24 95 -0.027756
24 96 -0.004645
24 97 -0.019947
24 98 0.000364
24 99 0.000000

25 0 0.000000
25 1 -0.006327
25 2 -0.045648
25 3 -0.028158
25 4 -0.058522
25 5 -0.064159
25 6 -0.067647
25 7 -0.085980
25 8 -0.077310
25 9 -0.086433
25 10 -0.071892
25 11 -0.062005
25 12 -0.038063
25 13 -0.008499
25 14 0.027689
25 15 0.072258
25 16 0.117704
25 17 0.168386
25 18 0.214570
25 19 0.259957
25 20 0.296134
25 21 0.325892
25 22 0.344004
25 23 0.353329
25 24 0.352078
25 25 0.343452
25 26 0.327535
25 27 0.306889
25 28 0.281454
25 29 0.252690
25 30 0.220250
25 31 0.185984
25 32 0.150841
25 33 0.118569
25 34 0.091413
25 35 0.073362
25 36 0.064602
25 37 0.065361
25 38 0.070410
25 39 0.074912
25 40 0.069823
25 41 0.049746
25 42 0.008349
25 43 -0.053397
25 44 -0.133547
25 45 -0.222169
25 46 -0.310154
25 47 -0.383445
25 48 -0.433254
25 49 -0.450065
25 50 -0.433285
25 51 -0.383495
25 52 -0.310240
25 53 -0.222261
25 54 -0.133681
25 55 -0.053526
25 56 0.008169
25 57 0.049572
25 58 0.069583
25 59 0.074676
25 60 0.070095
25 61 0.065046
25 62 0.064199
25 63 0.072951
25 64 0.090902
25 65 0.118032
25 66 0.150189
25 67 0.185272
25 68 0.219412
25 69 0.251735
25 70 0.280393
25 71 0.305607
25 72 0.326237
25 73 0.341731
25 74 0.350574
25 75 0.351029
25 76 0.342391
25 77 0.322881
25 78 0.294587
25 79 0.256196
25 80 0.213291
25 81 0.164080
25 82 0.116789
25 83 0.068083
25 84 0.026892
25 85 -0.011111
25 86 -0.039717
25 87 -0.060628
25 88 -0.076359
25 89 -0.078288
25 90 -0.086051
25 91 -0.071939
25 92 -0.075888
25 93 -0.056649
25 94 -0.050810
25 95 -0.046536
25 96 -0.018987
25 97 -0.035335
25 98 -0.004845
25 99 0.000000

26 0 0.000000
26 1 -0.005220
26 2 -0.060590
26 3 -0.042120
26 4 -0.075290
26 5 -0.083125
26 6 -0.081616
26 7 -0.096940
26 8 -0.080286
26 9 -0.080733
26 10 -0.056192
26 11 -0.035442
26 12 -0.001403
26 13 0.037393
26 14 0.080633
26 15 0.129666
26 16 0.176520
26 17 0.225299
26 18 0.266621
26 19 0.304343
26 20 0.331032
26 21 0.349864
26 22 0.356908
26 23 0.355253
26 24 0.344464
26 25 0.327535
26 26 0.305844
26 27 0.281145
26 28 0.254524
26 29 0.225872
26 30 0.195800
26 31 0.163843
26 32 0.131985
26 33 0.101329
26 34 0.075830
26 35 0.057059
26 36 0.048004
26 37 0.046788
26 38 0.051815
26 39 0.055899
26 40 0.053733
26 41 0.036679
26 42 0.001789
26 43 -0.054183
26 44 -0.126098
26 45 -0.208741
26 46 -0.289553
26 47 -0.359197
26 48 -0.404960
26 49 -0.421866
26 50 -0.405005
26 51 -0.359296
26 52 -0.289683
26 53 -0.208933
26 54 -0.126309
