0 0 0.000000
0 1 0.000000
0 2 0.000000
0 3 0.000000
0 4 0.000000
0 5 0.000000
0 6 0.000000
0 7 0.000000
0 8 0.000000
0 9 0.000000
0 10 0.000000
0 11 0.000000
0 12 0.000000
0 13 0.000000
0 14 0.000000
0 15 0.000000
0 16 0.000000
0 17 0.000000
0 18 0.000000
0 19 0.000000
0 20 0.000000
0 21 0.000000
0 22 0.000000
0 23 0.000000
0 24 0.000000
0 25 0.000000
0 26 0.000000
0 27 0.000000
0 28 0.000000
0 29 0.000000
0 30 0.000000
0 31 0.000000
0 32 0.000000
0 33 0.000000
0 34 0.000000
0 35 0.000000
0 36 0.000000
0 37 0.000000
0 38 0.000000
0 39 0.000000
0 40 0.000000
0 41 0.000000
0 42 0.000000
0 43 0.000000
0 44 0.000000
0 45 0.000000
0 46 0.000000
0 47 0.000000
0 48 0.000000
0 49 0.000000
0 50 0.000000
0 51 0.000000
0 52 0.000000
0 53 0.000000
0 54 0.000000
0 55 0.000000
0 56 0.000000
0 57 0.000000
0 58 0.000000
0 59 0.000000
0 60 0.000000
0 61 0.000000
0 62 0.000000
0 63 0.000000
0 64 0.000000
0 65 0.000000
0 66 0.000000
0 67 0.000000
0 68 0.000000
0 69 0.000000
0 70 0.000000
0 71 0.000000
0 72 0.000000
0 73 0.000000
0 74 0.000000
0 75 0.000000
0 76 0.000000
0 77 0.000000
0 78 0.000000
0 79 0.000000
0 80 0.000000
0 81 0.000000
0 82 0.000000
0 83 0.000000
0 84 0.000000
0 85 0.000000
0 86 0.000000
0 87 0.000000
0 88 0.000000
0 89 0.000000
0 90 0.000000
0 91 0.000000
0 92 0.000000
0 93 0.000000
0 94 0.000000
0 95 0.000000
0 96 0.000000
0 97 0.000000
0 98 0.000000
0 99 0.000000

1 0 0.000000
1 1 0.129550
1 2 0.203617
1 3 0.232694
1 4 0.309170
1 5 0.324597
1 6 0.361759
1 7 0.366765
1 8 0.373756
1 9 0.368073
1 10 0.361859
1 11 0.354042
1 12 0.349021
1 13 0.347635
1 14 0.350295
1 15 0.356377
1 16 0.363834
1 17 0.371131
1 18 0.375790
1 19 0.377127
1 20 0.373942
1 21 0.367247
1 22 0.357275
1 23 0.345964
1 24 0.333849
1 25 0.322435
1 26 0.311589
1 27 0.301844
1 28 0.292496
1 29 0.283609
1 30 0.274602
1 31 0.265695
1 32 0.256761
1 33 0.248218
1 34 0.240142
1 35 0.232834
1 36 0.226258
1 37 0.220478
1 38 0.215341
1 39 0.210815
1 40 0.206775
1 41 0.203225
1 42 0.200105
1 43 0.197446
1 44 0.195199
1 45 0.193381
1 46 0.191932
1 47 0.190865
1 48 0.190128
1 49 0.189746
1 50 0.189682
1 51 0.189977
1 52 0.190606
1 53 0.191625
1 54 0.193025
1 55 0.194867
1 56 0.197141
1 57 0.199892
1 58 0.203105
1 59 0.206826
1 60 0.211081
1 61 0.215962
1 62 0.221560
1 63 0.227955
1 64 0.235197
1 65 0.243183
1 66 0.251808
1 67 0.260753
1 68 0.269925
1 69 0.279057
1 70 0.288425
1 71 0.298023
1 72 0.308493
1 73 0.319720
1 74 0.332113
1 75 0.344738
1 76 0.357257
1 77 0.367855
1 78 0.375920
1 79 0.379811
1 80 0.379894
1 81 0.375963
1 82 0.370000
1 83 0.363243
1 84 0.358307
1 85 0.356373
1 86 0.358707
1 87 0.364862
1 88 0.373364
1 89 0.382450
1 90 0.387409
1 91 0.389094
1 92 0.376560
1 93 0.364248
1 94 0.321153
1 95 0.299378
1 96 0.219853
1 97 0.191313
1 98 0.112552
1 99 0.000000

2 0 0.000000
2 1 0.203617
2 2 0.222343
2 3 0.273265
2 4 0.324763
2 5 0.333106
2 6 0.354012
2 7 0.346109
2 8 0.342213
2 9 0.329393
2 10 0.321150
2 11 0.315829
2 12 0.317612
2 13 0.325339
2 14 0.338110
2 15 0.352864
2 16 0.366685
2 17 0.376504
2 18 0.380449
2 19 0.377684
2 20 0.368783
2 21 0.355238
2 22 0.339002
2 23 0.322027
2 24 0.305628
2 25 0.290553
2 26 0.276672
2 27 0.263596
2 28 0.250597
2 29 0.237292
2 30 0.223446
2 31 0.209311
2 32 0.195244
2 33 0.181754
2 34 0.169197
2 35 0.157785
2 36 0.147542
2 37 0.138359
2 38 0.130118
2 39 0.122673
2 40 0.116001
2 41 0.110043
2 42 0.104853
2 43 0.100379
2 44 0.096657
2 45 0.093592
2 46 0.091198
2 47 0.089374
2 48 0.088157
2 49 0.087468
2 50 0.087366
2 51 0.087793
2 52 0.088826
2 53 0.090430
2 54 0.092707
2 55 0.095639
2 56 0.099329
2 57 0.103734
2 58 0.108918
2 59 0.114815
2 60 0.121505
2 61 0.128989
2 62 0.137453
2 63 0.146968
2 64 0.157715
2 65 0.169594
2 66 0.182498
2 67 0.195958
2 68 0.209616
2 69 0.222955
2 70 0.235922
2 71 0.248548
2 72 0.261457
2 73 0.275135
2 74 0.290228
2 75 0.306622
2 76 0.323800
2 77 0.340241
2 78 0.354147
2 79 0.363453
2 80 0.366697
2 81 0.363335
2 82 0.354091
2 83 0.341047
2 84 0.327025
2 85 0.315407
2 86 0.308753
2 87 0.309087
2 88 0.315912
2 89 0.328808
2 90 0.342468
2 91 0.357473
2 92 0.360838
2 93 0.364874
2 94 0.339426
2 95 0.325163
2 96 0.267961
2 97 0.217167
2 98 0.188085
2 99 0.000000

3 0 0.000000
3 1 0.232694
3 2 0.273265
3 3 0.325768
3 4 0.398769
3 5 0.405585
3 6 0.435644
3 7 0.425203
3 8 0.421841
3 9 0.405624
3 10 0.395147
3 11 0.387542
3 12 0.388284
3 13 0.396230
3 14 0.410105
3 15 0.426850
3 16 0.442489
3 17 0.454067
3 18 0.458693
3 19 0.456072
3 20 0.446143
3 21 0.431295
3 22 0.413093
3 23 0.394363
3 24 0.375988
3 25 0.359291
3 26 0.343602
3 27 0.328861
3 28 0.313869
3 29 0.298534
3 30 0.282356
3 31 0.265920
3 32 0.249461
3 33 0.233785
3 34 0.219130
3 35 0.205904
3 36 0.193974
3 37 0.183360
3 38 0.173783
3 39 0.165229
3 40 0.157528
3 41 0.150763
3 42 0.144842
3 43 0.139851
3 44 0.135663
3 45 0.132318
3 46 0.129662
3 47 0.127738
3 48 0.126414
3 49 0.125768
3 50 0.125698
3 51 0.126306
3 52 0.127516
3 53 0.129457
3 54 0.132089
3 55 0.135564
3 56 0.139847
3 57 0.145060
3 58 0.151130
3 59 0.158131
3 60 0.166013
3 61 0.174904
3 62 0.184885
3 63 0.196154
3 64 0.208811
3 65 0.222839
3 66 0.238041
3 67 0.253921
3 68 0.270013
3 69 0.285677
3 70 0.300839
3 71 0.315402
3 72 0.330177
3 73 0.345541
3 74 0.362495
3 75 0.380660
3 76 0.399854
3 77 0.417956
3 78 0.433416
3 79 0.443332
3 80 0.446619
3 81 0.442039
3 82 0.431104
3 83 0.415609
3 84 0.399508
3 85 0.386146
3 86 0.379037
3 87 0.380021
3 88 0.388708
3 89 0.404379
3 90 0.420293
3 91 0.438018
3 92 0.439850
3 93 0.444699
3 94 0.408908
3 95 0.394458
3 96 0.315058
3 97 0.263320
3 98 0.210070
3 99 0.000000

4 0 0.000000
4 1 0.309170
4 2 0.324763
4 3 0.398769
4 4 0.468472
4 5 0.472752
4 6 0.497596
4 7 0.476992
4 8 0.464944
4 9 0.439126
4 10 0.422371
4 11 0.410939
4 12 0.411955
4 13 0.423062
4 14 0.442989
4 15 0.466743
4 16 0.489844
4 17 0.507469
4 18 0.516748
4 19 0.516356
4 20 0.507099
4 21 0.491158
4 22 0.471322
4 23 0.450406
4 24 0.430173
4 25 0.411640
4 26 0.394454
4 27 0.378019
4 28 0.361206
4 29 0.343511
4 30 0.324614
4 31 0.304967
4 32 0.285137
4 33 0.265922
4 34 0.247876
4 35 0.231336
4 36 0.216381
4 37 0.202871
4 38 0.190692
4 39 0.179649
4 40 0.169757
4 41 0.160928
4 42 0.153274
4 43 0.146695
4 44 0.141267
4 45 0.136815
4 46 0.133389
4 47 0.130803
4 48 0.129140
4 49 0.128249
4 50 0.128251
4 51 0.129024
4 52 0.130719
4 53 0.133252
4 54 0.136811
4 55 0.141341
4 56 0.147028
4 57 0.153779
4 58 0.161718
4 59 0.170705
4 60 0.180869
4 61 0.192146
4 62 0.204802
4 63 0.218869
4 64 0.234600
4 65 0.251783
4 66 0.270262
4 67 0.289274
4 68 0.308287
4 69 0.326436
4 70 0.343632
4 71 0.359802
4 72 0.375896
4 73 0.392578
4 74 0.410931
4 75 0.430823
4 76 0.451691
4 77 0.471349
4 78 0.487309
4 79 0.496524
4 80 0.496923
4 81 0.487706
4 82 0.470044
4 83 0.447165
4 84 0.423454
4 85 0.404269
4 86 0.393623
4 87 0.394956
4 88 0.407423
4 89 0.430895
4 90 0.456499
4 91 0.486146
4 92 0.497888
4 93 0.512721
4 94 0.481147
4 95 0.467674
4 96 0.388740
4 97 0.315780
4 98 0.281675
4 99 0.000000

5 0 0.000000
5 1 0.324597
5 2 0.333106
5 3 0.405585
5 4 0.472752
5 5 0.467422
5 6 0.486566
5 7 0.455109
5 8 0.435540
5 9 0.401569
5 10 0.379726
5 11 0.365285
5 12 0.366012
5 13 0.379239
5 14 0.402761
5 15 0.431296
5 16 0.458986
5 17 0.481033
5 18 0.493534
5 19 0.495761
5 20 0.488039
5 21 0.473489
5 22 0.454655
5 23 0.435147
5 24 0.416338
5 25 0.399643
5 26 0.384132
5 27 0.369361
5 28 0.353676
5 29 0.336764
5 30 0.318006
5 31 0.298180
5 32 0.277719
5 33 0.257780
5 34 0.238786
5 35 0.221369
5 36 0.205415
5 37 0.191028
5 38 0.177873
5 39 0.166003
5 40 0.155213
5 41 0.145684
5 42 0.137296
5 43 0.130219
5 44 0.124269
5 45 0.119544
5 46 0.115805
5 47 0.113148
5 48 0.111360
5 49 0.110579
5 50 0.110631
5 51 0.111690
5 52 0.113615
5 53 0.116617
5 54 0.120603
5 55 0.125807
5 56 0.132134
5 57 0.139763
5 58 0.148534
5 59 0.158547
5 60 0.169655
5 61 0.182015
5 62 0.195646
5 63 0.210788
5 64 0.227472
5 65 0.245638
5 66 0.264891
5 67 0.284514
5 68 0.303727
5 69 0.321646
5 70 0.338048
5 71 0.352907
5 72 0.367291
5 73 0.381999
5 74 0.398430
5 75 0.416457
5 76 0.435781
5 77 0.453829
5 78 0.468191
5 79 0.475077
5 80 0.472551
5 81 0.459136
5 82 0.436625
5 83 0.408045
5 84 0.379011
5 85 0.355113
5 86 0.341726
5 87 0.342511
5 88 0.357268
5 89 0.385862
5 90 0.418472
5 91 0.457603
5 92 0.477713
5 93 0.503267
5 94 0.477082
5 95 0.472206
5 96 0.394388
5 97 0.323441
5 98 0.292362
5 99 0.000000

6 0 0.000000
6 1 0.361759
6 2 0.354012
6 3 0.435644
6 4 0.497596
6 5 0.486566
6 6 0.499198
6 7 0.457035
6 8 0.428667
6 9 0.384657
6 10 0.355721
6 11 0.335678
6 12 0.334293
6 13 0.347698
6 14 0.374337
6 15 0.407427
6 16 0.441208
6 17 0.469389
6 18 0.488259
6 19 0.496040
6 20 0.493585
6 21 0.483472
6 22 0.468929
6 23 0.453253
6 24 0.438343
6 25 0.425265
6 26 0.413349
6 27 0.401735
6 28 0.388897
6 29 0.374168
6 30 0.357107
6 31 0.338271
6 32 0.318370
6 33 0.298424
6 34 0.279180
6 35 0.261123
6 36 0.244460
6 37 0.229097
6 38 0.215018
6 39 0.202040
6 40 0.190289
6 41 0.179679
6 42 0.170437
6 43 0.162440
6 44 0.155856
6 45 0.150454
6 46 0.146355
6 47 0.143301
6 48 0.141444
6 49 0.140557
6 50 0.140834
6 51 0.142079
6 52 0.144521
6 53 0.148001
6 54 0.152785
6 55 0.158740
6 56 0.166112
6 57 0.174709
6 58 0.184686
6 59 0.195774
6 60 0.208114
6 61 0.221507
6 62 0.236231
6 63 0.252184
6 64 0.269616
6 65 0.288123
6 66 0.307470
6 67 0.326609
6 68 0.344887
6 69 0.361168
6 70 0.375390
6 71 0.387438
6 72 0.398593
6 73 0.409716
6 74 0.422350
6 75 0.436454
6 76 0.451621
6 77 0.465310
6 78 0.474725
6 79 0.476214
6 80 0.467415
6 81 0.447419
6 82 0.417852
6 83 0.382895
6 84 0.348241
6 85 0.320940
6 86 0.306267
6 87 0.309109
6 88 0.328377
6 89 0.364727
6 90 0.406132
6 91 0.456165
6 92 0.485302
6 93 0.520751
6 94 0.499956
6 95 0.499255
6 96 0.424169
6 97 0.344657
6 98 0.324251
6 99 0.000000

7 0 0.000000
7 1 0.366765
7 2 0.346109
7 3 0.425203
7 4 0.476992
7 5 0.455109
7 6 0.457035
7 7 0.401604
7 8 0.362286
7 9 0.307302
7 10 0.270344
7 11 0.244571
7 12 0.240457
7 13 0.254065
7 14 0.283137
7 15 0.320823
7 16 0.360132
7 17 0.394787
7 18 0.419972
7 19 0.434203
7 20 0.437635
7 21 0.433384
7 22 0.424272
7 23 0.414150
7 24 0.404557
7 25 0.396939
7 26 0.390183
7 27 0.383640
7 28 0.375310
7 29 0.364700
7 30 0.350969
7 31 0.334927
7 32 0.316998
7 33 0.298548
7 34 0.280101
7 35 0.262540
7 36 0.245840
7 37 0.230318
7 38 0.215686
7 39 0.202174
7 40 0.189599
7 41 0.178303
7 42 0.168175
7 43 0.159531
7 44 0.152170
7 45 0.146309
7 46 0.141665
7 47 0.138429
7 48 0.136320
7 49 0.135563
7 50 0.135903
7 51 0.137595
7 52 0.140411
7 53 0.144634
7 54 0.150068
7 55 0.156997
7 56 0.165205
7 57 0.174887
7 58 0.185736
7 59 0.197843
7 60 0.210900
7 61 0.225034
7 62 0.240095
7 63 0.256258
7 64 0.273361
7 65 0.291222
7 66 0.309225
7 67 0.326508
7 68 0.342122
7 69 0.355135
7 70 0.365339
7 71 0.372866
7 72 0.379011
7 73 0.384857
7 74 0.392037
7 75 0.400571
7 76 0.410114
7 77 0.417943
7 78 0.421325
7 79 0.416284
7 80 0.400737
7 81 0.373551
7 82 0.337068
7 83 0.295503
7 84 0.255666
7 85 0.224771
7 86 0.209183
7 87 0.213790
7 88 0.237910
7 89 0.282024
7 90 0.333149
7 91 0.395194
7 92 0.435805
7 93 0.484068
7 94 0.473225
7 95 0.482115
7 96 0.414910
7 97 0.338286
7 98 0.325555
7 99 0.000000

8 0 0.000000
8 1 0.373756
8 2 0.342213
8 3 0.421841
8 4 0.464944
8 5 0.435540
8 6 0.428667
8 7 0.362286
8 8 0.313698
8 9 0.248547
8 10 0.204090
8 11 0.171745
8 12 0.164076
8 13 0.175879
8 14 0.205915
8 15 0.246107
8 16 0.289943
8 17 0.329971
8 18 0.361688
8 19 0.382653
8 20 0.393346
8 21 0.396218
8 22 0.394448
8 23 0.391436
8 24 0.389049
8 25 0.388369
8 26 0.388524
8 27 0.388493
8 28 0.386433
8 29 0.381459
8 30 0.372879
8 31 0.361132
8 32 0.346872
8 33 0.331162
8 34 0.314879
8 35 0.298644
8 36 0.282879
8 37 0.267628
8 38 0.253085
8 39 0.239158
8 40 0.226167
8 41 0.214078
8 42 0.203306
8 43 0.193757
8 44 0.185775
8 45 0.179128
8 46 0.174086
8 47 0.170351
8 48 0.168190
8 49 0.167305
8 50 0.167984
8 51 0.169937
8 52 0.173467
8 53 0.178297
8 54 0.184737
8 55 0.192501
8 56 0.201841
8 57 0.212384
8 58 0.224262
8 59 0.237007
8 60 0.250721
8 61 0.264991
8 62 0.280030
8 63 0.295485
8 64 0.311510
8 65 0.327432
8 66 0.342937
8 67 0.356766
8 68 0.368309
8 69 0.376371
8 70 0.381126
8 71 0.382557
8 72 0.382314
8 73 0.381388
8 74 0.381653
8 75 0.383069
8 76 0.385379
8 77 0.385882
8 78 0.381822
8 79 0.369440
8 80 0.346597
8 81 0.312687
8 82 0.270003
8 83 0.223610
8 84 0.180196
8 85 0.147999
8 86 0.132954
8 87 0.140944
8 88 0.170199
8 89 0.222180
8 90 0.281786
8 91 0.354324
8 92 0.404160
8 93 0.462486
8 94 0.459330
8 95 0.474366
8 96 0.413238
8 97 0.336509
8 98 0.329137
8 99 0.000000

9 0 0.000000
9 1 0.368073
9 2 0.329393
9 3 0.405624
9 4 0.439126
9 5 0.401569
9 6 0.384657
9 7 0.307302
9 8 0.248547
9 9 0.173020
9 10 0.119932
9 11 0.080284
9 12 0.067362
9 13 0.076147
9 14 0.105152
9 15 0.146621
9 16 0.193314
9 17 0.238019
9 18 0.275368
9 19 0.303088
9 20 0.320863
9 21 0.331331
9 22 0.337055
9 23 0.341715
9 24 0.346742
9 25 0.353563
9 26 0.360941
9 27 0.368167
9 28 0.372976
9 29 0.374703
9 30 0.372150
9 31 0.365961
9 32 0.356292
9 33 0.344516
9 34 0.331099
9 35 0.317128
9 36 0.302676
9 37 0.288349
9 38 0.273975
9 39 0.260055
9 40 0.246485
9 41 0.233848
9 42 0.222090
9 43 0.211765
9 44 0.202715
9 45 0.195380
9 46 0.189484
9 47 0.185396
9 48 0.182791
9 49 0.182023
9 50 0.182749
9 51 0.185312
9 52 0.189358
9 53 0.195213
9 54 0.202507
9 55 0.211516
9 56 0.221804
9 57 0.233519
9 58 0.246123
9 59 0.259643
9 60 0.273536
9 61 0.287842
9 62 0.302152
9 63 0.316505
9 64 0.330470
9 65 0.343738
9 66 0.355521
9 67 0.364966
9 68 0.371166
9 69 0.373389
9 70 0.371655
9 71 0.366372
9 72 0.359070
9 73 0.351016
9 74 0.343948
9 75 0.337954
9 76 0.332709
9 77 0.325589
9 78 0.313971
9 79 0.294203
9 80 0.264534
9 81 0.224479
9 82 0.176920
9 83 0.126960
9 84 0.081940
9 85 0.049962
9 86 0.037463
9 87 0.050024
9 88 0.085908
9 89 0.146322
9 90 0.215341
9 91 0.298486
9 92 0.358380
9 93 0.426831
9 94 0.432592
9 95 0.454479
9 96 0.400262
9 97 0.327095
9 98 0.321629
9 99 0.000000

10 0 0.000000
10 1 0.361859
10 2 0.321150
10 3 0.395147
10 4 0.422371
10 5 0.379726
10 6 0.355721
10 7 0.270344
10 8 0.204090
10 9 0.119932
10 10 0.059735
10 11 0.012784
10 12 -0.005551
10 13 -0.001450
10 14 0.024976
10 15 0.065134
10 16 0.112642
10 17 0.159507
10 18 0.200809
10 19 0.233460
10 20 0.257318
10 21 0.274261
10 22 0.286973
10 23 0.298584
10 24 0.310760
10 25 0.324599
10 26 0.339190
10 27 0.353535
10 28 0.365637
10 29 0.374401
10 30 0.378788
10 31 0.378877
10 32 0.375005
10 33 0.367990
10 34 0.358657
10 35 0.347636
10 36 0.335544
10 37 0.322572
10 38 0.309192
10 39 0.295443
10 40 0.281908
10 41 0.268645
10 42 0.256330
10 43 0.244956
10 44 0.235144
10 45 0.226734
10 46 0.220246
10 47 0.215394
10 48 0.212636
10 49 0.211612
10 50 0.212735
10 51 0.215592
10 52 0.220547
10 53 0.227135
10 54 0.235658
10 55 0.245573
10 56 0.257073
10 57 0.269495
10 58 0.282900
10 59 0.296543
10 60 0.310453
10 61 0.323931
10 62 0.337089
10 63 0.349259
10 64 0.360491
10 65 0.369862
10 66 0.377111
10 67 0.380956
10 68 0.381114
10 69 0.376599
10 70 0.368061
10 71 0.355689
10 72 0.341480
10 73 0.326411
10 74 0.312491
10 75 0.299529
10 76 0.287412
10 77 0.273455
10 78 0.255306
10 79 0.229560
10 80 0.194727
10 81 0.150764
10 82 0.100603
10 83 0.049832
10 84 0.005464
10 85 -0.023896
10 86 -0.032576
10 87 -0.014361
10 88 0.027739
10 89 0.095907
10 90 0.172298
10 91 0.263857
10 92 0.330904
10 93 0.406441
10 94 0.418165
10 95 0.444010
10 96 0.393458
10 97 0.322695
10 98 0.314510
10 99 0.000000

11 0 0.000000
11 1 0.354042
11 2 0.315829
11 3 0.387542
11 4 0.410939
11 5 0.365285
11 6 0.335678
11 7 0.244571
11 8 0.171745
11 9 0.080284
11 10 0.012784
11 11 -0.041657
11 12 -0.067081
11 13 -0.069323
11 14 -0.048298
11 15 -0.011935
11 16 0.033251
11 17 0.079820
11 18 0.122378
11 19 0.158051
11 20 0.185963
11 21 0.207999
11 22 0.226111
11 23 0.243544
11 24 0.261474
11 25 0.281368
11 26 0.302020
11 27 0.322900
11 28 0.341637
11 29 0.357478
11 30 0.368769
11 31 0.375799
11 32 0.378156
11 33 0.376942
11 34 0.372296
11 35 0.365350
11 36 0.356151
11 37 0.345572
11 38 0.333534
11 39 0.320838
11 40 0.307460
11 41 0.294271
11 42 0.281295
11 43 0.269402
11 44 0.258536
11 45 0.249460
11 46 0.241975
11 47 0.236721
11 48 0.233367
11 49 0.232452
11 50 0.233536
11 51 0.237062
11 52 0.242488
11 53 0.250152
11 54 0.259410
11 55 0.270466
11 56 0.282558
11 57 0.295736
11 58 0.309147
11 59 0.322738
11 60 0.335684
11 61 0.347938
11 62 0.358804
11 63 0.368211
11 64 0.375485
11 65 0.380312
11 66 0.381897
11 67 0.379667
11 68 0.373040
11 69 0.361786
11 70 0.346348
11 71 0.327507
11 72 0.306958
11 73 0.285984
11 74 0.266211
11 75 0.247621
11 76 0.229882
11 77 0.210593
11 78 0.187532
11 79 0.157710
11 80 0.119997
11 81 0.074647
11 82 0.024880
11 83 -0.023799
11 84 -0.064318
11 85 -0.088522
11 86 -0.090866
11 87 -0.065648
11 88 -0.016171
11 89 0.059531
11 90 0.143059
11 91 0.241476
11 92 0.314588
11 93 0.394985
11 94 0.411229
11 95 0.439190
11 96 0.390043
11 97 0.321636
11 98 0.306986
11 99 0.000000

12 0 0.000000
12 1 0.349021
12 2 0.317612
12 3 0.388284
12 4 0.411955
12 5 0.366012
12 6 0.334293
12 7 0.240457
12 8 0.164076
12 9 0.067362
12 10 -0.005551
12 11 -0.067081
12 12 -0.099417
12 13 -0.109356
12 14 -0.095176
12 15 -0.065210
12 16 -0.024721
12 17 0.018524
12 18 0.059813
12 19 0.095673
12 20 0.125372
12 21 0.150002
12 22 0.171493
12 23 0.192450
12 24 0.214263
12 25 0.238087
12 26 0.263206
12 27 0.288893
12 28 0.313266
12 29 0.335141
12 30 0.353147
12 31 0.366831
12 32 0.375973
12 33 0.380834
12 34 0.381906
12 35 0.379572
12 36 0.374494
12 37 0.366872
12 38 0.357414
12 39 0.346223
12 40 0.334140
12 41 0.321282
12 42 0.308617
12 43 0.296229
12 44 0.285093
12 45 0.275161
12 46 0.267305
12 47 0.261297
12 48 0.257862
12 49 0.256593
12 50 0.258064
12 51 0.261700
12 52 0.267918
12 53 0.275981
12 54 0.286137
12 55 0.297490
12 56 0.310124
12 57 0.323018
12 58 0.336153
12 59 0.348478
12 60 0.359984
12 61 0.369693
12 62 0.377676
12 63 0.383004
12 64 0.385754
12 65 0.384914
12 66 0.380529
12 67 0.371579
12 68 0.358420
12 69 0.340531
12 70 0.319198
12 71 0.294820
12 72 0.269613
12 73 0.244293
12 74 0.220736
12 75 0.198406
12 76 0.177265
12 77 0.154760
12 78 0.129175
12 79 0.097751
12 80 0.059841
12 81 0.015978
12 82 -0.030573
12 83 -0.074259
12 84 -0.108593
12 85 -0.125484
12 86 -0.120450
12 87 -0.087546
12 88 -0.031407
12 89 0.050818
12 90 0.139235
12 91 0.242193
12 92 0.318333
12 93 0.400737
12 94 0.418261
12 95 0.445997
12 96 0.394610
12 97 0.327389
12 98 0.302973
12 99 0.000000

13 0 0.000000
13 1 0.347635
13 2 0.325339
13 3 0.396230
13 4 0.423062
13 5 0.379239
13 6 0.347698
13 7 0.254065
13 8 0.175879
13 9 0.076147
13 10 -0.001450
13 11 -0.069323
13 12 -0.109356
13 13 -0.127940
13 14 -0.122843
13 15 -0.101502
13 16 -0.068788
13 17 -0.031626
13 18 0.005202
13 19 0.038572
13 20 0.067139
13 21 0.091952
13 22 0.114144
13 23 0.136370
13 24 0.159480
13 25 0.185095
13 26 0.212260
13 27 0.240963
13 28 0.269025
13 29 0.295848
13 30 0.319395
13 31 0.339549
13 32 0.355124
13 33 0.366690
13 34 0.373746
13 35 0.377206
13 36 0.376846
13 37 0.373643
13 38 0.367458
13 39 0.359309
13 40 0.349145
13 41 0.338082
13 42 0.326157
13 43 0.314557
13 44 0.303313
13 45 0.293571
13 46 0.285223
13 47 0.279264
13 48 0.275367
13 49 0.274318
13 50 0.275557
13 51 0.279646
13 52 0.285799
13 53 0.294347
13 54 0.304293
13 55 0.315751
13 56 0.327573
13 57 0.339728
13 58 0.351042
13 59 0.361451
13 60 0.369888
13 61 0.376329
13 62 0.379869
13 63 0.380489
13 64 0.377428
13 65 0.370620
13 66 0.359523
13 67 0.344163
13 68 0.324543
13 69 0.301146
13 70 0.274896
13 71 0.246872
13 72 0.218704
13 73 0.191389
13 74 0.166121
13 75 0.142550
13 76 0.120242
13 77 0.097088
13 78 0.071445
13 79 0.041191
13 80 0.005924
13 81 -0.033447
13 82 -0.073719
13 83 -0.109569
13 84 -0.135015
13 85 -0.142637
13 86 -0.128620
13 87 -0.087588
13 88 -0.024674
13 89 0.062888
13 90 0.155040
13 91 0.260181
13 92 0.337559
13 93 0.419301
13 94 0.436082
13 95 0.461637
13 96 0.405669
13 97 0.338477
13 98 0.303087
13 99 0.000000

14 0 0.000000
14 1 0.350295
14 2 0.338110
14 3 0.410105
14 4 0.442989
14 5 0.402761
14 6 0.374337
14 7 0.283137
14 8 0.205915
14 9 0.105152
14 10 0.024976
14 11 -0.048298
14 12 -0.095176
14 13 -0.122843
14 14 -0.127374
14 15 -0.116282
14 16 -0.092897
14 17 -0.064086
14 18 -0.033696
14 19 -0.005231
14 20 0.020178
14 21 0.042779
14 22 0.063631
14 23 0.084646
14 24 0.106901
14 25 0.131680
14 26 0.158713
14 27 0.187869
14 28 0.217769
14 29 0.247448
14 30 0.275423
14 31 0.300753
14 32 0.322589
14 33 0.340414
14 34 0.354145
14 35 0.363616
14 36 0.369288
14 37 0.371125
14 38 0.369894
14 39 0.365579
14 40 0.359157
14 41 0.350653
14 42 0.341243
14 43 0.330998
14 44 0.321212
14 45 0.311905
14 46 0.304320
14 47 0.298275
14 48 0.294808
14 49 0.293451
14 50 0.294972
14 51 0.298600
14 52 0.304816
14 53 0.312565
14 54 0.322055
14 55 0.332010
14 56 0.342458
14 57 0.352045
14 58 0.360779
14 59 0.367385
14 60 0.371967
14 61 0.373387
14 62 0.371865
14 63 0.366378
14 64 0.357285
14 65 0.343724
14 66 0.326350
14 67 0.304650
14 68 0.279843
14 69 0.251944
14 70 0.222833
14 71 0.192906
14 72 0.164286
14 73 0.137054
14 74 0.112627
14 75 0.089884
14 76 0.068788
14 77 0.046982
14 78 0.023538
14 79 -0.003499
14 80 -0.033893
14 81 -0.066674
14 82 -0.098639
14 83 -0.124839
14 84 -0.140077
14 85 -0.137462
14 86 -0.114381
14 87 -0.065497
14 88 0.002882
14 89 0.094324
14 90 0.187909
14 91 0.293134
14 92 0.369144
14 93 0.448294
14 94 0.461835
14 95 0.484214
14 96 0.421477
14 97 0.353604
14 98 0.307342
14 99 0.000000

15 0 0.000000
15 1 0.356377
15 2 0.352864
15 3 0.426850
15 4 0.466743
15 5 0.431296
15 6 0.407427
15 7 0.320823
15 8 0.246107
15 9 0.146621
15 10 0.065134
15 11 -0.011935
15 12 -0.065210
15 13 -0.101502
15 14 -0.116282
15 15 -0.116088
15 16 -0.103515
15 17 -0.084402
15 18 -0.062357
15 19 -0.040397
15 20 -0.020158
15 21 -0.001430
15 22 0.015965
15 23 0.033964
15 24 0.052984
15 25 0.074872
15 26 0.099110
15 27 0.126561
15 28 0.155636
15 29 0.186321
15 30 0.216515
15 31 0.245920
15 32 0.272608
15 33 0.296558
15 34 0.316423
15 35 0.332679
15 36 0.344552
15 37 0.352897
15 38 0.357263
15 39 0.358696
15 40 0.356898
15 41 0.353068
15 42 0.347053
15 43 0.340229
15 44 0.332548
15 45 0.325469
15 46 0.318877
15 47 0.314102
15 48 0.310776
15 49 0.309947
15 50 0.310906
15 51 0.314364
15 52 0.319269
15 53 0.325997
15 54 0.333211
15 55 0.341033
15 56 0.348001
15 57 0.354163
15 58 0.358153
15 59 0.360100
15 60 0.358854
15 61 0.354634
15 62 0.346515
15 63 0.334777
15 64 0.318800
15 65 0.299045
15 66 0.275444
15 67 0.248823
15 68 0.219836
15 69 0.189640
15 70 0.159419
15 71 0.130232
15 72 0.103217
15 73 0.078687
15 74 0.057056
15 75 0.037451
15 76 0.019285
15 77 0.000835
15 78 -0.018808
15 79 -0.040765
15 80 -0.064691
15 81 -0.089181
15 82 -0.111412
15 83 -0.126748
15 84 -0.130928
15 85 -0.117799
15 86 -0.085755
15 87 -0.029919
15 88 0.042880
15 89 0.136329
15 90 0.229809
15 91 0.332889
15 92 0.406095
15 93 0.480898
15 94 0.490158
15 95 0.508679
15 96 0.438878
15 97 0.369641
15 98 0.314878
15 99 0.000000

16 0 0.000000
16 1 0.363834
16 2 0.366685
16 3 0.442489
16 4 0.489844
16 5 0.458986
16 6 0.441208
16 7 0.360132
16 8 0.289943
16 9 0.193314
16 10 0.112642
16 11 0.033251
16 12 -0.024721
16 13 -0.068788
16 14 -0.092897
16 15 -0.103515
16 16 -0.101583
16 17 -0.092662
16 18 -0.079244
16 19 -0.064576
16 20 -0.049989
16 21 -0.036107
16 22 -0.022844
16 23 -0.009172
16 24 0.005547
16 25 0.022684
16 26 0.042556
16 27 0.065908
16 28 0.092290
16 29 0.121413
16 30 0.152150
16 31 0.183411
16 32 0.213960
16 33 0.242553
16 34 0.268495
16 35 0.290896
16 36 0.309829
16 37 0.324770
16 38 0.336335
16 39 0.344132
16 40 0.349071
16 41 0.350816
16 42 0.350541
16 43 0.348035
16 44 0.344725
16 45 0.340468
16 46 0.336759
16 47 0.333310
16 48 0.331432
16 49 0.330514
16 50 0.331540
16 51 0.333522
16 52 0.337083
16 53 0.340892
16 54 0.345267
16 55 0.348671
16 56 0.351303
16 57 0.351665
16 58 0.350059
16 59 0.345195
16 60 0.337558
16 61 0.326051
16 62 0.311301
16 63 0.292398
16 64 0.270233
16 65 0.244280
16 66 0.215981
16 67 0.185363
16 68 0.154454
16 69 0.123564
16 70 0.094826
16 71 0.068165
16 72 0.045155
16 73 0.024814
16 74 0.007819
16 75 -0.007669
16 76 -0.021650
16 77 -0.036147
16 78 -0.051112
16 79 -0.067566
16 80 -0.084390
16 81 -0.100317
16 82 -0.112544
16 83 -0.117121
16 84 -0.110639
16 85 -0.087750
16 86 -0.047986
16 87 0.013365
16 88 0.088657
16 89 0.182319
16 90 0.273595
16 91 0.372986
16 92 0.441664
16 93 0.511517
16 94 0.515443
16 95 0.530687
16 96 0.454016
16 97 0.383753
16 98 0.323502
16 99 0.000000

17 0 0.000000
17 1 0.371131
17 2 0.376504
17 3 0.454067
17 4 0.507469
17 5 0.481033
17 6 0.469389
17 7 0.394787
17 8 0.329971
17 9 0.238019
17 10 0.159507
17 11 0.079820
17 12 0.018524
17 13 -0.031626
17 14 -0.064086
17 15 -0.084402
17 16 -0.092662
17 17 -0.093327
17 18 -0.088483
17 19 -0.080780
17 20 -0.072011
17 21 -0.062801
17 22 -0.054081
17 23 -0.044850
17 24 -0.035354
17 25 -0.023660
17 26 -0.009849
17 27 0.008013
17 28 0.029277
17 29 0.055011
17 30 0.083566
17 31 0.114971
17 32 0.146934
17 33 0.179103
17 34 0.209372
17 35 0.237773
17 36 0.262844
17 37 0.285175
17 38 0.303778
17 39 0.319538
17 40 0.331642
17 41 0.341139
17 42 0.347362
17 43 0.351602
17 44 0.353395
17 45 0.354253
17 46 0.353772
17 47 0.353454
17 48 0.352709
17 49 0.352799
17 50 0.352803
17 51 0.353644
17 52 0.354053
17 53 0.354630
17 54 0.353859
17 55 0.352158
17 56 0.348002
17 57 0.341862
17 58 0.332451
17 59 0.320413
17 60 0.304747
17 61 0.286185
17 62 0.263966
17 63 0.238898
17 64 0.210640
17 65 0.180319
17 66 0.148337
17 67 0.116245
17 68 0.085072
17 69 0.056280
17 70 0.030794
17 71 0.009141
17 72 -0.008536
17 73 -0.022957
17 74 -0.034690
17 75 -0.045128
17 76 -0.054875
17 77 -0.065032
17 78 -0.075556
17 79 -0.086413
17 80 -0.096505
17 81 -0.104054
17 82 -0.106893
17 83 -0.101369
17 84 -0.085285
17 85 -0.053933
17 86 -0.007986
17 87 0.057035
17 88 0.133091
17 89 0.224969
17 90 0.312621
17 91 0.406762
17 92 0.470240
17 93 0.534610
17 94 0.533493
17 95 0.545982
17 96 0.464299
17 97 0.393208
17 98 0.331702
17 99 0.000000

18 0 0.000000
18 1 0.375790
18 2 0.380449
18 3 0.458693
18 4 0.516748
18 5 0.493534
18 6 0.488259
18 7 0.419972
18 8 0.361688
18 9 0.275368
18 10 0.200809
18 11 0.122378
18 12 0.059813
18 13 0.005202
18 14 -0.033696
18 15 -0.062357
18 16 -0.079244
18 17 -0.088483
18 18 -0.090925
18 19 -0.089392
18 20 -0.085255
18 21 -0.080042
18 22 -0.074775
18 23 -0.069596
18 24 -0.064609
18 25 -0.058654
18 26 -0.050962
18 27 -0.039900
18 28 -0.024722
18 29 -0.004627
18 30 0.020181
18 31 0.049031
18 32 0.080851
18 33 0.114067
18 34 0.147669
18 35 0.180144
18 36 0.211219
18 37 0.239784
18 38 0.266209
18 39 0.289528
18 40 0.310405
18 41 0.327854
18 42 0.342770
18 43 0.354272
18 44 0.363577
18 45 0.369975
18 46 0.374904
18 47 0.377654
18 48 0.379633
18 49 0.379927
18 50 0.379728
18 51 0.377838
18 52 0.375186
18 53 0.370337
18 54 0.364039
18 55 0.354799
18 56 0.343397
18 57 0.328528
18 58 0.311180
18 59 0.290324
18 60 0.267112
18 61 0.240670
18 62 0.212227
18 63 0.181082
18 64 0.148754
18 65 0.115013
18 66 0.081977
18 67 0.049921
18 68 0.021282
18 69 -0.003891
18 70 -0.023780
18 71 -0.039501
18 72 -0.050450
18 73 -0.058935
18 74 -0.065039
18 75 -0.071184
18 76 -0.077041
18 77 -0.083989
18 78 -0.090735
18 79 -0.097210
18 80 -0.101407
18 81 -0.101876
18 82 -0.096446
18 83 -0.082363
18 84 -0.058226
18 85 -0.020254
18 86 0.029959
18 87 0.096697
18 88 0.171560
18 89 0.260008
18 90 0.342490
18 91 0.430548
18 92 0.488012
18 93 0.547280
18 94 0.541247
18 95 0.552335
18 96 0.467363
18 97 0.396544
18 98 0.337154
18 99 0.000000

19 0 0.000000
19 1 0.377127
19 2 0.377684
19 3 0.456072
19 4 0.516356
19 5 0.495761
19 6 0.496040
19 7 0.434203
19 8 0.382653
19 9 0.303088
19 10 0.233460
19 11 0.158051
19 12 0.095673
19 13 0.038572
19 14 -0.005231
19 15 -0.040397
19 16 -0.064576
19 17 -0.080780
19 18 -0.089392
19 19 -0.092516
19 20 -0.091955
19 21 -0.089152
19 22 -0.086292
19 23 -0.083586
19 24 -0.082362
19 25 -0.081000
19 26 -0.079506
19 27 -0.075018
19 28 -0.067197
19 29 -0.053573
19 30 -0.034865
19 31 -0.010092
19 32 0.018692
19 33 0.051379
19 34 0.085503
19 35 0.120966
19 36 0.155748
19 37 0.190253
19 38 0.222907
19 39 0.254380
19 40 0.283170
19 41 0.309991
19 42 0.333343
19 43 0.354107
19 44 0.370956
19 45 0.385064
19 46 0.395295
19 47 0.403011
19 48 0.407095
19 49 0.408898
19 50 0.407191
19 51 0.403205
19 52 0.395581
19 53 0.385445
19 54 0.371420
19 55 0.354660
19 56 0.333973
19 57 0.310695
19 58 0.283945
19 59 0.255205
19 60 0.223802
19 61 0.191160
19 62 0.156733
19 63 0.121909
19 64 0.086542
19 65 0.052297
19 66 0.019732
19 67 -0.009281
19 68 -0.033913
19 69 -0.052999
19 70 -0.066501
19 71 -0.074905
19 72 -0.079386
19 73 -0.081749
19 74 -0.083399
19 75 -0.085900
19 76 -0.089467
19 77 -0.094174
19 78 -0.098743
19 79 -0.101845
19 80 -0.101659
19 81 -0.096161
19 82 -0.084050
19 83 -0.062804
19 84 -0.032397
19 85 0.010493
19 86 0.063122
19 87 0.129800
19 88 0.201899
19 89 0.285442
19 90 0.361834
19 91 0.443039
19 92 0.494425
19 93 0.548755
19 94 0.538762
19 95 0.549189
19 96 0.463422
19 97 0.393397
19 98 0.339404
19 99 0.000000

20 0 0.000000
20 1 0.373942
20 2 0.368783
20 3 0.446143
20 4 0.507099
20 5 0.488039
20 6 0.493585
20 7 0.437635
20 8 0.393346
20 9 0.320863
20 10 0.257318
20 11 0.185963
20 12 0.125372
20 13 0.067139
20 14 0.020178
20 15 -0.020158
20 16 -0.049989
20 17 -0.072011
20 18 -0.085255
20 19 -0.091955
20 20 -0.093300
20 21 -0.091662
20 22 -0.089220
20 23 -0.087577
20 24 -0.088002
20 25 -0.090092
20 26 -0.093130
20 27 -0.094994
20 28 -0.093885
20 29 -0.087827
20 30 -0.075716
20 31 -0.057286
20 32 -0.032787
20 33 -0.003522
20 34 0.029741
20 35 0.065261
20 36 0.102733
20 37 0.140608
20 38 0.179136
20 39 0.216770
20 40 0.253908
20 41 0.288756
20 42 0.321739
20 43 0.350958
20 44 0.377066
20 45 0.398315
20 46 0.415698
20 47 0.427662
20 48 0.435452
20 49 0.437623
20 50 0.435551
20 51 0.427854
20 52 0.415993
20 53 0.398693
20 54 0.377549
20 55 0.351508
20 56 0.322395
20 57 0.289459
20 58 0.254720
20 59 0.217599
20 60 0.180080
20 61 0.141526
20 62 0.103780
20 63 0.066222
20 64 0.030853
20 65 -0.002580
20 66 -0.031668
20 67 -0.056454
20 68 -0.074693
20 69 -0.087250
20 70 -0.093148
20 71 -0.094926
20 72 -0.093039
20 73 -0.090978
20 74 -0.089195
20 75 -0.090187
20 76 -0.092758
20 77 -0.097218
20 78 -0.100756
20 79 -0.102142
20 80 -0.098578
20 81 -0.088613
20 82 -0.070933
20 83 -0.044102
20 84 -0.008779
20 85 0.037371
20 86 0.090959
20 87 0.156081
20 88 0.224169
20 89 0.301812
20 90 0.371333
20 91 0.445466
20 92 0.490553
20 93 0.540571
20 94 0.527086
20 95 0.537872
20 96 0.452868
20 97 0.384674
20 98 0.337505
20 99 0.000000

21 0 0.000000
21 1 0.367247
21 2 0.355238
21 3 0.431295
21 4 0.491158
21 5 0.473489
21 6 0.483472
21 7 0.433384
21 8 0.396218
21 9 0.331331
21 10 0.274261
21 11 0.207999
21 12 0.150002
21 13 0.091952
21 14 0.042779
21 15 -0.001430
21 16 -0.036107
21 17 -0.062801
21 18 -0.080042
21 19 -0.089152
21 20 -0.091662
21 21 -0.089624
21 22 -0.086440
21 23 -0.083712
21 24 -0.084272
21 25 -0.087394
21 26 -0.093677
21 27 -0.099915
21 28 -0.105202
21 29 -0.105789
21 30 -0.101334
21 31 -0.089488
21 32 -0.071536
21 33 -0.046707
21 34 -0.017268
21 35 0.017066
21 36 0.054073
21 37 0.094278
21 38 0.135692
21 39 0.178932
21 40 0.221841
21 41 0.264817
21 42 0.305386
21 43 0.343836
21 44 0.377643
21 45 0.407309
21 46 0.430541
21 47 0.448236
21 48 0.458425
21 49 0.462399
21 50 0.458516
21 51 0.448421
21 52 0.430812
21 53 0.407674
21 54 0.378087
21 55 0.344371
21 56 0.305996
21 57 0.265507
21 58 0.222605
21 59 0.179755
21 60 0.136594
21 61 0.095204
21 62 0.055090
21 63 0.018055
21 64 -0.016164
21 65 -0.045714
21 66 -0.070400
21 67 -0.088580
21 68 -0.100266
21 69 -0.105118
21 70 -0.104403
21 71 -0.099746
21 72 -0.093526
21 73 -0.088204
21 74 -0.085448
21 75 -0.086318
21 76 -0.090067
21 77 -0.095317
21 78 -0.099389
21 79 -0.099684
21 80 -0.093887
21 81 -0.079988
21 82 -0.057830
21 83 -0.026151
21 84 0.012888
21 85 0.061353
21 86 0.114740
21 87 0.177391
21 88 0.240635
21 89 0.311760
21 90 0.374079
21 91 0.440973
21 92 0.479939
21 93 0.525851
21 94 0.509658
21 95 0.520952
21 96 0.438291
21 97 0.372089
21 98 0.332646
21 99 0.000000

22 0 0.000000
22 1 0.357275
22 2 0.339002
22 3 0.413093
22 4 0.471322
22 5 0.454655
22 6 0.468929
22 7 0.424272
22 8 0.394448
22 9 0.337055
22 10 0.286973
22 11 0.226111
22 12 0.171493
22 13 0.114144
22 14 0.063631
22 15 0.015965
22 16 -0.022844
22 17 -0.054081
22 18 -0.074775
22 19 -0.086292
22 20 -0.089220
22 21 -0.086440
22 22 -0.081062
22 23 -0.076194
22 24 -0.074565
22 25 -0.077116
22 26 -0.083897
22 27 -0.093070
22 28 -0.102404
22 29 -0.109170
22 30 -0.111047
22 31 -0.106678
22 32 -0.095077
22 33 -0.076789
22 34 -0.051773
22 35 -0.021534
22 36 0.014032
22 37 0.053248
22 38 0.096539
22 39 0.141972
22 40 0.189886
22 41 0.237763
22 42 0.285633
22 43 0.330492
22 44 0.372314
22 45 0.408049
22 46 0.438010
22 47 0.459492
22 48 0.473387
22 49 0.477531
22 50 0.473467
22 51 0.459643
22 52 0.438247
22 53 0.408348
22 54 0.372705
22 55 0.330934
22 56 0.286175
22 57 0.238340
22 58 0.190574
22 59 0.142670
22 60 0.097364
22 61 0.054046
22 62 0.014980
22 63 -0.020668
22 64 -0.050722
22 65 -0.075900
22 66 -0.093967
22 67 -0.105847
22 68 -0.109974
22 69 -0.108543
22 70 -0.101566
22 71 -0.092914
22 72 -0.083681
22 73 -0.077920
22 74 -0.075675
22 75 -0.078805
22 76 -0.084664
22 77 -0.092192
22 78 -0.097020
22 79 -0.096976
22 80 -0.088832
22 81 -0.071516
22 82 -0.044902
22 83 -0.009022
22 84 0.033405
22 85 0.083412
22 86 0.136137
22 87 0.195668
22 88 0.253727
22 89 0.318037
22 90 0.373030
22 91 0.432803
22 92 0.465675
22 93 0.507844
22 94 0.489161
22 95 0.501203
22 96 0.421313
22 97 0.357573
22 98 0.325155
22 99 0.000000

23 0 0.000000
23 1 0.345964
23 2 0.322027
23 3 0.394363
23 4 0.450406
23 5 0.435147
23 6 0.453253
23 7 0.414150
23 8 0.391436
23 9 0.341715
23 10 0.298584
23 11 0.243544
23 12 0.192450
23 13 0.136370
23 14 0.084646
23 15 0.033964
23 16 -0.009172
23 17 -0.044850
23 18 -0.069596
23 19 -0.083586
23 20 -0.087577
23 21 -0.083712
23 22 -0.076194
23 23 -0.067827
23 24 -0.063087
23 25 -0.062587
23 26 -0.068239
23 27 -0.077322
23 28 -0.089189
23 29 -0.099442
23 30 -0.107072
23 31 -0.108441
23 32 -0.103919
23 33 -0.091502
23 34 -0.072866
23 35 -0.046904
23 36 -0.015691
23 37 0.021773
23 38 0.063341
23 39 0.109878
23 40 0.158803
23 41 0.210477
23 42 0.261627
23 43 0.312131
23 44 0.358294
23 45 0.399973
23 46 0.433604
23 47 0.459546
23 48 0.474834
23 49 0.480654
23 50 0.474890
23 51 0.459663
23 52 0.433772
23 53 0.400206
23 54 0.358575
23 55 0.312478
23 56 0.262022
23 57 0.210933
23 58 0.159313
23 59 0.110435
23 60 0.063965
23 61 0.022416
23 62 -0.014957
23 63 -0.046196
23 64 -0.072031
23 65 -0.090768
23 66 -0.103017
23 67 -0.107753
23 68 -0.106186
23 69 -0.098937
23 70 -0.088510
23 71 -0.077264
23 72 -0.068154
23 73 -0.063467
23 74 -0.064309
23 75 -0.070509
23 76 -0.079918
23 77 -0.089557
23 78 -0.095540
23 79 -0.094401
23 80 -0.083866
23 81 -0.062423
23 82 -0.031438
23 83 0.008936
23 84 0.054382
23 85 0.105873
23 86 0.157500
23 87 0.213785
23 88 0.266419
23 89 0.323928
23 90 0.371607
23 91 0.424391
23 92 0.451338
23 93 0.489773
23 94 0.468921
23 95 0.481319
23 96 0.404542
23 97 0.342957
23 98 0.316919
23 99 0.000000

24 0 0.000000
24 1 0.333849
24 2 0.305628
24 3 0.375988
24 4 0.430173
24 5 0.416338
24 6 0.438343
24 7 0.404557
24 8 0.389049
24 9 0.346742
24 10 0.310760
24 11 0.261474
24 12 0.214263
24 13 0.159480
24 14 0.106901
24 15 0.052984
24 16 0.005547
24 17 -0.035354
24 18 -0.064609
24 19 -0.082362
24 20 -0.088002
24 21 -0.084272
24 22 -0.074565
24 23 -0.063087
24 24 -0.053897
24 25 -0.049544
24 26 -0.051418
24 27 -0.058797
24 28 -0.069902
24 29 -0.082089
24 30 -0.092426
24 31 -0.098845
24 32 -0.099205
24 33 -0.093214
24 34 -0.079776
24 35 -0.059916
24 36 -0.032830
24 37 -0.000107
24 38 0.039125
24 39 0.082778
24 40 0.131471
24 41 0.182274
24 42 0.235228
24 43 0.286550
24 44 0.335893
24 45 0.379128
24 46 0.416110
24 47 0.443062
24 48 0.460625
24 49 0.465906
24 50 0.460663
24 51 0.443129
24 52 0.416223
24 53 0.379262
24 54 0.336083
24 55 0.286751
24 56 0.235499
24 57 0.182542
24 58 0.131825
24 59 0.083107
24 60 0.039564
24 61 0.000275
24 62 -0.032304
24 63 -0.059496
24 64 -0.079167
24 65 -0.092788
24 66 -0.098540
24 67 -0.098475
24 68 -0.091783
24 69 -0.081905
24 70 -0.069465
24 71 -0.059056
24 72 -0.051571
24 73 -0.050739
24 74 -0.055364
24 75 -0.066091
24 76 -0.078561
24 77 -0.090459
24 78 -0.096281
24 79 -0.093534
24 80 -0.079227
24 81 -0.053240
24 82 -0.017011
24 83 0.027830
24 84 0.076603
24 85 0.129256
24 86 0.179840
24 87 0.232607
24 88 0.279916
24 89 0.330604
24 90 0.371149
24 91 0.417121
24 92 0.438267
24 93 0.473078
24 94 0.450051
24 95 0.462657
24 96 0.388636
24 97 0.329271
24 98 0.308356
24 99 0.000000

25 0 0.000000
25 1 0.322435
25 2 0.290553
25 3 0.359291
25 4 0.411640
25 5 0.399643
25 6 0.425265
25 7 0.396939
25 8 0.388369
25 9 0.353563
25 10 0.324599
25 11 0.281368
25 12 0.238087
25 13 0.185095
25 14 0.131680
25 15 0.074872
25 16 0.022684
25 17 -0.023660
25 18 -0.058654
25 19 -0.081000
25 20 -0.090092
25 21 -0.087394
25 22 -0.077116
25 23 -0.062587
25 24 -0.049544
25 25 -0.039907
25 26 -0.037285
25 27 -0.040107
25 28 -0.048879
25 29 -0.059444
25 30 -0.070943
25 31 -0.079021
25 32 -0.083513
25 33 -0.081310
25 34 -0.073523
25 35 -0.058129
25 36 -0.036979
25 37 -0.008464
25 38 0.025225
25 39 0.065422
25 40 0.109385
25 41 0.157868
25 42 0.207264
25 43 0.257639
25 44 0.304677
25 45 0.348178
25 46 0.383752
25 47 0.411644
25 48 0.428126
25 49 0.434484
25 50 0.428141
25 51 0.411680
25 52 0.383798
25 53 0.348250
25 54 0.304757
25 55 0.257749
25 56 0.207382
25 57 0.158013
25 58 0.109545
25 59 0.065597
25 60 0.025431
25 61 -0.008267
25 62 -0.036723
25 63 -0.057926
25 64 -0.073217
25 65 -0.081130
25 66 -0.083179
25 67 -0.078926
25 68 -0.070655
25 69 -0.059562
25 70 -0.048819
25 71 -0.040696
25 72 -0.037840
25 73 -0.041466
25 74 -0.051450
25 75 -0.066003
25 76 -0.081606
25 77 -0.094053
25 78 -0.098932
25 79 -0.092689
25 80 -0.073873
25 81 -0.042034
25 82 -0.000403
25 83 0.049420
25 84 0.101162
25 85 0.155004
25 86 0.204084
25 87 0.253315
25 88 0.295068
25 89 0.339086
25 90 0.372526
25 91 0.411907
25 92 0.427389
25 93 0.458582
25 94 0.433502
25 95 0.445972
25 96 0.374568
25 97 0.317045
25 98 0.300762
25 99 0.000000

26 0 0.000000
26 1 0.311589
26 2 0.276672
26 3 0.343602
26 4 0.394454
26 5 0.384132
26 6 0.413349
26 7 0.390183
26 8 0.388524
26 9 0.360941
26 10 0.339190
26 11 0.302020
26 12 0.263206
26 13 0.212260
26 14 0.158713
26 15 0.099110
26 16 0.042556
26 17 -0.009849
26 18 -0.050962
26 19 -0.079506
26 20 -0.093130
26 21 -0.093677
26 22 -0.083897
26 23 -0.068239
26 24 -0.051418
26 25 -0.037285
26 26 -0.028632
26 27 -0.026332
26 28 -0.029780
26 29 -0.037318
26 30 -0.046264
26 31 -0.054614
26 32 -0.059621
26 33 -0.060559
26 34 -0.055482
26 35 -0.045094
26 36 -0.027953
26 37 -0.005638
26 38 0.023189
26 39 0.056340
26 40 0.094961
26 41 0.136077
26 42 0.180336
26 43 0.223863
26 44 0.266826
26 45 0.304814
26 46 0.338024
26 47 0.362227
26 48 0.378339
26 49 0.383008
26 50 0.378345
26 51 0.362228
26 52 0.338040
26 53 0.304816
26 54 0.266857
26 55 0.223867
26 56 0.180382
26 57 0.136081
26 58 0.095025
26 59 0.056338
26 60 0.023272
26 61 -0.005656
26 62 -0.027849
26 63 -0.045142
26 64 -0.055360
26 65 -0.060668
26 66 -0.059505
26 67 -0.054846
26 68 -0.046232
26 69 -0.037805
26 70 -0.030019
26 71 -0.027337
26 72 -0.029543
26 73 -0.039320
26 74 -0.053757
26 75 -0.072214
26 76 -0.088924
26 77 -0.100990
26 78 -0.102627
26 79 -0.091931
26 80 -0.066926
26 81 -0.028961
26 82 0.018756
26 83 0.073092
26 84 0.127760
26 85 0.182027
26 86 0.229390
26 87 0.274528
26 88 0.310720
26 89 0.347929
26 90 0.374486
26 91 0.407419
26 92 0.417501
26 93 0.445214
26 94 0.418196
26 95 0.430567
26 96 0.361513
26 97 0.305907
26 98 0.293834
26 99 0.000000

27 0 0.000000
27 1 0.301844
27 2 0.263596
27 3 0.328861
27 4 0.378019
27 5 0.369361
27 6 0.401735
27 7 0.383640
27 8 0.388493
27 9 0.368167
27 10 0.353535
27 11 0.322900
27 12 0.288893
27 13 0.240963
27 14 0.187869
27 15 0.126561
27 16 0.065908
