0 0 0.000000
0 1 0.000000
0 2 0.000000
0 3 0.000000
0 4 0.000000
0 5 0.000000
0 6 0.000000
0 7 0.000000
0 8 0.000000
0 9 0.000000
0 10 0.000000
0 11 0.000000
0 12 0.000000
0 13 0.000000
0 14 0.000000
0 15 0.000000
0 16 0.000000
0 17 0.000000
0 18 0.000000
0 19 0.000000
0 20 0.000000
0 21 0.000000
0 22 0.000000
0 23 0.000000
0 24 0.000000
0 25 0.000000
0 26 0.000000
0 27 0.000000
0 28 0.000000
0 29 0.000000
0 30 0.000000
0 31 0.000000
0 32 0.000000
0 33 0.000000
0 34 0.000000
0 35 0.000000
0 36 0.000000
0 37 0.000000
0 38 0.000000
0 39 0.000000
0 40 0.000000
0 41 0.000000
0 42 0.000000
0 43 0.000000
0 44 0.000000
0 45 0.000000
0 46 0.000000
0 47 0.000000
0 48 0.000000
0 49 0.000000
0 50 0.000000
0 51 0.000000
0 52 0.000000
0 53 0.000000
0 54 0.000000
0 55 0.000000
0 56 0.000000
0 57 0.000000
0 58 0.000000
0 59 0.000000
0 60 0.000000
0 61 0.000000
0 62 0.000000
0 63 0.000000
0 64 0.000000
0 65 0.000000
0 66 0.000000
0 67 0.000000
0 68 0.000000
0 69 0.000000
0 70 0.000000
0 71 0.000000
0 72 0.000000
0 73 0.000000
0 74 0.000000
0 75 0.000000
0 76 0.000000
0 77 0.000000
0 78 0.000000
0 79 0.000000
0 80 0.000000
0 81 0.000000
0 82 0.000000
0 83 0.000000
0 84 0.000000
0 85 0.000000
0 86 0.000000
0 87 0.000000
0 88 0.000000
0 89 0.000000
0 90 0.000000
0 91 0.000000
0 92 0.000000
0 93 0.000000
0 94 0.000000
0 95 0.000000
0 96 0.000000
0 97 0.000000
0 98 0.000000
0 99 0.000000

1 0 0.000000
1 1 0.024813
1 2 0.030419
1 3 0.043572
1 4 0.053985
1 5 0.066536
1 6 0.077248
1 7 0.089562
1 8 0.099144
1 9 0.109195
1 10 0.115538
1 11 0.120254
1 12 0.120445
1 13 0.116755
1 14 0.108149
1 15 0.094492
1 16 0.076468
1 17 0.054093
1 18 0.029106
1 19 0.002091
1 20 -0.025058
1 21 -0.051422
1 22 -0.075702
1 23 -0.097095
1 24 -0.115156
1 25 -0.129397
1 26 -0.139999
1 27 -0.146668
1 28 -0.149806
1 29 -0.149157
1 30 -0.145133
1 31 -0.137559
1 32 -0.126942
1 33 -0.113391
1 34 -0.097684
1 35 -0.080329
1 36 -0.062374
1 37 -0.044581
1 38 -0.028012
1 39 -0.013334
1 40 -0.001264
1 41 0.007960
1 42 0.014193
1 43 0.017745
1 44 0.019006
1 45 0.018685
1 46 0.017437
1 47 0.016044
1 48 0.015066
1 49 0.015016
1 50 0.016064
1 51 0.018229
1 52 0.021165
1 53 0.024384
1 54 0.027117
1 55 0.028563
1 56 0.027828
1 57 0.024160
1 58 0.016950
1 59 0.005898
1 60 -0.008960
1 61 -0.027219
1 62 -0.048060
1 63 -0.070430
1 64 -0.092942
1 65 -0.114278
1 66 -0.132967
1 67 -0.147980
1 68 -0.158267
1 69 -0.163494
1 70 -0.163270
1 71 -0.158002
1 72 -0.147824
1 73 -0.133590
1 74 -0.115647
1 75 -0.094925
1 76 -0.071823
1 77 -0.047159
1 78 -0.021528
1 79 0.004373
1 80 0.029496
1 81 0.053309
1 82 0.074321
1 83 0.092346
1 84 0.105940
1 85 0.115340
1 86 0.119973
1 87 0.120108
1 88 0.116806
1 89 0.109512
1 90 0.101172
1 91 0.089757
1 92 0.079476
1 93 0.067123
1 94 0.056904
1 95 0.045412
1 96 0.036129
1 97 0.025076
1 98 0.019592
1 99 0.000000

2 0 0.000000
2 1 0.030419
2 2 0.035458
2 3 0.049267
2 4 0.060206
2 5 0.070759
2 6 0.080311
2 7 0.088204
2 8 0.093725
2 9 0.096968
2 10 0.096121
2 11 0.092058
2 12 0.082632
2 13 0.068892
2 14 0.049561
2 15 0.025734
2 16 -0.002222
2 17 -0.032865
2 18 -0.064290
2 19 -0.094713
2 20 -0.121662
2 21 -0.143625
2 22 -0.158842
2 23 -0.166844
2 24 -0.167365
2 25 -0.161224
2 26 -0.149491
2 27 -0.133755
2 28 -0.115579
2 29 -0.096467
2 30 -0.077614
2 31 -0.059869
2 32 -0.043720
2 33 -0.029359
2 34 -0.016767
2 35 -0.005845
2 36 0.003551
2 37 0.011476
2 38 0.017986
2 39 0.023018
2 40 0.026594
2 41 0.028669
2 42 0.029400
2 43 0.028916
2 44 0.027602
2 45 0.025777
2 46 0.023979
2 47 0.022577
2 48 0.022063
2 49 0.022641
2 50 0.024545
2 51 0.027639
2 52 0.031783
2 53 0.036460
2 54 0.041197
2 55 0.045220
2 56 0.047926
2 57 0.048548
2 58 0.046643
2 59 0.041737
2 60 0.033793
2 61 0.022797
2 62 0.009174
2 63 -0.006690
2 64 -0.024075
2 65 -0.042447
2 66 -0.061064
2 67 -0.079488
2 68 -0.097120
2 69 -0.113648
2 70 -0.128528
2 71 -0.141376
2 72 -0.151502
2 73 -0.158269
2 74 -0.160843
2 75 -0.158478
2 76 -0.150615
2 77 -0.136893
2 78 -0.117655
2 79 -0.093387
2 80 -0.065608
2 81 -0.035637
2 82 -0.005656
2 83 0.022719
2 84 0.047766
2 85 0.068142
2 86 0.083613
2 87 0.093216
2 88 0.098444
2 89 0.098457
2 90 0.095710
2 91 0.089516
2 92 0.081886
2 93 0.072813
2 94 0.062870
2 95 0.052764
2 96 0.042441
2 97 0.030596
2 98 0.024986
2 99 0.000000

3 0 0.000000
3 1 0.043572
3 2 0.049267
3 3 0.069766
3 4 0.083854
3 5 0.099692
3 6 0.112152
3 7 0.124176
3 8 0.131688
3 9 0.137295
3 10 0.137093
3 11 0.133167
3 12 0.122626
3 13 0.106652
3 14 0.084209
3 15 0.056038
3 16 0.023210
3 17 -0.013119
3 18 -0.050323
3 19 -0.086612
3 20 -0.119078
3 21 -0.146004
3 22 -0.165632
3 23 -0.177280
3 24 -0.181086
3 25 -0.177716
3 26 -0.168836
3 27 -0.155847
3 28 -0.140826
3 29 -0.124914
3 30 -0.109573
3 31 -0.095091
3 32 -0.082005
3 33 -0.069879
3 34 -0.058709
3 35 -0.047892
3 36 -0.037447
3 37 -0.027064
3 38 -0.017063
3 39 -0.007481
3 40 0.001173
3 41 0.008776
3 42 0.014931
3 43 0.019717
3 44 0.023047
3 45 0.025303
3 46 0.026670
3 47 0.027696
3 48 0.028618
3 49 0.029887
3 50 0.031531
3 51 0.033687
3 52 0.036021
3 53 0.038291
3 54 0.039846
3 55 0.040204
3 56 0.038632
3 57 0.034701
3 58 0.027925
3 59 0.018227
3 60 0.005619
3 61 -0.009496
3 62 -0.026600
3 63 -0.044962
3 64 -0.063821
3 65 -0.082480
3 66 -0.100282
3 67 -0.116866
3 68 -0.131832
3 69 -0.145130
3 70 -0.156412
3 71 -0.165599
3 72 -0.172028
3 73 -0.175269
3 74 -0.174275
3 75 -0.168375
3 76 -0.156664
3 77 -0.138806
3 78 -0.114909
3 79 -0.085530
3 80 -0.052297
3 81 -0.016606
3 82 0.018829
3 83 0.052480
3 84 0.081810
3 85 0.105845
3 86 0.123579
3 87 0.134509
3 88 0.139860
3 89 0.138797
3 90 0.134523
3 91 0.125267
3 92 0.115127
3 93 0.101664
3 94 0.088750
3 95 0.073570
3 96 0.060282
3 97 0.042555
3 98 0.035960
3 99 0.000000

4 0 0.000000
4 1 0.053985
4 2 0.060206
4 3 0.083854
4 4 0.100431
4 5 0.116579
4 6 0.129923
4 7 0.140220
4 8 0.145767
4 9 0.147546
4 10 0.142355
4 11 0.132433
4 12 0.114388
4 13 0.090515
4 14 0.059036
4 15 0.021959
4 16 -0.019920
4 17 -0.064441
4 18 -0.108636
4 19 -0.150150
4 20 -0.185437
4 21 -0.212790
4 22 -0.229991
4 23 -0.236995
4 24 -0.233925
4 25 -0.222559
4 26 -0.204871
4 27 -0.183468
4 28 -0.160685
4 29 -0.138543
4 30 -0.118380
4 31 -0.100839
4 32 -0.085899
4 33 -0.073063
4 34 -0.061549
4 35 -0.050593
4 36 -0.039517
4 37 -0.028027
4 38 -0.016012
4 39 -0.003803
4 40 0.008270
4 41 0.019589
4 42 0.029821
4 43 0.038504
4 44 0.045648
4 45 0.051156
4 46 0.055417
4 47 0.058589
4 48 0.061200
4 49 0.063364
4 50 0.065432
4 51 0.067206
4 52 0.068669
4 53 0.069241
4 54 0.068590
4 55 0.065931
4 56 0.060898
4 57 0.052851
4 58 0.041749
4 59 0.027416
4 60 0.010359
4 61 -0.009068
4 62 -0.029913
4 63 -0.051567
4 64 -0.073037
4 65 -0.093925
4 66 -0.113621
4 67 -0.132215
4 68 -0.149543
4 69 -0.165972
4 70 -0.181340
4 71 -0.195664
4 72 -0.208188
4 73 -0.218080
4 74 -0.223884
4 75 -0.224126
4 76 -0.217411
4 77 -0.202566
4 78 -0.179491
4 79 -0.148287
4 80 -0.110845
4 81 -0.068719
4 82 -0.025160
4 83 0.017548
4 84 0.056557
4 85 0.089711
4 86 0.116330
4 87 0.134549
4 88 0.146483
4 89 0.150184
4 90 0.149584
4 91 0.142800
4 92 0.133419
4 93 0.120674
4 94 0.106085
4 95 0.090113
4 96 0.073858
4 97 0.053151
4 98 0.045234
4 99 0.000000

5 0 0.000000
5 1 0.066536
5 2 0.070759
5 3 0.099692
5 4 0.116579
5 5 0.134879
5 6 0.147788
5 7 0.157843
5 8 0.161504
5 9 0.160966
5 10 0.152605
5 11 0.139023
5 12 0.117172
5 13 0.089312
5 14 0.054258
5 15 0.013933
5 16 -0.030368
5 17 -0.076429
5 18 -0.121044
5 19 -0.161684
5 20 -0.194931
5 21 -0.218939
5 22 -0.232030
5 23 -0.234187
5 24 -0.226403
5 25 -0.210590
5 26 -0.189677
5 27 -0.166288
5 28 -0.143468
5 29 -0.122905
5 30 -0.106208
5 31 -0.093275
5 32 -0.083975
5 33 -0.076834
5 34 -0.070845
5 35 -0.064331
5 36 -0.056575
5 37 -0.046661
5 38 -0.034783
5 39 -0.020992
5 40 -0.006229
5 41 0.008948
5 42 0.023445
5 43 0.036819
5 44 0.048336
5 45 0.058014
5 46 0.065607
5 47 0.071528
5 48 0.075788
5 49 0.078875
5 50 0.080707
5 51 0.081536
5 52 0.080976
5 53 0.078953
5 54 0.074840
5 55 0.068430
5 56 0.059165
5 57 0.047059
5 58 0.031992
5 59 0.014481
5 60 -0.005005
5 61 -0.025488
5 62 -0.046143
5 63 -0.065973
5 64 -0.084336
5 65 -0.100802
5 66 -0.115382
5 67 -0.128472
5 68 -0.140662
5 69 -0.152761
5 70 -0.165216
5 71 -0.178326
5 72 -0.191512
5 73 -0.203852
5 74 -0.213543
5 75 -0.218675
5 76 -0.217166
5 77 -0.207313
5 78 -0.188356
5 79 -0.160059
5 80 -0.124009
5 81 -0.081725
5 82 -0.036626
5 83 0.008880
5 84 0.051396
5 85 0.088726
5 86 0.119456
5 87 0.141882
5 88 0.157424
5 89 0.164330
5 90 0.166187
5 91 0.160953
5 92 0.152643
5 93 0.139470
5 94 0.124700
5 95 0.106232
5 96 0.089204
5 97 0.063431
5 98 0.056654
5 99 0.000000

6 0 0.000000
6 1 0.077248
6 2 0.080311
6 3 0.112152
6 4 0.129923
6 5 0.147788
6 6 0.159881
6 7 0.167487
6 8 0.167888
6 9 0.163353
6 10 0.149958
6 11 0.131480
6 12 0.104091
6 13 0.071397
6 14 0.031622
6 15 -0.012418
6 16 -0.059560
6 17 -0.107327
6 18 -0.152294
6 19 -0.192232
6 20 -0.223422
6 21 -0.244748
6 22 -0.254367
6 23 -0.253247
6 24 -0.242355
6 25 -0.224598
6 26 -0.202814
6 27 -0.180343
6 28 -0.159832
6 29 -0.143229
6 30 -0.131344
6 31 -0.123935
6 32 -0.119823
6 33 -0.117276
6 34 -0.114296
6 35 -0.109160
6 36 -0.100483
6 37 -0.087716
6 38 -0.070780
6 39 -0.050480
6 40 -0.027757
6 41 -0.004129
6 42 0.019259
6 43 0.041013
6 44 0.060477
6 45 0.076857
6 46 0.090177
6 47 0.100195
6 48 0.107350
6 49 0.111575
6 50 0.113302
6 51 0.112273
6 52 0.108660
6 53 0.101927
6 54 0.092065
6 55 0.078508
6 56 0.061431
6 57 0.040660
6 58 0.016950
6 59 -0.009199
6 60 -0.036359
6 61 -0.063508
6 62 -0.088950
6 63 -0.111775
6 64 -0.130783
6 65 -0.145951
6 66 -0.157190
6 67 -0.165658
6 68 -0.172262
6 69 -0.178749
6 70 -0.186037
6 71 -0.195192
6 72 -0.205928
6 73 -0.217597
6 74 -0.228302
6 75 -0.235823
6 76 -0.237668
6 77 -0.231430
6 78 -0.215911
6 79 -0.190136
6 80 -0.155513
6 81 -0.113112
6 82 -0.066472
6 83 -0.018035
6 84 0.028637
6 85 0.070766
6 86 0.107100
6 87 0.134816
6 88 0.156027
6 89 0.167530
6 90 0.173886
6 91 0.171857
6 92 0.165958
6 93 0.154359
6 94 0.139570
6 95 0.120905
6 96 0.102209
6 97 0.073456
6 98 0.066730
6 99 0.000000

7 0 0.000000
7 1 0.089562
7 2 0.088204
7 3 0.124176
7 4 0.140220
7 5 0.157843
7 6 0.167487
7 7 0.172189
7 8 0.168802
7 9 0.159929
7 10 0.142152
7 11 0.119359
7 12 0.088315
7 13 0.052792
7 14 0.011362
7 15 -0.032953
7 16 -0.078988
7 17 -0.124094
7 18 -0.165184
7 19 -0.199958
7 20 -0.225344
7 21 -0.240279
7 22 -0.243803
7 23 -0.236995
7 24 -0.221777
7 25 -0.201062
7 26 -0.178468
7 27 -0.157033
7 28 -0.139808
7 29 -0.128011
7 30 -0.122458
7 31 -0.121839
7 32 -0.124767
7 33 -0.128365
7 34 -0.130524
7 35 -0.128583
7 36 -0.121392
7 37 -0.107829
7 38 -0.088458
7 39 -0.063835
7 40 -0.035833
7 41 -0.005865
7 42 0.023904
7 43 0.052236
7 44 0.077531
7 45 0.099313
7 46 0.116802
7 47 0.130243
7 48 0.139384
7 49 0.144748
7 50 0.146138
7 51 0.143932
7 52 0.137704
7 53 0.127589
7 54 0.113045
7 55 0.094256
7 56 0.070993
7 57 0.043955
7 58 0.013669
7 59 -0.018383
7 60 -0.050872
7 61 -0.081798
7 62 -0.109587
7 63 -0.132563
7 64 -0.149872
7 65 -0.161130
7 66 -0.166947
7 67 -0.168592
7 68 -0.167968
7 69 -0.167248
7 70 -0.168371
7 71 -0.172826
7 72 -0.181018
7 73 -0.192399
7 74 -0.205193
7 75 -0.216838
7 76 -0.224424
7 77 -0.224899
7 78 -0.216386
7 79 -0.197264
7 80 -0.168346
7 81 -0.130310
7 82 -0.086416
7 83 -0.039034
7 84 0.008191
7 85 0.052341
7 86 0.091788
7 87 0.123545
7 88 0.149140
7 89 0.165324
7 90 0.175973
7 91 0.177933
7 92 0.175180
7 93 0.165797
7 94 0.152592
7 95 0.133517
7 96 0.115581
7 97 0.082452
7 98 0.078889
7 99 0.000000

8 0 0.000000
8 1 0.099144
8 2 0.093725
8 3 0.131688
8 4 0.145767
8 5 0.161504
8 6 0.167888
8 7 0.168802
8 8 0.160694
8 9 0.147368
8 10 0.124758
8 11 0.098225
8 12 0.063922
8 13 0.026699
8 14 -0.015189
8 15 -0.058390
8 16 -0.101781
8 17 -0.143102
8 18 -0.179188
8 19 -0.208615
8 20 -0.228239
8 21 -0.238089
8 22 -0.237146
8 23 -0.227546
8 24 -0.211048
8 25 -0.191370
8 26 -0.171700
8 27 -0.155481
8 28 -0.144968
8 29 -0.141391
8 30 -0.144460
8 31 -0.152658
8 32 -0.163399
8 33 -0.173667
8 34 -0.180323
8 35 -0.180900
8 36 -0.173557
8 37 -0.157797
8 38 -0.133841
8 39 -0.103225
8 40 -0.067677
8 41 -0.029757
8 42 0.008514
8 43 0.044769
8 44 0.077696
8 45 0.105818
8 46 0.128835
8 47 0.146123
8 48 0.158068
8 49 0.164419
8 50 0.165701
8 51 0.161572
8 52 0.152380
8 53 0.137596
8 54 0.117518
8 55 0.091770
8 56 0.061076
8 57 0.025741
8 58 -0.012619
8 59 -0.052739
8 60 -0.092119
8 61 -0.128891
8 62 -0.160385
8 63 -0.185152
8 64 -0.201534
8 65 -0.209666
8 66 -0.209820
8 67 -0.204163
8 68 -0.194730
8 69 -0.184855
8 70 -0.176891
8 71 -0.173444
8 72 -0.175285
8 73 -0.182595
8 74 -0.193648
8 75 -0.206011
8 76 -0.216441
8 77 -0.221451
8 78 -0.218620
8 79 -0.205575
8 80 -0.182638
8 81 -0.149741
8 82 -0.109889
8 83 -0.065000
8 84 -0.018666
8 85 0.026136
8 86 0.067859
8 87 0.102813
8 88 0.132905
8 89 0.153575
8 90 0.169447
8 91 0.175794
8 92 0.177414
8 93 0.171213
8 94 0.160453
8 95 0.142509
8 96 0.125417
8 97 0.089814
8 98 0.088931
8 99 0.000000

9 0 0.000000
9 1 0.109195
9 2 0.096968
9 3 0.137295
9 4 0.147546
9 5 0.160966
9 6 0.163353
9 7 0.159929
9 8 0.147368
9 9 0.129656
9 10 0.103375
9 11 0.074185
9 12 0.038533
9 13 0.001691
9 14 -0.038258
9 15 -0.077652
9 16 -0.115925
9 17 -0.150735
9 18 -0.179746
9 19 -0.201626
9 20 -0.214195
9 21 -0.217597
9 22 -0.211753
9 23 -0.198759
9 24 -0.181132
9 25 -0.162246
9 26 -0.145748
9 27 -0.134367
9 28 -0.130504
9 29 -0.134351
9 30 -0.145566
9 31 -0.161442
9 32 -0.179357
9 33 -0.195175
9 34 -0.205957
9 35 -0.208356
9 36 -0.201096
9 37 -0.183093
9 38 -0.155479
9 39 -0.119414
9 40 -0.077755
9 41 -0.032748
9 42 0.012400
9 43 0.055721
9 44 0.094779
9 45 0.128649
9 46 0.156015
9 47 0.176959
9 48 0.190943
9 49 0.198526
9 50 0.199368
9 51 0.193995
9 52 0.181930
9 53 0.163557
9 54 0.138416
9 55 0.107108
9 56 0.069722
9 57 0.027640
9 58 -0.018000
9 59 -0.064760
9 60 -0.110472
9 61 -0.152083
9 62 -0.187219
9 63 -0.213392
9 64 -0.229375
9 65 -0.234600
9 66 -0.230051
9 67 -0.217640
9 68 -0.200424
9 69 -0.181881
9 70 -0.165541
9 71 -0.154336
9 72 -0.150081
9 73 -0.153170
9 74 -0.162507
9 75 -0.175535
9 76 -0.189101
9 77 -0.199222
9 78 -0.203109
9 79 -0.197677
9 80 -0.182658
9 81 -0.157306
9 82 -0.124071
9 83 -0.084448
9 84 -0.041681
9 85 0.001311
9 86 0.043060
9 87 0.079621
9 88 0.112690
9 89 0.137356
9 90 0.157722
9 91 0.168899
9 92 0.174910
9 93 0.172733
9 94 0.165194
9 95 0.148871
9 96 0.134326
9 97 0.095691
9 98 0.100158
9 99 0.000000

10 0 0.000000
10 1 0.115538
10 2 0.096121
10 3 0.137093
10 4 0.142355
10 5 0.152605
10 6 0.149958
10 7 0.142152
10 8 0.124758
10 9 0.103375
10 10 0.073970
10 11 0.043412
10 12 0.007754
10 13 -0.027194
10 14 -0.063541
10 15 -0.097865
10 16 -0.129673
10 17 -0.157467
10 18 -0.178927
10 19 -0.193857
10 20 -0.200019
10 21 -0.198667
10 22 -0.189501
10 23 -0.175489
10 24 -0.158672
10 25 -0.142962
10 26 -0.131247
10 27 -0.126489
10 28 -0.130091
10 29 -0.142304
10 30 -0.161665
10 31 -0.185530
10 32 -0.210184
10 33 -0.231728
10 34 -0.246283
10 35 -0.251028
10 36 -0.243949
10 37 -0.224792
10 38 -0.194122
10 39 -0.154164
10 40 -0.107286
10 41 -0.056922
10 42 -0.005758
10 43 0.043028
10 44 0.087631
10 45 0.125965
10 46 0.157480
10 47 0.181168
10 48 0.197376
10 49 0.205638
10 50 0.206583
10 51 0.199763
10 52 0.185728
10 53 0.163941
10 54 0.135019
10 55 0.098722
10 56 0.056273
10 57 0.008328
10 58 -0.042775
10 59 -0.095197
10 60 -0.145530
10 61 -0.191231
10 62 -0.228733
10 63 -0.256066
10 64 -0.270993
10 65 -0.273599
10 66 -0.264184
10 67 -0.245544
10 68 -0.220439
10 69 -0.193450
10 70 -0.168135
10 71 -0.148594
10 72 -0.136812
10 73 -0.134169
10 74 -0.139653
10 75 -0.151277
10 76 -0.165725
10 77 -0.179056
10 78 -0.188055
10 79 -0.189200
10 80 -0.181668
10 81 -0.164000
10 82 -0.138142
10 83 -0.104903
10 84 -0.067187
10 85 -0.027570
10 86 0.012692
10 87 0.049410
10 88 0.084536
10 89 0.112236
10 90 0.137087
10 91 0.152756
10 92 0.163988
10 93 0.166120
10 94 0.163061
10 95 0.149246
10 96 0.138396
10 97 0.098232
10 98 0.108478
10 99 0.000000

11 0 0.000000
11 1 0.120254
11 2 0.092058
11 3 0.133167
11 4 0.132433
11 5 0.139023
11 6 0.131480
11 7 0.119359
11 8 0.098225
11 9 0.074185
11 10 0.043412
11 11 0.013329
11 12 -0.020313
11 13 -0.051191
11 14 -0.082141
11 15 -0.109492
11 16 -0.133719
11 17 -0.153332
11 18 -0.167048
11 19 -0.174748
11 20 -0.175136
11 21 -0.169386
11 22 -0.157926
11 23 -0.143338
11 24 -0.128136
11 25 -0.115526
11 26 -0.108665
11 27 -0.109574
11 28 -0.119838
11 29 -0.138658
11 30 -0.164802
11 31 -0.194574
11 32 -0.224648
11 33 -0.250147
11 34 -0.267793
11 35 -0.273889
11 36 -0.267249
11 37 -0.246835
11 38 -0.214238
11 39 -0.170954
11 40 -0.120519
11 41 -0.065637
11 42 -0.010241
11 43 0.043272
11 44 0.091831
11 45 0.134221
11 46 0.168650
11 47 0.195084
11 48 0.212674
11 49 0.222020
11 50 0.222612
11 51 0.215139
11 52 0.199066
11 53 0.175046
11 54 0.142669
11 55 0.102920
11 56 0.056071
11 57 0.004023
11 58 -0.051739
11 59 -0.108121
11 60 -0.162480
11 61 -0.211034
11 62 -0.250920
11 63 -0.279017
11 64 -0.293795
11 65 -0.294376
11 66 -0.281844
11 67 -0.258314
11 68 -0.227473
11 69 -0.193533
11 70 -0.161110
11 71 -0.134204
11 72 -0.115877
11 73 -0.107536
11 74 -0.109090
11 75 -0.118510
11 76 -0.133069
11 77 -0.148555
11 78 -0.161908
11 79 -0.169060
11 80 -0.168938
11 81 -0.159370
11 82 -0.141797
11 83 -0.116372
11 84 -0.085440
11 85 -0.051231
11 86 -0.014551
11 87 0.020312
11 88 0.055546
11 89 0.084868
11 90 0.112765
11 91 0.132430
11 92 0.148131
11 93 0.154920
11 94 0.156376
11 95 0.145759
11 96 0.139586
11 97 0.098283
11 98 0.115997
11 99 0.000000

12 0 0.000000
12 1 0.120445
12 2 0.082632
12 3 0.122626
12 4 0.114388
12 5 0.117172
12 6 0.104091
12 7 0.088315
12 8 0.063922
12 9 0.038533
12 10 0.007754
12 11 -0.020313
12 12 -0.050277
12 13 -0.075861
12 14 -0.100132
12 15 -0.120089
12 16 -0.136311
12 17 -0.148342
12 18 -0.154843
12 19 -0.156771
12 20 -0.152545
12 21 -0.144213
12 22 -0.131640
12 23 -0.117994
12 24 -0.104977
12 25 -0.096162
12 26 -0.093748
12 27 -0.100058
12 28 -0.115687
12 29 -0.140216
12 30 -0.171462
12 31 -0.206260
12 32 -0.240375
12 33 -0.269623
12 34 -0.289833
12 35 -0.298143
12 36 -0.292461
12 37 -0.272716
12 38 -0.239568
12 39 -0.195608
12 40 -0.143417
12 41 -0.086909
12 42 -0.029034
12 43 0.026518
12 44 0.077703
12 45 0.121969
12 46 0.158619
12 47 0.186282
12 48 0.205282
12 49 0.214915
12 50 0.215918
12 51 0.207720
12 52 0.191094
12 53 0.165477
12 54 0.131796
12 55 0.089868
12 56 0.041303
12 57 -0.013115
12 58 -0.070588
12 59 -0.129081
12 60 -0.184674
12 61 -0.234584
12 62 -0.274726
12 63 -0.302919
12 64 -0.316497
12 65 -0.315482
12 66 -0.299963
12 67 -0.272954
12 68 -0.237346
12 69 -0.198301
12 70 -0.159887
12 71 -0.127113
12 72 -0.102751
12 73 -0.089217
12 74 -0.086306
12 75 -0.092861
12 76 -0.106072
12 77 -0.122276
12 78 -0.138211
12 79 -0.149897
12 80 -0.155870
12 81 -0.153591
12 82 -0.143979
12 83 -0.126560
12 84 -0.103157
12 85 -0.075444
12 86 -0.043785
12 87 -0.012323
12 88 0.021507
12 89 0.050965
12 90 0.080950
12 91 0.103593
12 92 0.123752
12 93 0.134840
12 94 0.141797
12 95 0.134685
12 96 0.134854
12 97 0.093525
12 98 0.119814
12 99 0.000000

13 0 0.000000
13 1 0.116755
13 2 0.068892
13 3 0.106652
13 4 0.090515
13 5 0.089312
13 6 0.071397
13 7 0.052792
13 8 0.026699
13 9 0.001691
13 10 -0.027194
13 11 -0.051191
13 12 -0.075861
13 13 -0.094489
13 14 -0.111291
13 15 -0.123088
13 16 -0.131571
13 17 -0.136226
13 18 -0.136647
13 19 -0.133625
13 20 -0.126259
13 21 -0.116160
13 22 -0.103630
13 23 -0.091109
13 24 -0.080599
13 25 -0.074766
13 26 -0.076137
13 27 -0.086090
13 28 -0.105712
13 29 -0.133685
13 30 -0.168526
13 31 -0.206205
13 32 -0.243350
13 33 -0.274876
13 34 -0.297570
13 35 -0.307571
13 36 -0.303807
13 37 -0.285101
13 38 -0.253207
13 39 -0.209539
13 40 -0.157874
13 41 -0.100916
13 42 -0.042929
13 43 0.013630
13 44 0.065306
13 45 0.110813
13 46 0.147991
13 47 0.176787
13 48 0.196059
13 49 0.206481
13 50 0.207349
13 51 0.199528
13 52 0.182385
13 53 0.156822
13 54 0.122399
13 55 0.080393
13 56 0.031079
13 57 -0.023340
13 58 -0.081369
13 59 -0.139620
13 60 -0.195433
13 61 -0.244748
13 62 -0.284674
13 63 -0.311825
13 64 -0.324632
13 65 -0.321978
13 66 -0.304936
13 67 -0.275466
13 68 -0.237357
13 69 -0.194857
13 70 -0.152916
13 71 -0.115850
13 72 -0.087358
13 73 -0.069433
13 74 -0.062843
13 75 -0.066221
13 76 -0.077670
13 77 -0.093367
13 78 -0.110717
13 79 -0.125438
13 80 -0.136335
13 81 -0.140335
13 82 -0.138200
13 83 -0.128789
13 84 -0.113455
13 85 -0.093325
13 86 -0.068149
13 87 -0.041902
13 88 -0.011412
13 89 0.016278
13 90 0.046494
13 91 0.070771
13 92 0.094079
13 93 0.109077
13 94 0.121085
13 95 0.117973
13 96 0.125047
13 97 0.084805
13 98 0.120442
13 99 0.000000

14 0 0.000000
14 1 0.108149
14 2 0.049561
14 3 0.084209
14 4 0.059036
14 5 0.054258
14 6 0.031622
14 7 0.011362
14 8 -0.015189
14 9 -0.038258
14 10 -0.063541
14 11 -0.082141
14 12 -0.100132
14 13 -0.111291
14 14 -0.120120
14 15 -0.124303
14 16 -0.125521
14 17 -0.124205
14 18 -0.119616
14 19 -0.113350
14 20 -0.103867
14 21 -0.093356
14 22 -0.081236
14 23 -0.070368
14 24 -0.061756
14 25 -0.058492
14 26 -0.062131
14 27 -0.074639
14 28 -0.096236
14 29 -0.126415
14 30 -0.162893
14 31 -0.202628
14 32 -0.241405
14 33 -0.275207
14 34 -0.299825
14 35 -0.312485
14 36 -0.310933
14 37 -0.295101
14 38 -0.265413
14 39 -0.224465
14 40 -0.174625
14 41 -0.119899
14 42 -0.063109
14 43 -0.008146
14 44 0.043003
14 45 0.087514
14 46 0.124728
14 47 0.152999
14 48 0.172728
14 49 0.182980
14 50 0.184637
14 51 0.176959
14 52 0.160921
14 53 0.135840
14 54 0.102878
14 55 0.061743
14 56 0.014271
14 57 -0.038883
14 58 -0.094735
14 59 -0.151422
14 60 -0.204890
14 61 -0.252561
14 62 -0.290234
14 63 -0.315914
14 64 -0.326779
14 65 -0.322954
14 66 -0.304281
14 67 -0.273777
14 68 -0.234031
14 69 -0.190196
14 70 -0.146130
14 71 -0.106999
14 72 -0.075651
14 73 -0.054974
14 74 -0.045219
14 75 -0.045974
14 76 -0.055119
14 77 -0.069718
14 78 -0.087085
14 79 -0.103533
14 80 -0.117699
14 81 -0.126653
14 82 -0.130804
14 83 -0.128722
14 84 -0.121242
14 85 -0.109003
14 86 -0.091159
14 87 -0.071330
14 88 -0.045731
14 89 -0.021468
14 90 0.007400
14 91 0.031774
14 92 0.057330
14 93 0.075291
14 94 0.092623
14 95 0.093334
14 96 0.108801
14 97 0.070514
14 98 0.116699
14 99 0.000000

15 0 0.000000
15 1 0.094492
15 2 0.025734
15 3 0.056038
15 4 0.021959
15 5 0.013933
15 6 -0.012418
15 7 -0.032953
15 8 -0.058390
15 9 -0.077652
15 10 -0.097865
15 11 -0.109492
15 12 -0.120089
15 13 -0.123088
15 14 -0.124303
15 15 -0.121187
15 16 -0.116399
15 17 -0.110055
15 18 -0.102060
15 19 -0.093485
15 20 -0.083187
15 21 -0.072602
15 22 -0.061451
15 23 -0.051691
15 24 -0.044705
15 25 -0.042660
15 26 -0.047712
15 27 -0.060968
15 28 -0.083529
15 29 -0.114087
15 30 -0.151467
15 31 -0.191781
15 32 -0.232031
15 33 -0.267188
15 34 -0.294277
15 35 -0.309281
15 36 -0.311166
15 37 -0.298415
15 38 -0.272707
15 39 -0.235052
15 40 -0.189169
15 41 -0.137412
15 42 -0.084084
15 43 -0.031390
15 44 0.017073
15 45 0.060199
15 46 0.095628
15 47 0.123458
15 48 0.142335
15 49 0.153092
15 50 0.154823
15 51 0.148564
15 52 0.133490
15 53 0.110678
15 54 0.079492
15 55 0.041359
15 56 -0.003663
15 57 -0.053271
15 58 -0.106236
15 59 -0.159141
15 60 -0.209648
15 61 -0.253733
15 62 -0.288840
15 63 -0.311617
15 64 -0.320751
15 65 -0.315046
15 66 -0.295642
15 67 -0.264226
15 68 -0.224439
15 69 -0.180114
15 70 -0.135973
15 71 -0.095976
15 72 -0.063789
15 73 -0.041365
15 74 -0.029861
15 75 -0.028288
15 76 -0.035546
15 77 -0.048409
15 78 -0.065186
15 79 -0.081986
15 80 -0.098197
15 81 -0.110558
15 82 -0.119812
15 83 -0.124017
15 84 -0.123887
15 85 -0.119497
15 86 -0.109489
15 87 -0.097117
15 88 -0.077807
15 89 -0.058711
15 90 -0.032998
15 91 -0.010277
15 92 0.015955
15 93 0.035825
15 94 0.057693
15 95 0.062265
15 96 0.086347
15 97 0.051386
15 98 0.108154
15 99 0.000000

16 0 0.000000
16 1 0.076468
16 2 -0.002222
16 3 0.023210
16 4 -0.019920
16 5 -0.030368
16 6 -0.059560
16 7 -0.078988
16 8 -0.101781
16 9 -0.115925
16 10 -0.129673
16 11 -0.133719
16 12 -0.136311
16 13 -0.131571
16 14 -0.125521
16 15 -0.116399
16 16 -0.106561
16 17 -0.096806
16 18 -0.086334
16 19 -0.076756
16 20 -0.065986
16 21 -0.055926
16 22 -0.045269
16 23 -0.036488
16 24 -0.029968
16 25 -0.028563
16 26 -0.033523
16 27 -0.046884
16 28 -0.068914
16 29 -0.099457
16 30 -0.136483
16 31 -0.177395
16 32 -0.218196
16 33 -0.255187
16 34 -0.284158
16 35 -0.302418
16 36 -0.307453
16 37 -0.299090
16 38 -0.277331
16 39 -0.244606
16 40 -0.202835
16 41 -0.155912
16 42 -0.106269
16 43 -0.057784
16 44 -0.012132
16 45 0.027791
16 46 0.061583
16 47 0.087464
16 48 0.106054
16 49 0.116240
16 50 0.119087
16 51 0.113635
16 52 0.101003
16 53 0.080243
16 54 0.052621
16 55 0.017541
16 56 -0.023100
16 57 -0.068994
16 58 -0.117154
16 59 -0.166119
16 60 -0.211892
16 61 -0.252347
16 62 -0.283376
16 63 -0.303422
16 64 -0.309695
16 65 -0.302617
16 66 -0.281865
16 67 -0.250490
16 68 -0.210647
16 69 -0.167251
16 70 -0.123561
16 71 -0.084427
16 72 -0.052211
16 73 -0.029717
16 74 -0.017130
16 75 -0.014399
16 76 -0.019862
16 77 -0.031301
16 78 -0.046791
16 79 -0.063352
16 80 -0.080267
16 81 -0.094873
16 82 -0.107741
16 83 -0.117103
16 84 -0.123318
16 85 -0.126282
16 86 -0.124067
16 87 -0.119614
16 88 -0.107575
16 89 -0.094952
16 90 -0.073978
16 91 -0.054568
16 92 -0.029103
16 93 -0.008702
16 94 0.017152
16 95 0.024962
16 96 0.058325
16 97 0.027349
16 98 0.095209
16 99 0.000000

17 0 0.000000
17 1 0.054093
17 2 -0.032865
17 3 -0.013119
17 4 -0.064441
17 5 -0.076429
17 6 -0.107327
17 7 -0.124094
17 8 -0.143102
17 9 -0.150735
17 10 -0.157467
17 11 -0.153332
17 12 -0.148342
17 13 -0.136226
17 14 -0.124205
17 15 -0.110055
17 16 -0.096806
17 17 -0.084606
17 18 -0.073017
17 19 -0.062845
17 20 -0.052313
17 21 -0.042448
17 22 -0.032375
17 23 -0.023685
17 24 -0.017420
17 25 -0.015565
17 26 -0.020284
17 27 -0.032745
17 28 -0.054371
17 29 -0.084082
17 30 -0.121184
17 31 -0.162019
17 32 -0.204025
17 33 -0.242228
17 34 -0.273891
17 35 -0.294802
17 36 -0.303949
17 37 -0.299408
17 38 -0.282744
17 39 -0.254464
17 40 -0.218152
17 41 -0.175659
17 42 -0.131201
17 43 -0.086536
17 44 -0.045243
17 45 -0.008042
17 46 0.022655
17 47 0.047268
17 48 0.064317
17 49 0.074885
17 50 0.077857
17 51 0.074436
17 52 0.063505
17 53 0.046227
17 54 0.021611
17 55 -0.008888
17 56 -0.045611
17 57 -0.086273
17 58 -0.130072
17 59 -0.173660
17 60 -0.215158
17 61 -0.250665
17 62 -0.278093
17 63 -0.294225
17 64 -0.298147
17 65 -0.288690
17 66 -0.267190
17 67 -0.235118
17 68 -0.196000
17 69 -0.153168
17 70 -0.110970
17 71 -0.072732
17 72 -0.041738
17 73 -0.019470
17 74 -0.007034
17 75 -0.003393
17 76 -0.007912
17 77 -0.017757
17 78 -0.032103
17 79 -0.047611
17 80 -0.064583
17 81 -0.080069
17 82 -0.095394
17 83 -0.108434
17 84 -0.119890
17 85 -0.129218
17 86 -0.134327
17 87 -0.137760
17 88 -0.133464
17 89 -0.128297
17 90 -0.113318
17 91 -0.098803
17 92 -0.075592
17 93 -0.056117
17 94 -0.027356
17 95 -0.016880
17 96 0.025360
17 97 -0.000545
17 98 0.077507
17 99 0.000000

18 0 0.000000
18 1 0.029106
18 2 -0.064290
18 3 -0.050323
18 4 -0.108636
18 5 -0.121044
18 6 -0.152294
18 7 -0.165184
18 8 -0.179188
18 9 -0.179746
18 10 -0.178927
18 11 -0.167048
18 12 -0.154843
18 13 -0.136647
18 14 -0.119616
18 15 -0.102060
18 16 -0.086334
18 17 -0.073017
18 18 -0.060688
18 19 -0.050613
18 20 -0.039989
18 21 -0.030452
18 22 -0.020164
18 23 -0.011518
18 24 -0.004632
18 25 -0.002476
18 26 -0.006271
18 27 -0.018336
18 28 -0.039079
18 29 -0.068730
18 30 -0.105462
18 31 -0.147062
18 32 -0.189666
18 33 -0.229851
18 34 -0.263361
18 35 -0.287608
18 36 -0.299825
18 37 -0.299789
18 38 -0.287094
18 39 -0.264037
18 40 -0.232059
18 41 -0.194918
18 42 -0.154559
18 43 -0.114769
18 44 -0.076768
18 45 -0.043429
18 46 -0.014752
18 47 0.007423
18 48 0.024039
18 49 0.033820
18 50 0.038054
18 51 0.035508
18 52 0.027422
18 53 0.012479
18 54 -0.008015
18 55 -0.035084
18 56 -0.066838
18 57 -0.103424
18 58 -0.141888
18 59 -0.181244
18 60 -0.217559
18 61 -0.249197
18 62 -0.272139
18 63 -0.285307
18 64 -0.285965
18 65 -0.274910
18 66 -0.251722
18 67 -0.219592
18 68 -0.180318
18 69 -0.138659
18 70 -0.097274
18 71 -0.060659
18 72 -0.030533
18 73 -0.009400
18 74 0.002942
18 75 0.006528
18 76 0.002935
18 77 -0.006033
18 78 -0.018981
18 79 -0.033569
18 80 -0.049809
18 81 -0.065594
18 82 -0.082085
18 83 -0.097727
18 84 -0.113024
18 85 -0.127673
18 86 -0.139181
18 87 -0.150061
18 88 -0.153505
18 89 -0.156270
18 90 -0.148228
18 91 -0.139870
18 92 -0.120336
18 93 -0.103305
18 94 -0.072838
18 95 -0.060754
18 96 -0.010259
18 97 -0.030782
18 98 0.056464
18 99 0.000000

19 0 0.000000
19 1 0.002091
19 2 -0.094713
19 3 -0.086612
19 4 -0.150150
19 5 -0.161684
19 6 -0.192232
19 7 -0.199958
19 8 -0.208615
19 9 -0.201626
19 10 -0.193857
19 11 -0.174748
19 12 -0.156771
19 13 -0.133625
19 14 -0.113350
19 15 -0.093485
19 16 -0.076756
19 17 -0.062845
19 18 -0.050613
19 19 -0.040460
19 20 -0.030056
19 21 -0.020254
19 22 -0.009964
19 23 -0.000786
19 24 0.006200
19 25 0.008941
19 26 0.005108
19 27 -0.006527
19 28 -0.027628
19 29 -0.057165
19 30 -0.094750
19 31 -0.136761
19 32 -0.180954
19 33 -0.222327
19 34 -0.258396
19 35 -0.284782
19 36 -0.300601
19 37 -0.303603
19 38 -0.295358
19 39 -0.275923
19 40 -0.248814
19 41 -0.215379
19 42 -0.179758
19 43 -0.143209
19 44 -0.109275
19 45 -0.078223
19 46 -0.052501
19 47 -0.031306
19 48 -0.016250
19 49 -0.005963
19 50 -0.001799
19 51 -0.002372
19 52 -0.009134
19 53 -0.020832
19 54 -0.038863
19 55 -0.061743
19 56 -0.090249
19 57 -0.122100
19 58 -0.156937
19 59 -0.191441
19 60 -0.224177
19 61 -0.251300
19 62 -0.271165
19 63 -0.280617
19 64 -0.279134
19 65 -0.265553
19 66 -0.241452
19 67 -0.208144
19 68 -0.169165
19 69 -0.127463
19 70 -0.087163
19 71 -0.051049
19 72 -0.022093
19 73 -0.001265
19 74 0.010495
19 75 0.014498
19 76 0.011208
19 77 0.003405
19 78 -0.008628
19 79 -0.021848
19 80 -0.037344
19 81 -0.052514
19 82 -0.069487
19 83 -0.086339
19 84 -0.104304
19 85 -0.122766
19 86 -0.139523
19 87 -0.156803
19 88 -0.167431
19 89 -0.178010
19 90 -0.177226
19 91 -0.175907
19 92 -0.161060
19 93 -0.147928
19 94 -0.117002
19 95 -0.104458
19 96 -0.047070
19 97 -0.061792
19 98 0.032344
19 99 0.000000

20 0 0.000000
20 1 -0.025058
20 2 -0.121662
20 3 -0.119078
20 4 -0.185437
20 5 -0.194931
20 6 -0.223422
20 7 -0.225344
20 8 -0.228239
20 9 -0.214195
20 10 -0.200019
20 11 -0.175136
20 12 -0.152545
20 13 -0.126259
20 14 -0.103867
20 15 -0.083187
20 16 -0.065986
20 17 -0.052313
20 18 -0.039989
20 19 -0.030056
20 20 -0.019278
20 21 -0.009450
20 22 0.001362
20 23 0.010446
20 24 0.017683
20 25 0.019861
20 26 0.015836
20 27 0.003167
20 28 -0.018420
20 29 -0.049266
20 30 -0.087458
20 31 -0.130981
20 32 -0.175958
20 33 -0.219228
20 34 -0.256511
20 35 -0.285444
20 36 -0.303115
20 37 -0.309409
20 38 -0.303614
20 39 -0.288020
20 40 -0.263641
20 41 -0.234178
20 42 -0.201108
20 43 -0.168186
20 44 -0.136186
20 45 -0.108018
20 46 -0.083299
20 47 -0.063995
20 48 -0.048851
20 49 -0.039360
20 50 -0.033998
20 51 -0.034296
20 52 -0.038848
20 53 -0.049329
20 54 -0.064319
20 55 -0.085237
20 56 -0.110109
20 57 -0.139500
20 58 -0.170395
20 59 -0.202234
20 60 -0.231051
20 61 -0.255647
20 62 -0.271987
20 63 -0.279414
20 64 -0.275153
20 65 -0.260340
20 66 -0.234421
20 67 -0.200768
20 68 -0.160890
20 69 -0.119538
20 70 -0.078937
20 71 -0.043440
20 72 -0.014305
20 73 0.006113
20 74 0.018347
20 75 0.022455
20 76 0.020107
20 77 0.012950
20 78 0.002198
20 79 -0.010112
20 80 -0.024411
20 81 -0.038980
20 82 -0.055555
20 83 -0.072969
20 84 -0.092246
20 85 -0.113364
20 86 -0.133889
20 87 -0.156414
20 88 -0.173198
20 89 -0.191040
20 90 -0.197394
20 91 -0.203518
20 92 -0.194171
20 93 -0.186175
20 94 -0.156200
20 95 -0.144541
20 96 -0.082197
20 97 -0.091255
20 98 0.006817
20 99 0.000000

21 0 0.000000
21 1 -0.051422
21 2 -0.143625
21 3 -0.146004
21 4 -0.212790
21 5 -0.218939
21 6 -0.244748
21 7 -0.240279
21 8 -0.238089
21 9 -0.217597
21 10 -0.198667
21 11 -0.169386
21 12 -0.144213
21 13 -0.116160
21 14 -0.093356
21 15 -0.072602
21 16 -0.055926
21 17 -0.042448
21 18 -0.030452
21 19 -0.020254
21 20 -0.009450
21 21 0.000812
21 22 0.011383
21 23 0.020374
21 24 0.026527
21 25 0.027801
21 26 0.021899
21 27 0.007874
21 28 -0.015839
21 29 -0.047904
21 30 -0.087983
21 31 -0.132303
21 32 -0.178893
21 33 -0.222728
21 34 -0.261692
21 35 -0.291360
21 36 -0.311141
21 37 -0.318585
21 38 -0.315402
21 39 -0.301284
21 40 -0.279779
21 41 -0.251787
21 42 -0.221472
21 43 -0.189654
21 44 -0.159964
21 45 -0.132298
21 46 -0.109276
21 47 -0.089794
21 48 -0.075706
21 49 -0.065392
21 50 -0.060491
21 51 -0.059398
21 52 -0.063874
21 53 -0.072466
21 54 -0.086889
21 55 -0.105478
21 56 -0.129341
21 57 -0.156045
21 58 -0.185583
21 59 -0.214532
21 60 -0.241833
21 61 -0.263585
21 62 -0.278524
21 63 -0.283453
21 64 -0.278177
21 65 -0.261435
21 66 -0.235013
21 67 -0.200015
21 68 -0.160027
21 69 -0.117686
21 70 -0.077063
21 71 -0.040600
21 72 -0.011227
21 73 0.010363
21 74 0.023170
21 75 0.028668
21 76 0.027141
21 77 0.021458
21 78 0.011621
21 79 0.000724
21 80 -0.012719
21 81 -0.026125
21 82 -0.042203
21 83 -0.059179
21 84 -0.078981
21 85 -0.101242
21 86 -0.124206
21 87 -0.150304
21 88 -0.171903
21 89 -0.195803
21 90 -0.208549
21 91 -0.221927
21 92 -0.218242
21 93 -0.216318
21 94 -0.188361
21 95 -0.178963
21 96 -0.113886
21 97 -0.117547
21 98 -0.019359
21 99 0.000000

22 0 0.000000
22 1 -0.075702
22 2 -0.158842
22 3 -0.165632
22 4 -0.229991
22 5 -0.232030
22 6 -0.254367
22 7 -0.243803
22 8 -0.237146
22 9 -0.211753
22 10 -0.189501
22 11 -0.157926
22 12 -0.131640
22 13 -0.103630
22 14 -0.081236
22 15 -0.061451
22 16 -0.045269
22 17 -0.032375
22 18 -0.020164
22 19 -0.009964
22 20 0.001362
22 21 0.011383
22 22 0.021792
22 23 0.029414
22 24 0.034197
22 25 0.032908
22 26 0.024846
22 27 0.007836
22 28 -0.017867
22 29 -0.052420
22 30 -0.093607
22 31 -0.139540
22 32 -0.186330
22 33 -0.231188
22 34 -0.269932
22 35 -0.300593
22 36 -0.320240
22 37 -0.329004
22 38 -0.325941
22 39 -0.313438
22 40 -0.292133
22 41 -0.265776
22 42 -0.235450
22 43 -0.205024
22 44 -0.174942
22 45 -0.148332
22 46 -0.124558
22 47 -0.105881
22 48 -0.090828
22 49 -0.081212
22 50 -0.075282
22 51 -0.074870
22 52 -0.078308
22 53 -0.087538
22 54 -0.100850
22 55 -0.119913
22 56 -0.142472
22 57 -0.169358
22 58 -0.197325
22 59 -0.226134
22 60 -0.251664
22 61 -0.273090
22 62 -0.286272
22 63 -0.290925
22 64 -0.284142
22 65 -0.267340
22 66 -0.239729
22 67 -0.204812
22 68 -0.163747
22 69 -0.121307
22 70 -0.079355
22 71 -0.042276
22 72 -0.011092
22 73 0.011690
22 74 0.026656
22 75 0.033619
22 76 0.034192
22 77 0.029827
22 78 0.021698
22 79 0.011793
22 80 -0.000350
22 81 -0.012996
22 82 -0.028071
22 83 -0.044541
22 84 -0.063886
22 85 -0.086476
22 86 -0.110338
22 87 -0.138607
22 88 -0.163301
22 89 -0.191857
22 90 -0.209752
22 91 -0.229705
22 92 -0.231444
22 93 -0.236056
22 94 -0.211114
22 95 -0.205169
22 96 -0.140012
22 97 -0.138730
22 98 -0.044911
22 99 0.000000

23 0 0.000000
23 1 -0.097095
23 2 -0.166844
23 3 -0.177280
23 4 -0.236995
23 5 -0.234187
23 6 -0.253247
23 7 -0.236995
23 8 -0.227546
23 9 -0.198759
23 10 -0.175489
23 11 -0.143338
23 12 -0.117994
23 13 -0.091109
23 14 -0.070368
23 15 -0.051691
23 16 -0.036488
23 17 -0.023685
23 18 -0.011518
23 19 -0.000786
23 20 0.010446
23 21 0.020374
23 22 0.029414
23 23 0.035452
23 24 0.037263
23 25 0.033195
23 26 0.021393
23 27 0.001604
23 28 -0.027318
23 29 -0.063505
23 30 -0.106591
23 31 -0.152658
23 32 -0.200118
23 33 -0.244058
23 34 -0.282903
23 35 -0.312306
23 36 -0.332103
23 37 -0.339707
23 38 -0.337053
23 39 -0.323498
23 40 -0.302705
23 41 -0.275183
23 42 -0.245247
23 43 -0.213393
23 44 -0.183519
23 45 -0.155298
23 46 -0.131716
23 47 -0.111499
23 48 -0.096892
23 49 -0.086083
23 50 -0.081054
23 51 -0.079934
23 52 -0.084742
23 53 -0.093675
23 54 -0.108636
23 55 -0.127570
23 56 -0.151750
23 57 -0.178387
23 58 -0.207684
23 59 -0.235959
23 60 -0.262453
23 61 -0.283116
23 62 -0.297038
23 63 -0.300917
23 64 -0.294860
23 65 -0.277432
23 66 -0.250558
23 67 -0.215029
23 68 -0.174408
23 69 -0.130941
23 70 -0.088656
23 71 -0.049706
23 72 -0.017151
23 73 0.008353
23 74 0.025437
23 75 0.035422
23 76 0.038131
23 77 0.036337
23 78 0.029729
23 79 0.021579
23 80 0.010294
23 81 -0.001160
23 82 -0.015614
23 83 -0.031028
23 84 -0.049755
23 85 -0.071559
23 86 -0.095325
23 87 -0.124013
23 88 -0.150174
23 89 -0.181450
23 90 -0.202873
23 91 -0.228072
23 92 -0.234340
23 93 -0.245416
23 94 -0.223872
23 95 -0.222363
23 96 -0.159518
23 97 -0.153887
23 98 -0.069001
23 99 0.000000

24 0 0.000000
24 1 -0.115156
24 2 -0.167365
24 3 -0.181086
24 4 -0.233925
24 5 -0.226403
24 6 -0.242355
24 7 -0.221777
24 8 -0.211048
24 9 -0.181132
24 10 -0.158672
24 11 -0.128136
24 12 -0.104977
24 13 -0.080599
24 14 -0.061756
24 15 -0.044705
24 16 -0.029968
24 17 -0.017420
24 18 -0.004632
24 19 0.006200
24 20 0.017683
24 21 0.026527
24 22 0.034197
24 23 0.037263
24 24 0.036100
24 25 0.027876
24 26 0.012751
24 27 -0.010859
24 28 -0.041943
24 29 -0.080403
24 30 -0.123737
24 31 -0.170316
24 32 -0.216385
24 33 -0.259716
24 34 -0.296358
24 35 -0.324867
24 36 -0.342348
24 37 -0.349242
24 38 -0.344386
24 39 -0.330307
24 40 -0.307291
24 41 -0.279231
24 42 -0.246890
24 43 -0.214400
24 44 -0.182002
24 45 -0.153222
24 46 -0.127301
24 47 -0.106958
24 48 -0.090588
24 49 -0.080420
24 50 -0.074480
24 51 -0.074906
24 52 -0.079678
24 53 -0.090922
24 54 -0.106472
24 55 -0.128109
24 56 -0.153095
24 57 -0.182385
24 58 -0.212324
24 59 -0.242896
24 60 -0.269709
24 61 -0.292280
24 62 -0.306310
24 63 -0.311895
24 64 -0.305962
24 65 -0.290195
24 66 -0.263492
24 67 -0.229412
24 68 -0.188639
24 69 -0.145863
24 70 -0.102477
24 71 -0.062880
24 72 -0.027889
24 73 -0.000325
24 74 0.020215
24 75 0.032977
24 76 0.039194
24 77 0.039819
24 78 0.035805
24 79 0.029050
24 80 0.019219
24 81 0.008370
24 82 -0.005157
24 83 -0.019972
24 84 -0.037567
24 85 -0.058387
24 86 -0.080877
24 87 -0.108855
24 88 -0.134606
24 89 -0.166823
24 90 -0.189731
24 91 -0.218531
24 92 -0.227932
24 93 -0.244820
24 94 -0.226696
24 95 -0.230076
24 96 -0.171883
24 97 -0.162325
24 98 -0.091009
24 99 0.000000

25 0 0.000000
25 1 -0.129397
25 2 -0.161224
25 3 -0.177716
25 4 -0.222559
25 5 -0.210590
25 6 -0.224598
25 7 -0.201062
25 8 -0.191370
25 9 -0.162246
25 10 -0.142962
25 11 -0.115526
25 12 -0.096162
25 13 -0.074766
25 14 -0.058492
25 15 -0.042660
25 16 -0.028563
25 17 -0.015565
25 18 -0.002476
25 19 0.008941
25 20 0.019861
25 21 0.027801
25 22 0.032908
25 23 0.033195
25 24 0.027876
25 25 0.016114
25 26 -0.003189
25 27 -0.029368
25 28 -0.063091
25 29 -0.102000
25 30 -0.145851
25 31 -0.190759
25 32 -0.235724
25 33 -0.276097
25 34 -0.310979
25 35 -0.336163
25 36 -0.351958
25 37 -0.355635
25 38 -0.349368
25 39 -0.332172
25 40 -0.307871
25 41 -0.276616
25 42 -0.242972
25 43 -0.207193
25 44 -0.173579
25 45 -0.141680
25 46 -0.114987
25 47 -0.092135
25 48 -0.075864
25 49 -0.064201
25 50 -0.059515
25 51 -0.059632
25 52 -0.066805
25 53 -0.078782
25 54 -0.097568
25 55 -0.120574
25 56 -0.149124
25 57 -0.179915
25 58 -0.213262
25 59 -0.245102
25 60 -0.274920
25 61 -0.298456
25 62 -0.315157
25 63 -0.321606
25 64 -0.318241
25 65 -0.303431
25 66 -0.279239
25 67 -0.246053
25 68 -0.207326
25 69 -0.164751
25 70 -0.122181
25 71 -0.081339
25 72 -0.045357
25 73 -0.014865
25 74 0.008254
25 75 0.024940
25 76 0.034229
25 77 0.038467
25 78 0.036729
25 79 0.032278
25 80 0.023402
25 81 0.013626
25 82 0.000361
25 83 -0.013592
25 84 -0.030480
25 85 -0.049723
25 86 -0.070578
25 87 -0.096466
25 88 -0.120437
25 89 -0.151485
25 90 -0.173867
25 91 -0.204106
25 92 -0.214830
25 93 -0.236260
25 94 -0.220921
25 95 -0.229184
25 96 -0.177255
25 97 -0.164229
25 98 -0.110249
25 99 0.000000

26 0 0.000000
26 1 -0.139999
26 2 -0.149491
26 3 -0.168836
26 4 -0.204871
26 5 -0.189677
26 6 -0.202814
26 7 -0.178468
26 8 -0.171700
26 9 -0.145748
26 10 -0.131247
26 11 -0.108665
26 12 -0.093748
26 13 -0.076137
26 14 -0.062131
26 15 -0.047712
26 16 -0.033523
26 17 -0.020284
26 18 -0.006271
26 19 0.005108
26 20 0.015836
26 21 0.021899
26 22 0.024846
26 23 0.021393
26 24 0.012751
26 25 -0.003189
26 26 -0.025199
26 27 -0.054225
26 28 -0.088562
26 29 -0.128037
26 30 -0.170067
26 31 -0.213518
26 32 -0.254943
26 33 -0.292829
26 34 -0.323518
26 35 -0.346143
