0 0 0.000000
0 1 0.000000
0 2 0.000000
0 3 0.000000
0 4 0.000000
0 5 0.000000
0 6 0.000000
0 7 0.000000
0 8 0.000000
0 9 0.000000
0 10 0.000000
0 11 0.000000
0 12 0.000000
0 13 0.000000
0 14 0.000000
0 15 0.000000
0 16 0.000000
0 17 0.000000
0 18 0.000000
0 19 0.000000
0 20 0.000000
0 21 0.000000
0 22 0.000000
0 23 0.000000
0 24 0.000000
0 25 0.000000
0 26 0.000000
0 27 0.000000
0 28 0.000000
0 29 0.000000
0 30 0.000000
0 31 0.000000
0 32 0.000000
0 33 0.000000
0 34 0.000000
0 35 0.000000
0 36 0.000000
0 37 0.000000
0 38 0.000000
0 39 0.000000
0 40 0.000000
0 41 0.000000
0 42 0.000000
0 43 0.000000
0 44 0.000000
0 45 0.000000
0 46 0.000000
0 47 0.000000
0 48 0.000000
0 49 0.000000
0 50 0.000000
0 51 0.000000
0 52 0.000000
0 53 0.000000
0 54 0.000000
0 55 0.000000
0 56 0.000000
0 57 0.000000
0 58 0.000000
0 59 0.000000
0 60 0.000000
0 61 0.000000
0 62 0.000000
0 63 0.000000
0 64 0.000000
0 65 0.000000
0 66 0.000000
0 67 0.000000
0 68 0.000000
0 69 0.000000
0 70 0.000000
0 71 0.000000
0 72 0.000000
0 73 0.000000
0 74 0.000000
0 75 0.000000
0 76 0.000000
0 77 0.000000
0 78 0.000000
0 79 0.000000
0 80 0.000000
0 81 0.000000
0 82 0.000000
0 83 0.000000
0 84 0.000000
0 85 0.000000
0 86 0.000000
0 87 0.000000
0 88 0.000000
0 89 0.000000
0 90 0.000000
0 91 0.000000
0 92 0.000000
0 93 0.000000
0 94 0.000000
0 95 0.000000
0 96 0.000000
0 97 0.000000
0 98 0.000000
0 99 0.000000

1 0 0.000000
1 1 0.000960
1 2 0.000303
1 3 0.000755
1 4 0.000702
1 5 0.000494
1 6 0.001051
1 7 0.000454
1 8 0.001235
1 9 0.000659
1 10 0.001207
1 11 0.000968
1 12 0.001075
1 13 0.001296
1 14 0.001065
1 15 0.001653
1 16 0.001298
1 17 0.002024
1 18 0.001714
1 19 0.002366
1 20 0.002139
1 21 0.002527
1 22 0.002231
1 23 0.002207
1 24 0.001793
1 25 0.001671
1 26 0.001697
1 27 0.002268
1 28 0.003146
1 29 0.003956
1 30 0.003713
1 31 0.001211
1 32 -0.004814
1 33 -0.015127
1 34 -0.029612
1 35 -0.046945
1 36 -0.064664
1 37 -0.079505
1 38 -0.088084
1 39 -0.087614
1 40 -0.076590
1 41 -0.055111
1 42 -0.024915
1 43 0.011027
1 44 0.049045
1 45 0.085444
1 46 0.116961
1 47 0.141114
1 48 0.156216
1 49 0.161353
1 50 0.156218
1 51 0.141117
1 52 0.116964
1 53 0.085447
1 54 0.049046
1 55 0.011025
1 56 -0.024922
1 57 -0.055123
1 58 -0.076607
1 59 -0.087634
1 60 -0.088105
1 61 -0.079525
1 62 -0.064683
1 63 -0.046962
1 64 -0.029628
1 65 -0.015144
1 66 -0.004831
1 67 0.001190
1 68 0.003697
1 69 0.003927
1 70 0.003138
1 71 0.002223
1 72 0.001713
1 73 0.001591
1 74 0.001861
1 75 0.002058
1 76 0.002391
1 77 0.002265
1 78 0.002433
1 79 0.001960
1 80 0.002153
1 81 0.001499
1 82 0.001816
1 83 0.001123
1 84 0.001498
1 85 0.000959
1 86 0.001212
1 87 0.001015
1 88 0.000912
1 89 0.001127
1 90 0.000593
1 91 0.001129
1 92 0.000398
1 93 0.000966
1 94 0.000460
1 95 0.000654
1 96 0.000713
1 97 0.000289
1 98 0.000916
1 99 0.000000

2 0 0.000000
2 1 0.000303
2 2 -0.000400
2 3 0.000123
2 4 -0.000685
2 5 -0.000332
2 6 -0.000783
2 7 -0.000829
2 8 -0.000809
2 9 -0.001240
2 10 -0.000975
2 11 -0.001612
2 12 -0.001401
2 13 -0.001973
2 14 -0.001941
2 15 -0.002256
2 16 -0.002382
2 17 -0.002459
2 18 -0.002685
2 19 -0.002663
2 20 -0.002975
2 21 -0.003126
2 22 -0.003802
2 23 -0.004639
2 24 -0.006080
2 25 -0.007668
2 26 -0.009291
2 27 -0.010332
2 28 -0.010581
2 29 -0.010108
2 30 -0.009815
2 31 -0.011327
2 32 -0.016804
2 33 -0.028295
2 34 -0.046924
2 35 -0.072145
2 36 -0.101262
2 37 -0.129563
2 38 -0.150947
2 39 -0.159140
2 40 -0.148967
2 41 -0.117635
2 42 -0.065429
2 43 0.004045
2 44 0.084400
2 45 0.167314
2 46 0.243824
2 47 0.305460
2 48 0.345412
2 49 0.359232
2 50 0.345418
2 51 0.305470
2 52 0.243837
2 53 0.167326
2 54 0.084408
2 55 0.004046
2 56 -0.065435
2 57 -0.117649
2 58 -0.148985
2 59 -0.159161
2 60 -0.150967
2 61 -0.129581
2 62 -0.101276
2 63 -0.072159
2 64 -0.046937
2 65 -0.028313
2 66 -0.016822
2 67 -0.011352
2 68 -0.009836
2 69 -0.010142
2 70 -0.010598
2 71 -0.010381
2 72 -0.009293
2 73 -0.007744
2 74 -0.006055
2 75 -0.004757
2 76 -0.003739
2 77 -0.003293
2 78 -0.002877
2 79 -0.002857
2 80 -0.002594
2 81 -0.002616
2 82 -0.002384
2 83 -0.002280
2 84 -0.002132
2 85 -0.001791
2 86 -0.001810
2 87 -0.001264
2 88 -0.001492
2 89 -0.000920
2 90 -0.001193
2 91 -0.000795
2 92 -0.000798
2 93 -0.000745
2 94 -0.000304
2 95 -0.000640
2 96 0.000108
2 97 -0.000380
2 98 0.000289
2 99 0.000000

3 0 0.000000
3 1 0.000755
3 2 0.000123
3 3 0.000553
3 4 0.000321
3 5 0.000256
3 6 0.000544
3 7 0.000107
3 8 0.000689
3 9 0.000173
3 10 0.000651
3 11 0.000317
3 12 0.000421
3 13 0.000429
3 14 0.000194
3 15 0.000563
3 16 0.000189
3 17 0.000771
3 18 0.000425
3 19 0.001021
3 20 0.000755
3 21 0.001101
3 22 0.000611
3 23 0.000194
3 24 -0.001035
3 25 -0.002366
3 26 -0.003912
3 27 -0.004929
3 28 -0.005298
3 29 -0.005030
3 30 -0.005138
3 31 -0.007350
3 32 -0.014091
3 33 -0.027658
3 34 -0.049449
3 35 -0.078971
3 36 -0.113395
3 37 -0.147485
3 38 -0.174418
3 39 -0.186938
3 40 -0.179004
3 41 -0.147077
3 42 -0.091200
3 43 -0.015125
3 44 0.074001
3 45 0.166811
3 46 0.252953
3 47 0.322677
3 48 0.367967
3 49 0.383678
3 50 0.367974
3 51 0.322689
3 52 0.252967
3 53 0.166824
3 54 0.074008
3 55 -0.015125
3 56 -0.091210
3 57 -0.147095
3 58 -0.179028
3 59 -0.186964
3 60 -0.174443
3 61 -0.147506
3 62 -0.113414
3 63 -0.078988
3 64 -0.049465
3 65 -0.027677
3 66 -0.014111
3 67 -0.007376
3 68 -0.005157
3 69 -0.005066
3 70 -0.005306
3 71 -0.004985
3 72 -0.003891
3 73 -0.002464
3 74 -0.000956
3 75 0.000018
3 76 0.000785
3 77 0.000810
3 78 0.001055
3 79 0.000601
3 80 0.000842
3 81 0.000267
3 82 0.000635
3 83 0.000103
3 84 0.000510
3 85 0.000190
3 86 0.000440
3 87 0.000429
3 88 0.000311
3 89 0.000597
3 90 0.000129
3 91 0.000611
3 92 0.000079
3 93 0.000504
3 94 0.000249
3 95 0.000303
3 96 0.000515
3 97 0.000103
3 98 0.000711
3 99 0.000000

4 0 0.000000
4 1 0.000702
4 2 -0.000685
4 3 0.000321
4 4 -0.000993
4 5 -0.000416
4 6 -0.001021
4 7 -0.001236
4 8 -0.001047
4 9 -0.001917
4 10 -0.001345
4 11 -0.002449
4 12 -0.002006
4 13 -0.002903
4 14 -0.002821
4 15 -0.003274
4 16 -0.003515
4 17 -0.003591
4 18 -0.004024
4 19 -0.003974
4 20 -0.004552
4 21 -0.004772
4 22 -0.005805
4 23 -0.006909
4 24 -0.008859
4 25 -0.010953
4 26 -0.013237
4 27 -0.014961
4 28 -0.016034
4 29 -0.016633
4 30 -0.018021
4 31 -0.022343
4 32 -0.032405
4 33 -0.050857
4 34 -0.079077
4 35 -0.116197
4 36 -0.158354
4 37 -0.198853
4 38 -0.228920
4 39 -0.239408
4 40 -0.222562
4 41 -0.173986
4 42 -0.093726
4 43 0.013137
4 44 0.137188
4 45 0.265766
4 46 0.384962
4 47 0.481356
4 48 0.544023
4 49 0.565729
4 50 0.544032
4 51 0.481371
4 52 0.384981
4 53 0.265783
4 54 0.137199
4 55 0.013137
4 56 -0.093737
4 57 -0.174008
4 58 -0.222591
4 59 -0.239441
4 60 -0.228952
4 61 -0.198884
4 62 -0.158380
4 63 -0.116224
4 64 -0.079102
4 65 -0.050888
4 66 -0.032436
4 67 -0.022385
4 68 -0.018055
4 69 -0.016690
4 70 -0.016060
4 71 -0.015044
4 72 -0.013238
4 73 -0.011083
4 74 -0.008812
4 75 -0.007114
4 76 -0.005687
4 77 -0.005069
4 78 -0.004367
4 79 -0.004333
4 80 -0.003839
4 81 -0.003905
4 82 -0.003478
4 83 -0.003371
4 84 -0.003112
4 85 -0.002633
4 86 -0.002704
4 87 -0.001841
4 88 -0.002293
4 89 -0.001270
4 90 -0.001832
4 91 -0.001020
4 92 -0.001182
4 93 -0.000976
4 94 -0.000386
4 95 -0.000934
4 96 0.000296
4 97 -0.000651
4 98 0.000649
4 99 0.000000

5 0 0.000000
5 1 0.000494
5 2 -0.000332
5 3 0.000256
5 4 -0.000416
5 5 -0.000156
5 6 -0.000349
5 7 -0.000594
5 8 -0.000331
5 9 -0.000924
5 10 -0.000535
5 11 -0.001153
5 12 -0.001001
5 13 -0.001349
5 14 -0.001552
5 15 -0.001509
5 16 -0.001957
5 17 -0.001636
5 18 -0.002182
5 19 -0.001846
5 20 -0.002486
5 21 -0.002548
5 22 -0.003648
5 23 -0.004707
5 24 -0.006736
5 25 -0.008854
5 26 -0.011263
5 27 -0.013157
5 28 -0.014606
5 29 -0.015828
5 30 -0.018294
5 31 -0.024259
5 32 -0.036782
5 33 -0.058622
5 34 -0.091330
5 35 -0.133923
5 36 -0.182334
5 37 -0.229232
5 38 -0.265087
5 39 -0.279629
5 40 -0.264139
5 41 -0.213255
5 42 -0.126690
5 43 -0.009580
5 44 0.127699
5 45 0.271138
5 46 0.404826
5 47 0.513465
5 48 0.584242
5 49 0.608837
5 50 0.584252
5 51 0.513482
5 52 0.404846
5 53 0.271157
5 54 0.127709
5 55 -0.009579
5 56 -0.126702
5 57 -0.213277
5 58 -0.264170
5 59 -0.279663
5 60 -0.265121
5 61 -0.229262
5 62 -0.182362
5 63 -0.133947
5 64 -0.091355
5 65 -0.058649
5 66 -0.036809
5 67 -0.024296
5 68 -0.018321
5 69 -0.015880
5 70 -0.014620
5 71 -0.013237
5 72 -0.011243
5 73 -0.008988
5 74 -0.006648
5 75 -0.004933
5 76 -0.003455
5 77 -0.002901
5 78 -0.002171
5 79 -0.002317
5 80 -0.001786
5 81 -0.002144
5 82 -0.001607
5 83 -0.001893
5 84 -0.001428
5 85 -0.001440
5 86 -0.001228
5 87 -0.000900
5 88 -0.001057
5 89 -0.000499
5 90 -0.000876
5 91 -0.000332
5 92 -0.000568
5 93 -0.000338
5 94 -0.000142
5 95 -0.000388
5 96 0.000242
5 97 -0.000315
5 98 0.000455
5 99 0.000000

6 0 0.000000
6 1 0.001051
6 2 -0.000783
6 3 0.000544
6 4 -0.001021
6 5 -0.000349
6 6 -0.000965
6 7 -0.001368
6 8 -0.000998
6 9 -0.002210
6 10 -0.001376
6 11 -0.002775
6 12 -0.002112
6 13 -0.003161
6 14 -0.003002
6 15 -0.003483
6 16 -0.003794
6 17 -0.003834
6 18 -0.004435
6 19 -0.004383
6 20 -0.005230
6 21 -0.005573
6 22 -0.006928
6 23 -0.008187
6 24 -0.010334
6 25 -0.012483
6 26 -0.014927
6 27 -0.017031
6 28 -0.019068
6 29 -0.021509
6 30 -0.025922
6 31 -0.034626
6 32 -0.050451
6 33 -0.075905
6 34 -0.112008
6 35 -0.157347
6 36 -0.207217
6 37 -0.253855
6 38 -0.287120
6 39 -0.296423
6 40 -0.272599
6 41 -0.210295
6 42 -0.109262
6 43 0.024659
6 44 0.180249
6 45 0.341969
6 46 0.492427
6 47 0.614494
6 48 0.694058
6 49 0.721645
6 50 0.694069
6 51 0.614511
6 52 0.492448
6 53 0.341987
6 54 0.180260
6 55 0.024659
6 56 -0.109274
6 57 -0.210320
6 58 -0.272632
6 59 -0.296462
6 60 -0.287159
6 61 -0.253894
6 62 -0.207252
6 63 -0.157384
6 64 -0.112042
6 65 -0.075945
6 66 -0.050489
6 67 -0.034679
6 68 -0.025962
6 69 -0.021583
6 70 -0.019099
6 71 -0.017141
6 72 -0.014924
6 73 -0.012655
6 74 -0.010265
6 75 -0.008459
6 76 -0.006761
6 77 -0.005970
6 78 -0.004968
6 79 -0.004868
6 80 -0.004161
6 81 -0.004269
6 82 -0.003700
6 83 -0.003641
6 84 -0.003330
6 85 -0.002834
6 86 -0.002987
6 87 -0.001971
6 88 -0.002618
6 89 -0.001292
6 90 -0.002092
6 91 -0.000955
6 92 -0.001300
6 93 -0.000930
6 94 -0.000339
6 95 -0.000977
6 96 0.000500
6 97 -0.000750
6 98 0.000965
6 99 0.000000

7 0 0.000000
7 1 0.000454
7 2 -0.000829
7 3 0.000107
7 4 -0.001236
7 5 -0.000594
7 6 -0.001368
7 7 -0.001518
7 8 -0.001542
7 9 -0.002374
7 10 -0.001980
7 11 -0.002997
7 12 -0.002709
7 13 -0.003457
7 14 -0.003602
7 15 -0.003907
7 16 -0.004490
7 17 -0.004486
7 18 -0.005374
7 19 -0.005429
7 20 -0.006634
7 21 -0.007223
7 22 -0.008952
7 23 -0.010428
7 24 -0.012782
7 25 -0.015010
7 26 -0.017658
7 27 -0.020225
7 28 -0.023381
7 29 -0.027790
7 30 -0.035268
7 31 -0.048000
7 32 -0.068640
7 33 -0.099137
7 34 -0.140065
7 35 -0.189353
7 36 -0.241973
7 37 -0.289719
7 38 -0.322388
7 39 -0.329115
7 40 -0.300804
7 41 -0.231898
7 42 -0.122387
7 43 0.021805
7 44 0.188728
7 45 0.362190
7 46 0.523507
7 47 0.654556
7 48 0.739937
7 49 0.769624
7 50 0.739947
7 51 0.654573
7 52 0.523526
7 53 0.362208
7 54 0.188737
7 55 0.021803
7 56 -0.122402
7 57 -0.231923
7 58 -0.300841
7 59 -0.329155
7 60 -0.322433
7 61 -0.289762
7 62 -0.242017
7 63 -0.189394
7 64 -0.140107
7 65 -0.099181
7 66 -0.068683
7 67 -0.048055
7 68 -0.035312
7 69 -0.027868
7 70 -0.023413
7 71 -0.020341
7 72 -0.017650
7 73 -0.015195
7 74 -0.012696
7 75 -0.010725
7 76 -0.008747
7 77 -0.007664
7 78 -0.006305
7 79 -0.005988
7 80 -0.004992
7 81 -0.005038
7 82 -0.004229
7 83 -0.004241
7 84 -0.003686
7 85 -0.003384
7 86 -0.003247
7 87 -0.002533
7 88 -0.002804
7 89 -0.001847
7 90 -0.002207
7 91 -0.001443
7 92 -0.001413
7 93 -0.001298
7 94 -0.000568
7 95 -0.001179
7 96 0.000084
7 97 -0.000793
7 98 0.000401
7 99 0.000000

8 0 0.000000
8 1 0.001235
8 2 -0.000809
8 3 0.000689
8 4 -0.001047
8 5 -0.000331
8 6 -0.000998
8 7 -0.001542
8 8 -0.001083
8 9 -0.002539
8 10 -0.001519
8 11 -0.003124
8 12 -0.002278
8 13 -0.003432
8 14 -0.003208
8 15 -0.003734
8 16 -0.004145
8 17 -0.004246
8 18 -0.005118
8 19 -0.005248
8 20 -0.006526
8 21 -0.007155
8 22 -0.008863
8 23 -0.010154
8 24 -0.012171
8 25 -0.013961
8 26 -0.016259
8 27 -0.018885
8 28 -0.022797
8 29 -0.028965
8 30 -0.039162
8 31 -0.055404
8 32 -0.079696
8 33 -0.113378
8 34 -0.156159
8 35 -0.205550
8 36 -0.256126
8 37 -0.299942
8 38 -0.327001
8 39 -0.327130
8 40 -0.291526
8 41 -0.215190
8 42 -0.098092
8 43 0.053522
8 44 0.227827
8 45 0.408174
8 46 0.575755
8 47 0.711706
8 48 0.800386
8 49 0.831131
8 50 0.800395
8 51 0.711722
8 52 0.575774
8 53 0.408190
8 54 0.227837
8 55 0.053520
8 56 -0.098104
8 57 -0.215215
8 58 -0.291559
8 59 -0.327172
8 60 -0.327043
8 61 -0.299989
8 62 -0.256170
8 63 -0.205598
8 64 -0.156201
8 65 -0.113428
8 66 -0.079739
8 67 -0.055465
8 68 -0.039205
8 69 -0.029052
8 70 -0.022829
8 71 -0.019016
8 72 -0.016250
8 73 -0.014168
8 74 -0.012078
8 75 -0.010481
8 76 -0.008649
8 77 -0.007632
8 78 -0.006193
8 79 -0.005831
8 80 -0.004764
8 81 -0.004771
8 82 -0.003998
8 83 -0.003928
8 84 -0.003558
8 85 -0.003046
8 86 -0.003281
8 87 -0.002163
8 88 -0.002972
8 89 -0.001427
8 90 -0.002384
8 91 -0.001008
8 92 -0.001442
8 93 -0.000952
8 94 -0.000328
8 95 -0.001013
8 96 0.000623
8 97 -0.000783
8 98 0.001135
8 99 0.000000

9 0 0.000000
9 1 0.000659
9 2 -0.001240
9 3 0.000173
9 4 -0.001917
9 5 -0.000924
9 6 -0.002210
9 7 -0.002374
9 8 -0.002539
9 9 -0.003698
9 10 -0.003171
9 11 -0.004621
9 12 -0.004136
9 13 -0.005268
9 14 -0.005353
9 15 -0.005972
9 16 -0.006724
9 17 -0.007035
9 18 -0.008333
9 19 -0.008796
9 20 -0.010566
9 21 -0.011550
9 22 -0.013634
9 23 -0.015078
9 24 -0.017215
9 25 -0.019065
9 26 -0.021763
9 27 -0.025357
9 28 -0.031288
9 29 -0.040617
9 30 -0.055178
9 31 -0.076432
9 32 -0.105775
9 33 -0.143460
9 34 -0.188470
9 35 -0.237530
9 36 -0.285239
9 37 -0.323770
9 38 -0.344041
9 39 -0.336529
9 40 -0.293497
9 41 -0.210283
9 42 -0.087401
9 43 0.069173
9 44 0.247479
9 45 0.431327
9 46 0.601670
9 47 0.739898
9 48 0.829911
9 49 0.861226
9 50 0.829918
9 51 0.739911
9 52 0.601682
9 53 0.431337
9 54 0.247480
9 55 0.069165
9 56 -0.087423
9 57 -0.210313
9 58 -0.293541
9 59 -0.336578
9 60 -0.344099
9 61 -0.323830
9 62 -0.285305
9 63 -0.237594
9 64 -0.188536
9 65 -0.143526
9 66 -0.105840
9 67 -0.076509
9 68 -0.055241
9 69 -0.040723
9 70 -0.031341
9 71 -0.025514
9 72 -0.021772
9 73 -0.019306
9 74 -0.017132
9 75 -0.015450
9 76 -0.013417
9 77 -0.012087
9 78 -0.010215
9 79 -0.009457
9 80 -0.007947
9 81 -0.007658
9 82 -0.006529
9 83 -0.006289
9 84 -0.005628
9 85 -0.005053
9 86 -0.005005
9 87 -0.003927
9 88 -0.004381
9 89 -0.002995
9 90 -0.003462
9 91 -0.002380
9 92 -0.002204
9 93 -0.002087
9 94 -0.000873
9 95 -0.001824
9 96 0.000141
9 97 -0.001180
9 98 0.000597
9 99 0.000000

10 0 0.000000
10 1 0.001207
10 2 -0.000975
10 3 0.000651
10 4 -0.001345
10 5 -0.000535
10 6 -0.001376
10 7 -0.001980
10 8 -0.001519
10 9 -0.003171
10 10 -0.002027
10 11 -0.003861
10 12 -0.002897
10 13 -0.004241
10 14 -0.004031
10 15 -0.004728
10 16 -0.005360
10 17 -0.005701
10 18 -0.007009
10 19 -0.007492
10 20 -0.009274
10 21 -0.010153
10 22 -0.012017
10 23 -0.013064
10 24 -0.014714
10 25 -0.016174
10 26 -0.018850
10 27 -0.023209
10 28 -0.030924
10 29 -0.043275
10 30 -0.061769
10 31 -0.087434
10 32 -0.120622
10 33 -0.160766
10 34 -0.205787
10 35 -0.252154
10 36 -0.294320
10 37 -0.325352
10 38 -0.336974
10 39 -0.321171
10 40 -0.270997
10 41 -0.182818
10 42 -0.057055
10 43 0.100199
10 44 0.277872
10 45 0.460068
10 46 0.628726
10 47 0.765315
10 48 0.854408
10 49 0.885271
10 50 0.854415
10 51 0.765325
10 52 0.628738
10 53 0.460076
10 54 0.277876
10 55 0.100192
10 56 -0.057069
10 57 -0.182844
10 58 -0.271029
10 59 -0.321215
10 60 -0.337021
10 61 -0.325409
10 62 -0.294376
10 63 -0.252218
10 64 -0.205844
10 65 -0.160830
10 66 -0.120674
10 67 -0.087506
10 68 -0.061816
10 69 -0.043375
10 70 -0.030957
10 71 -0.023362
10 72 -0.018835
10 73 -0.016416
10 74 -0.014600
10 75 -0.013443
10 76 -0.011759
10 77 -0.010703
10 78 -0.008877
10 79 -0.008164
10 80 -0.006590
10 81 -0.006307
10 82 -0.005182
10 83 -0.004953
10 84 -0.004430
10 85 -0.003800
10 86 -0.004051
10 87 -0.002769
10 88 -0.003693
10 89 -0.001926
10 90 -0.002989
10 91 -0.001417
10 92 -0.001842
10 93 -0.001287
10 94 -0.000499
10 95 -0.001268
10 96 0.000604
10 97 -0.000914
10 98 0.001126
10 99 0.000000

11 0 0.000000
11 1 0.000968
11 2 -0.001612
11 3 0.000317
11 4 -0.002449
11 5 -0.001153
11 6 -0.002775
11 7 -0.002997
11 8 -0.003124
11 9 -0.004621
11 10 -0.003861
11 11 -0.005737
11 12 -0.005049
11 13 -0.006546
11 14 -0.006612
11 15 -0.007532
11 16 -0.008515
11 17 -0.009150
11 18 -0.010882
11 19 -0.011672
11 20 -0.013813
11 21 -0.014836
11 22 -0.016808
11 23 -0.017766
11 24 -0.019442
11 25 -0.021103
11 26 -0.024645
11 27 -0.030693
11 28 -0.041298
11 29 -0.057528
11 30 -0.080691
11 31 -0.110876
11 32 -0.147651
11 33 -0.189181
11 34 -0.232826
11 35 -0.274462
11 36 -0.309125
11 37 -0.330492
11 38 -0.331957
11 39 -0.306642
11 40 -0.249249
11 41 -0.156589
11 42 -0.029711
11 43 0.126055
11 44 0.299981
11 45 0.477601
11 46 0.641385
11 47 0.774101
11 48 0.860446
11 49 0.890514
11 50 0.860448
11 51 0.774105
11 52 0.641386
11 53 0.477599
11 54 0.299969
11 55 0.126037
11 56 -0.029742
11 57 -0.156627
11 58 -0.249301
11 59 -0.306700
11 60 -0.332029
11 61 -0.330569
11 62 -0.309214
11 63 -0.274552
11 64 -0.232920
11 65 -0.189275
11 66 -0.147741
11 67 -0.110978
11 68 -0.080775
11 69 -0.057662
11 70 -0.041369
11 71 -0.030887
11 72 -0.024668
11 73 -0.021397
11 74 -0.019362
11 75 -0.018209
11 76 -0.016578
11 77 -0.015466
11 78 -0.013437
11 79 -0.012440
11 80 -0.010482
11 81 -0.009862
11 82 -0.008364
11 83 -0.007867
11 84 -0.007051
11 85 -0.006224
11 86 -0.006234
11 87 -0.004817
11 88 -0.005480
11 89 -0.003688
11 90 -0.004372
11 91 -0.002962
11 92 -0.002802
11 93 -0.002620
11 94 -0.001068
11 95 -0.002304
11 96 0.000303
11 97 -0.001500
11 98 0.000904
11 99 0.000000

12 0 0.000000
12 1 0.001075
12 2 -0.001401
12 3 0.000421
12 4 -0.002006
12 5 -0.001001
12 6 -0.002112
12 7 -0.002709
12 8 -0.002278
12 9 -0.004136
12 10 -0.002897
12 11 -0.005049
12 12 -0.004039
12 13 -0.005701
12 14 -0.005620
12 15 -0.006638
12 16 -0.007631
12 17 -0.008346
12 18 -0.010148
12 19 -0.010936
12 20 -0.013005
12 21 -0.013800
12 22 -0.015452
12 23 -0.016076
12 24 -0.017589
12 25 -0.019573
12 26 -0.024152
12 27 -0.032301
12 28 -0.046012
12 29 -0.066310
12 30 -0.093788
12 31 -0.127920
12 32 -0.167039
12 33 -0.208632
12 34 -0.249134
12 35 -0.284628
12 36 -0.310335
12 37 -0.321413
12 38 -0.312369
12 39 -0.278318
12 40 -0.214853
12 41 -0.120043
12 42 0.005406
12 43 0.156177
12 44 0.323062
12 45 0.492334
12 46 0.648313
12 47 0.774347
12 48 0.856563
12 49 0.885002
12 50 0.856564
12 51 0.774348
12 52 0.648313
12 53 0.492327
12 54 0.323051
12 55 0.156155
12 56 0.005382
12 57 -0.120080
12 58 -0.214893
12 59 -0.278372
12 60 -0.312427
12 61 -0.321488
12 62 -0.310412
12 63 -0.284718
12 64 -0.249216
12 65 -0.208724
12 66 -0.167113
12 67 -0.128018
12 68 -0.093851
12 69 -0.066436
12 70 -0.046056
12 71 -0.032488
12 72 -0.024144
12 73 -0.019861
12 74 -0.017470
12 75 -0.016520
12 76 -0.015172
12 77 -0.014437
12 78 -0.012571
12 79 -0.011713
12 80 -0.009692
12 81 -0.009052
12 82 -0.007452
12 83 -0.006914
12 84 -0.006103
12 85 -0.005217
12 86 -0.005384
12 87 -0.003825
12 88 -0.004811
12 89 -0.002760
12 90 -0.003916
12 91 -0.002153
12 92 -0.002536
12 93 -0.001979
12 94 -0.000920
12 95 -0.001862
12 96 0.000411
12 97 -0.001282
12 98 0.001006
12 99 0.000000

13 0 0.000000
13 1 0.001296
13 2 -0.001973
13 3 0.000429
13 4 -0.002903
13 5 -0.001349
13 6 -0.003161
13 7 -0.003457
13 8 -0.003432
13 9 -0.005268
13 10 -0.004241
13 11 -0.006546
13 12 -0.005701
13 13 -0.007585
13 14 -0.007724
13 15 -0.008985
13 16 -0.010274
13 17 -0.011209
13 18 -0.013274
13 19 -0.014121
13 20 -0.016229
13 21 -0.016828
13 22 -0.018351
13 23 -0.018860
13 24 -0.020721
13 25 -0.023575
13 26 -0.029988
13 27 -0.040815
13 28 -0.058161
13 29 -0.082424
13 30 -0.113792
13 31 -0.150597
13 32 -0.190560
13 33 -0.230080
13 34 -0.265557
13 35 -0.292835
13 36 -0.308289
13 37 -0.307905
13 38 -0.288232
13 39 -0.245485
13 40 -0.177070
13 41 -0.081243
13 42 0.040664
13 43 0.184554
13 44 0.341750
13 45 0.500617
13 46 0.646328
13 47 0.764257
13 48 0.840895
13 49 0.867632
13 50 0.840891
13 51 0.764249
13 52 0.646312
13 53 0.500595
13 54 0.341716
13 55 0.184515
13 56 0.040613
13 57 -0.081298
13 58 -0.177140
13 59 -0.245561
13 60 -0.288328
13 61 -0.308007
13 62 -0.308411
13 63 -0.292959
13 64 -0.265690
13 65 -0.230213
13 66 -0.190689
13 67 -0.150738
13 68 -0.113911
13 69 -0.082597
13 70 -0.058260
13 71 -0.041055
13 72 -0.030034
13 73 -0.023929
13 74 -0.020655
13 75 -0.019382
13 76 -0.018119
13 77 -0.017557
13 78 -0.015837
13 79 -0.015004
13 80 -0.012858
13 81 -0.012025
13 82 -0.010150
13 83 -0.009357
13 84 -0.008291
13 85 -0.007171
13 86 -0.007157
13 87 -0.005391
13 88 -0.006234
13 89 -0.004049
13 90 -0.005004
13 91 -0.003281
13 92 -0.003260
13 93 -0.003003
13 94 -0.001256
13 95 -0.002731
13 96 0.000416
13 97 -0.001831
13 98 0.001207
13 99 0.000000

14 0 0.000000
14 1 0.001065
14 2 -0.001941
14 3 0.000194
14 4 -0.002821
14 5 -0.001552
14 6 -0.003002
14 7 -0.003602
14 8 -0.003208
14 9 -0.005353
14 10 -0.004031
14 11 -0.006612
14 12 -0.005620
14 13 -0.007724
14 14 -0.007878
14 15 -0.009313
14 16 -0.010704
14 17 -0.011721
14 18 -0.013796
14 19 -0.014513
14 20 -0.016398
14 21 -0.016714
14 22 -0.018054
14 23 -0.018723
14 24 -0.021286
14 25 -0.025701
14 26 -0.034511
14 27 -0.048666
14 28 -0.069758
14 29 -0.097880
14 30 -0.132215
14 31 -0.170594
14 32 -0.209653
14 33 -0.245668
14 34 -0.274513
14 35 -0.292870
14 36 -0.297518
14 37 -0.286267
14 38 -0.256635
14 39 -0.206897
14 40 -0.134989
14 41 -0.040434
14 42 0.076173
14 43 0.210719
14 44 0.356492
14 45 0.502636
14 46 0.636727
14 47 0.744820
14 48 0.815389
14 49 0.839741
14 50 0.815382
14 51 0.744804
14 52 0.636705
14 53 0.502601
14 54 0.356452
14 55 0.210666
14 56 0.076117
14 57 -0.040504
14 58 -0.135061
14 59 -0.206988
14 60 -0.256731
14 61 -0.286387
14 62 -0.297640
14 63 -0.293013
14 64 -0.274650
14 65 -0.245822
14 66 -0.209784
14 67 -0.170755
14 68 -0.132331
14 69 -0.098069
14 70 -0.069849
14 71 -0.048920
14 72 -0.034542
14 73 -0.026070
14 74 -0.021198
14 75 -0.019265
14 76 -0.017790
14 77 -0.017467
14 78 -0.015961
14 79 -0.015421
14 80 -0.013330
14 81 -0.012550
14 82 -0.010543
14 83 -0.009656
14 84 -0.008457
14 85 -0.007198
14 86 -0.007176
14 87 -0.005230
14 88 -0.006230
14 89 -0.003805
14 90 -0.005061
14 91 -0.003052
14 92 -0.003402
14 93 -0.002850
14 94 -0.001464
14 95 -0.002655
14 96 0.000173
14 97 -0.001806
14 98 0.000965
14 99 0.000000

15 0 0.000000
15 1 0.001653
15 2 -0.002256
15 3 0.000563
15 4 -0.003274
15 5 -0.001509
15 6 -0.003483
15 7 -0.003907
15 8 -0.003734
15 9 -0.005972
15 10 -0.004728
15 11 -0.007532
15 12 -0.006638
15 13 -0.008985
15 14 -0.009313
15 15 -0.010925
15 16 -0.012478
15 17 -0.013492
15 18 -0.015537
15 19 -0.015978
15 20 -0.017636
15 21 -0.017655
15 22 -0.019088
15 23 -0.020231
15 24 -0.024131
15 25 -0.030601
15 26 -0.042405
15 27 -0.059929
15 28 -0.084587
15 29 -0.115488
15 30 -0.151461
15 31 -0.189283
15 32 -0.225537
15 33 -0.255852
15 34 -0.276793
15 35 -0.285106
15 36 -0.279126
15 37 -0.257300
15 38 -0.219170
15 39 -0.163580
15 40 -0.090160
15 41 0.001883
15 42 0.111275
15 43 0.235479
15 44 0.368133
15 45 0.500831
15 46 0.621871
15 47 0.719791
15 48 0.783333
15 49 0.805578
15 50 0.783318
15 51 0.719763
15 52 0.621825
15 53 0.500774
15 54 0.368058
15 55 0.235397
15 56 0.111175
15 57 0.001780
15 58 -0.090285
15 59 -0.163710
15 60 -0.219326
15 61 -0.257464
15 62 -0.279316
15 63 -0.285301
15 64 -0.277005
15 65 -0.256064
15 66 -0.225749
15 67 -0.189508
15 68 -0.151659
15 69 -0.115743
15 70 -0.084755
15 71 -0.060252
15 72 -0.042510
15 73 -0.031045
15 74 -0.024111
15 75 -0.020857
15 76 -0.018881
15 77 -0.018501
15 78 -0.017245
15 79 -0.016987
15 80 -0.015109
15 81 -0.014420
15 82 -0.012362
15 83 -0.011344
15 84 -0.009969
15 85 -0.008487
15 86 -0.008323
15 87 -0.006138
15 88 -0.007077
15 89 -0.004451
15 90 -0.005649
15 91 -0.003573
15 92 -0.003710
15 93 -0.003344
15 94 -0.001446
15 95 -0.003123
15 96 0.000504
15 97 -0.002135
15 98 0.001513
15 99 0.000000

16 0 0.000000
16 1 0.001298
16 2 -0.002382
16 3 0.000189
16 4 -0.003515
16 5 -0.001957
16 6 -0.003794
16 7 -0.004490
16 8 -0.004145
16 9 -0.006724
16 10 -0.005360
16 11 -0.008515
16 12 -0.007631
16 13 -0.010274
16 14 -0.010704
16 15 -0.012478
16 16 -0.014060
16 17 -0.014995
16 18 -0.016847
16 19 -0.017008
16 20 -0.018433
16 21 -0.018467
16 22 -0.020357
16 23 -0.022711
16 24 -0.028586
16 25 -0.037936
16 26 -0.053066
16 27 -0.074158
16 28 -0.101702
16 29 -0.134477
16 30 -0.170303
16 31 -0.205967
16 32 -0.237394
16 33 -0.260895
16 34 -0.272912
16 35 -0.271562
16 36 -0.255471
16 37 -0.224914
16 38 -0.179774
16 39 -0.120714
16 40 -0.047213
16 41 0.040300
16 42 0.141690
16 43 0.254129
16 44 0.373442
16 45 0.491632
16 46 0.599695
16 47 0.686576
16 48 0.743405
16 49 0.762927
16 50 0.743383
16 51 0.686531
16 52 0.599632
16 53 0.491544
16 54 0.373341
16 55 0.254005
16 56 0.141559
16 57 0.040144
16 58 -0.047374
16 59 -0.120904
16 60 -0.179971
16 61 -0.225143
16 62 -0.255705
16 63 -0.271827
16 64 -0.273171
16 65 -0.261182
16 66 -0.237656
16 67 -0.206267
16 68 -0.170549
16 69 -0.134804
16 70 -0.101911
16 71 -0.074549
16 72 -0.053203
16 73 -0.038445
16 74 -0.028588
16 75 -0.023401
16 76 -0.020160
16 77 -0.019376
16 78 -0.018035
16 79 -0.018078
16 80 -0.016399
16 81 -0.015974
16 82 -0.013929
16 83 -0.012915
16 84 -0.011386
16 85 -0.009726
16 86 -0.009423
16 87 -0.006978
16 88 -0.007913
16 89 -0.004989
16 90 -0.006321
16 91 -0.003946
16 92 -0.004264
16 93 -0.003647
16 94 -0.001900
16 95 -0.003368
16 96 0.000111
16 97 -0.002273
16 98 0.001147
16 99 0.000000

17 0 0.000000
17 1 0.002024
17 2 -0.002459
17 3 0.000771
17 4 -0.003591
17 5 -0.001636
17 6 -0.003834
17 7 -0.004486
17 8 -0.004246
17 9 -0.007035
17 10 -0.005701
17 11 -0.009150
17 12 -0.008346
17 13 -0.011209
17 14 -0.011721
17 15 -0.013492
17 16 -0.014995
17 17 -0.015625
17 18 -0.017206
17 19 -0.016980
17 20 -0.018361
17 21 -0.018627
17 22 -0.021553
17 23 -0.025587
17 24 -0.034112
17 25 -0.046531
17 26 -0.065081
17 27 -0.088951
17 28 -0.118378
17 29 -0.151077
17 30 -0.184948
17 31 -0.216102
17 32 -0.241228
17 33 -0.256448
17 34 -0.259563
17 35 -0.248741
17 36 -0.224270
17 37 -0.186431
17 38 -0.136826
17 39 -0.075831
17 40 -0.004425
17 41 0.077856
17 42 0.169957
17 43 0.270837
17 44 0.376141
17 45 0.480464
17 46 0.575024
17 47 0.651551
17 48 0.701076
17 49 0.718517
17 50 0.701041
17 51 0.651485
17 52 0.574922
17 53 0.480337
17 54 0.375979
17 55 0.270658
17 56 0.169745
17 57 0.077633
17 58 -0.004683
17 59 -0.076100
17 60 -0.137133
17 61 -0.186749
17 62 -0.224624
17 63 -0.249102
17 64 -0.259950
17 65 -0.256839
17 66 -0.241624
17 67 -0.216512
17 68 -0.185327
17 69 -0.151513
17 70 -0.118713
17 71 -0.089448
17 72 -0.065331
17 73 -0.047145
17 74 -0.034213
17 75 -0.026382
17 76 -0.021437
17 77 -0.019642
17 78 -0.018024
17 79 -0.018155
17 80 -0.016802
17 81 -0.016704
17 82 -0.014906
17 83 -0.014005
17 84 -0.012477
17 85 -0.010683
17 86 -0.010277
17 87 -0.007568
17 88 -0.008451
17 89 -0.005247
17 90 -0.006581
17 91 -0.004025
17 92 -0.004256
17 93 -0.003701
17 94 -0.001607
17 95 -0.003467
17 96 0.000651
17 97 -0.002370
17 98 0.001843
17 99 0.000000

18 0 0.000000
18 1 0.001714
18 2 -0.002685
18 3 0.000425
18 4 -0.004024
18 5 -0.002182
18 6 -0.004435
18 7 -0.005374
18 8 -0.005118
18 9 -0.008333
18 10 -0.007009
18 11 -0.010882
18 12 -0.010148
18 13 -0.013274
18 14 -0.013796
18 15 -0.015537
18 16 -0.016847
18 17 -0.017206
18 18 -0.018532
18 19 -0.018241
18 20 -0.019932
18 21 -0.021164
18 22 -0.025759
18 23 -0.032347
18 24 -0.043925
18 25 -0.059769
18 26 -0.081216
18 27 -0.107157
18 28 -0.136769
18 29 -0.167813
18 30 -0.197496
18 31 -0.222731
18 32 -0.240026
18 33 -0.246936
18 34 -0.241234
18 35 -0.222710
18 36 -0.191381
18 37 -0.149084
18 38 -0.096817
18 39 -0.036458
18 40 0.031943
18 41 0.107509
18 42 0.190656
18 43 0.279477
18 44 0.371875
18 45 0.462165
18 46 0.544430
18 47 0.610264
18 48 0.653452
18 49 0.668152
18 50 0.653404
18 51 0.610164
18 52 0.544288
18 53 0.461973
18 54 0.371650
18 55 0.279204
18 56 0.190359
18 57 0.107166
18 58 0.031581
18 59 -0.036868
18 60 -0.097242
18 61 -0.149557
18 62 -0.191864
18 63 -0.223238
18 64 -0.241759
18 65 -0.247502
18 66 -0.240566
18 67 -0.223321
18 68 -0.198021
18 69 -0.168428
18 70 -0.137242
18 71 -0.107825
18 72 -0.081592
18 73 -0.060544
18 74 -0.044137
18 75 -0.033295
18 76 -0.025736
18 77 -0.022325
18 78 -0.019668
18 79 -0.019556
18 80 -0.018183
18 81 -0.018415
18 82 -0.016810
18 83 -0.016153
18 84 -0.014634
18 85 -0.012788
18 86 -0.012242
18 87 -0.009249
18 88 -0.010017
18 89 -0.006426
18 90 -0.007749
18 91 -0.004822
18 92 -0.005078
18 93 -0.004273
18 94 -0.002142
18 95 -0.003890
18 96 0.000288
18 97 -0.002598
18 98 0.001527
18 99 0.000000

19 0 0.000000
19 1 0.002366
19 2 -0.002663
19 3 0.001021
19 4 -0.003974
19 5 -0.001846
19 6 -0.004383
19 7 -0.005429
19 8 -0.005248
19 9 -0.008796
19 10 -0.007492
19 11 -0.011672
19 12 -0.010936
19 13 -0.014121
19 14 -0.014513
19 15 -0.015978
19 16 -0.017008
19 17 -0.016980
19 18 -0.018241
19 19 -0.018102
19 20 -0.020696
19 21 -0.023391
19 22 -0.030401
19 23 -0.039832
19 24 -0.054729
19 25 -0.073390
19 26 -0.096970
19 27 -0.123204
19 28 -0.151350
19 29 -0.178368
19 30 -0.202302
19 31 -0.219841
19 32 -0.229044
19 33 -0.227441
19 34 -0.214520
19 35 -0.189662
19 36 -0.154364
19 37 -0.109515
19 38 -0.057472
19 39 0.001106
19 40 0.064697
19 41 0.133822
19 42 0.207459
19 43 0.285605
19 44 0.365176
19 45 0.443151
19 46 0.513105
19 47 0.569702
19 48 0.606081
19 49 0.619021
19 50 0.606009
19 51 0.569564
19 52 0.512895
19 53 0.442885
19 54 0.364841
19 55 0.285226
19 56 0.207015
19 57 0.133342
19 58 0.064154
19 59 0.000534
19 60 -0.058105
19 61 -0.110170
19 62 -0.155073
19 63 -0.190387
19 64 -0.215285
19 65 -0.228215
19 66 -0.229833
19 67 -0.220647
19 68 -0.203076
19 69 -0.179199
19 70 -0.152063
19 71 -0.124081
19 72 -0.097567
19 73 -0.074365
19 74 -0.055139
19 75 -0.040970
19 76 -0.030551
19 77 -0.024732
19 78 -0.020574
19 79 -0.019589
19 80 -0.018005
19 81 -0.018350
19 82 -0.017067
19 83 -0.016727
19 84 -0.015465
19 85 -0.013704
19 86 -0.013207
19 87 -0.010015
19 88 -0.010750
19 89 -0.006806
19 90 -0.008118
19 91 -0.004870
19 92 -0.005072
19 93 -0.004186
19 94 -0.001794
19 95 -0.003827
19 96 0.000865
19 97 -0.002573
19 98 0.002176
19 99 0.000000

20 0 0.000000
20 1 0.002139
20 2 -0.002975
20 3 0.000755
20 4 -0.004552
20 5 -0.002486
20 6 -0.005230
20 7 -0.006634
20 8 -0.006526
20 9 -0.010566
20 10 -0.009274
20 11 -0.013813
20 12 -0.013005
20 13 -0.016229
20 14 -0.016398
20 15 -0.017636
20 16 -0.018433
20 17 -0.018361
20 18 -0.019932
20 19 -0.020696
20 20 -0.024843
20 21 -0.029911
20 22 -0.039785
20 23 -0.052499
20 24 -0.070275
20 25 -0.091165
20 26 -0.115244
20 27 -0.140261
20 28 -0.164647
20 29 -0.186139
20 30 -0.202521
20 31 -0.212078
20 32 -0.212875
20 33 -0.204304
20 34 -0.185444
20 35 -0.157209
20 36 -0.119921
20 37 -0.075689
20 38 -0.025253
20 39 0.029345
20 40 0.088189
20 41 0.150056
20 42 0.215628
20 43 0.283212
20 44 0.352042
20 45 0.417935
20 46 0.477541
20 47 0.524689
20 48 0.555705
20 49 0.566047
20 50 0.555606
20 51 0.524489
20 52 0.477252
20 53 0.417547
20 54 0.351579
20 55 0.282655
20 56 0.215010
20 57 0.149348
20 58 0.087430
20 59 0.028500
20 60 -0.026137
20 61 -0.076651
20 62 -0.120909
20 63 -0.158266
20 64 -0.186507
20 65 -0.205430
20 66 -0.213977
20 67 -0.213247
20 68 -0.203617
20 69 -0.187337
20 70 -0.165679
20 71 -0.141499
20 72 -0.116147
20 73 -0.092486
20 74 -0.070970
20 75 -0.053966
20 76 -0.040195
20 77 -0.031564
20 78 -0.024953
20 79 -0.022478
20 80 -0.019897
20 81 -0.020009
20 82 -0.018673
20 83 -0.018630
20 84 -0.017544
20 85 -0.015986
20 86 -0.015534
20 87 -0.012215
20 88 -0.012877
20 89 -0.008536
20 90 -0.009763
20 91 -0.006045
20 92 -0.006154
20 93 -0.004949
20 94 -0.002363
20 95 -0.004347
20 96 0.000615
20 97 -0.002846
20 98 0.001966
20 99 0.000000

21 0 0.000000
21 1 0.002527
21 2 -0.003126
21 3 0.001101
21 4 -0.004772
21 5 -0.002548
21 6 -0.005573
21 7 -0.007223
21 8 -0.007155
21 9 -0.011550
21 10 -0.010153
21 11 -0.014836
21 12 -0.013800
21 13 -0.016828
21 14 -0.016714
21 15 -0.017655
21 16 -0.018467
21 17 -0.018627
21 18 -0.021164
21 19 -0.023391
21 20 -0.029911
21 21 -0.037721
21 22 -0.050830
21 23 -0.066324
21 24 -0.086337
21 25 -0.107759
21 26 -0.130770
21 27 -0.152182
21 28 -0.171224
21 29 -0.185251
21 30 -0.193684
21 31 -0.194778
21 32 -0.188614
21 33 -0.174209
21 34 -0.152346
21 35 -0.122674
21 36 -0.086711
21 37 -0.044595
21 38 0.001719
21 39 0.052206
21 40 0.105162
21 41 0.161145
21 42 0.218628
21 43 0.277938
21 44 0.336366
21 45 0.392567
21 46 0.441839
21 47 0.481482
21 48 0.506507
21 49 0.515559
21 50 0.506369
21 51 0.481214
21 52 0.441434
21 53 0.392047
21 54 0.335714
21 55 0.277187
21 56 0.217753
21 57 0.160186
21 58 0.104083
21 59 0.051057
21 60 0.000463
21 61 -0.045905
21 62 -0.088112
21 63 -0.124111
21 64 -0.153853
21 65 -0.175741
21 66 -0.190180
21 67 -0.196371
21 68 -0.195253
21 69 -0.186882
21 70 -0.172726
21 71 -0.153850
21 72 -0.132125
21 73 -0.109499
21 74 -0.087456
21 75 -0.068192
21 76 -0.051629
21 77 -0.039754
21 78 -0.030367
21 79 -0.025532
21 80 -0.021428
21 81 -0.020609
21 82 -0.018964
21 83 -0.018943
21 84 -0.018107
21 85 -0.016796
21 86 -0.016616
21 87 -0.013314
21 88 -0.014108
21 89 -0.009472
21 90 -0.010730
21 91 -0.006589
21 92 -0.006631
21 93 -0.005174
21 94 -0.002320
21 95 -0.004460
21 96 0.001017
21 97 -0.002913
21 98 0.002393
21 99 0.000000

22 0 0.000000
22 1 0.002231
22 2 -0.003802
22 3 0.000611
22 4 -0.005805
22 5 -0.003648
22 6 -0.006928
22 7 -0.008952
22 8 -0.008863
22 9 -0.013634
22 10 -0.012017
22 11 -0.016808
22 12 -0.015452
22 13 -0.018351
22 14 -0.018054
22 15 -0.019088
22 16 -0.020357
22 17 -0.021553
22 18 -0.025759
22 19 -0.030401
22 20 -0.039785
22 21 -0.050830
22 22 -0.066782
22 23 -0.084527
22 24 -0.105171
22 25 -0.125640
22 26 -0.145235
22 27 -0.161496
22 28 -0.173243
22 29 -0.179419
22 30 -0.179385
22 31 -0.173479
22 32 -0.161454
22 33 -0.144212
22 34 -0.121292
22 35 -0.093640
22 36 -0.060589
22 37 -0.023368
22 38 0.018530
22 39 0.063428
22 40 0.111732
22 41 0.161543
22 42 0.213260
22 43 0.264560
22 44 0.315246
22 45 0.361870
22 46 0.403180
22 47 0.434861
22 48 0.455688
22 49 0.462306
22 50 0.455505
22 51 0.434492
22 52 0.402643
22 53 0.361151
22 54 0.314378
22 55 0.263518
22 56 0.212087
22 57 0.160204
22 58 0.110280
22 59 0.061821
22 60 0.016831
22 61 -0.025204
22 62 -0.062490
22 63 -0.095659
22 64 -0.123345
22 65 -0.146368
22 66 -0.163604
22 67 -0.175727
22 68 -0.181563
22 69 -0.181724
22 70 -0.175366
22 71 -0.163843
22 72 -0.147208
22 73 -0.128049
22 74 -0.106890
22 75 -0.087043
22 76 -0.068151
22 77 -0.053484
22 78 -0.040774
22 79 -0.033131
22 80 -0.026506
22 81 -0.024087
22 82 -0.021285
22 83 -0.020874
22 84 -0.019848
22 85 -0.018712
22 86 -0.018692
22 87 -0.015510
22 88 -0.016451
22 89 -0.011606
22 90 -0.012903
22 91 -0.008314
22 92 -0.008261
22 93 -0.006413
22 94 -0.003263
22 95 -0.005342
22 96 0.000635
22 97 -0.003453
22 98 0.002138
22 99 0.000000

23 0 0.000000
23 1 0.002207
23 2 -0.004639
23 3 0.000194
23 4 -0.006909
23 5 -0.004707
23 6 -0.008187
23 7 -0.010428
23 8 -0.010154
23 9 -0.015078
23 10 -0.013064
23 11 -0.017766
23 12 -0.016076
23 13 -0.018860
23 14 -0.018723
23 15 -0.020231
23 16 -0.022711
23 17 -0.025587
23 18 -0.032347
23 19 -0.039832
23 20 -0.052499
23 21 -0.066324
23 22 -0.084527
23 23 -0.102857
23 24 -0.122587
23 25 -0.139679
23 26 -0.154237
23 27 -0.163293
23 28 -0.167280
23 29 -0.164985
23 30 -0.157908
23 31 -0.146038
23 32 -0.131175
23 33 -0.113017
23 34 -0.092583
23 35 -0.068548
23 36 -0.041338
23 37 -0.009358
23 38 0.026420
23 39 0.066891
23 40 0.110002
23 41 0.155953
23 42 0.201998
23 43 0.248098
23 44 0.291131
23 45 0.330876
23 46 0.363856
23 47 0.389808
23 48 0.405431
23 49 0.411257
23 50 0.405190
23 51 0.389335
23 52 0.363143
23 53 0.329952
23 54 0.289974
23 55 0.246751
23 56 0.200428
23 57 0.154213
23 58 0.108049
23 59 0.064793
23 60 0.024129
23 61 -0.011767
23 62 -0.043912
23 63 -0.071210
23 64 -0.095375
23 65 -0.115874
23 66 -0.134115
23 67 -0.149037
23 68 -0.160913
23 69 -0.168075
23 70 -0.170250
23 71 -0.166445
23 72 -0.157058
23 73 -0.142897
23 74 -0.125136
23 75 -0.106169
23 76 -0.086691
23 77 -0.069748
23 78 -0.054230
23 79 -0.043293
23 80 -0.033765
23 81 -0.028805
23 82 -0.024227
23 83 -0.022627
23 84 -0.021035
23 85 -0.019700
23 86 -0.019814
23 87 -0.016738
23 88 -0.018017
23 89 -0.013099
23 90 -0.014665
23 91 -0.009755
23 92 -0.009763
23 93 -0.007597
23 94 -0.004189
23 95 -0.006281
23 96 0.000348
23 97 -0.004123
23 98 0.002133
23 99 0.000000

24 0 0.000000
24 1 0.001793
24 2 -0.006080
24 3 -0.001035
24 4 -0.008859
24 5 -0.006736
24 6 -0.010334
24 7 -0.012782
24 8 -0.012171
24 9 -0.017215
24 10 -0.014714
24 11 -0.019442
24 12 -0.017589
24 13 -0.020721
24 14 -0.021286
24 15 -0.024131
24 16 -0.028586
24 17 -0.034112
24 18 -0.043925
24 19 -0.054729
24 20 -0.070275
24 21 -0.086337
24 22 -0.105171
24 23 -0.122587
24 24 -0.139010
24 25 -0.151131
24 26 -0.158599
24 27 -0.159995
24 28 -0.155594
24 29 -0.146293
24 30 -0.133236
24 31 -0.118531
24 32 -0.102816
24 33 -0.087440
24 34 -0.071154
24 35 -0.053831
24 36 -0.032851
24 37 -0.007999
24 38 0.022782
24 39 0.058059
24 40 0.098259
24 41 0.140211
24 42 0.183439
24 43 0.224267
24 44 0.262533
24 45 0.294985
24 46 0.322202
24 47 0.341465
24 48 0.353971
24 49 0.357454
24 50 0.353667
24 51 0.340854
24 52 0.321305
24 53 0.293785
24 54 0.261071
24 55 0.222511
24 56 0.181443
24 57 0.137932
24 58 0.095764
24 59 0.055297
24 60 0.019836
24 61 -0.011186
24 62 -0.036182
24 63 -0.057372
24 64 -0.074796
24 65 -0.091265
24 66 -0.106687
24 67 -0.122571
24 68 -0.137240
24 69 -0.150482
24 70 -0.159613
24 71 -0.164285
24 72 -0.162497
24 73 -0.155502
24 74 -0.142642
24 75 -0.127045
24 76 -0.108398
24 77 -0.090877
24 78 -0.073023
24 79 -0.059255
24 80 -0.046285
24 81 -0.038322
24 82 -0.030939
24 83 -0.027419
24 84 -0.024330
24 85 -0.022287
24 86 -0.022004
24 87 -0.018881
24 88 -0.020346
24 89 -0.015428
24 90 -0.017315
24 91 -0.012187
24 92 -0.012332
24 93 -0.009859
24 94 -0.006202
24 95 -0.008175
24 96 -0.000808
24 97 -0.005458
24 98 0.001647
24 99 0.000000

25 0 0.000000
25 1 0.001671
25 2 -0.007668
25 3 -0.002366
25 4 -0.010953
25 5 -0.008854
25 6 -0.012483
25 7 -0.015010
25 8 -0.013961
25 9 -0.019065
25 10 -0.016174
25 11 -0.021103
25 12 -0.019573
25 13 -0.023575
25 14 -0.025701
25 15 -0.030601
25 16 -0.037936
25 17 -0.046531
25 18 -0.059769
25 19 -0.073390
25 20 -0.091165
25 21 -0.107759
25 22 -0.125640
25 23 -0.139679
25 24 -0.151131
25 25 -0.156154
25 26 -0.156010
25 27 -0.149042
25 28 -0.137680
25 29 -0.122396
25 30 -0.106523
25 31 -0.090987
25 32 -0.078224
25 33 -0.067322
25 34 -0.058393
25 35 -0.048152
25 36 -0.035379
25 37 -0.016466
25 38 0.008448
25 39 0.040882
25 40 0.077870
25 41 0.118737
25 42 0.158887
25 43 0.197448
25 44 0.230393
25 45 0.258359
25 46 0.278804
25 47 0.293835
25 48 0.301702
25 49 0.304863
25 50 0.301324
25 51 0.293092
25 52 0.277685
25 53 0.256897
25 54 0.228562
25 55 0.195299
25 56 0.156378
25 57 0.115934
25 58 0.074718
25 59 0.037464
25 60 0.004706
25 61 -0.020437
25 62 -0.039638
25 63 -0.052601
25 64 -0.063084
25 65 -0.072170
25 66 -0.083251
25 67 -0.096153
25 68 -0.111774
25 69 -0.127800
25 70 -0.143018
25 71 -0.154617
25 72 -0.161273
25 73 -0.161855
25 74 -0.156144
25 75 -0.145482
25 76 -0.130231
25 77 -0.113624
25 78 -0.095222
25 79 -0.079191
25 80 -0.063341
25 81 -0.051935
25 82 -0.041365
25 83 -0.034962
25 84 -0.029674
25 85 -0.026029
25 86 -0.024822
25 87 -0.021147
25 88 -0.022630
25 89 -0.017578
25 90 -0.019897
25 91 -0.014610
25 92 -0.015082
25 93 -0.012385
25 94 -0.008585
25 95 -0.010437
25 96 -0.002255
25 97 -0.007106
25 98 0.001310
25 99 0.000000

26 0 0.000000
26 1 0.001697
26 2 -0.009291
26 3 -0.003912
26 4 -0.013237
26 5 -0.011263
26 6 -0.014927
26 7 -0.017658
26 8 -0.016259
26 9 -0.021763
26 10 -0.018850
26 11 -0.024645
26 12 -0.024152
26 13 -0.029988
26 14 -0.034511
26 15 -0.042405
26 16 -0.053066
26 17 -0.065081
26 18 -0.081216
26 19 -0.096970
26 20 -0.115244
26 21 -0.130770
26 22 -0.145235
26 23 -0.154237
26 24 -0.158599
