0 0 0.000000
0 1 0.000000
0 2 0.000000
0 3 0.000000
0 4 0.000000
0 5 0.000000
0 6 0.000000
0 7 0.000000
0 8 0.000000
0 9 0.000000
0 10 0.000000
0 11 0.000000
0 12 0.000000
0 13 0.000000
0 14 0.000000
0 15 0.000000
0 16 0.000000
0 17 0.000000
0 18 0.000000
0 19 0.000000
0 20 0.000000
0 21 0.000000
0 22 0.000000
0 23 0.000000
0 24 0.000000
0 25 0.000000
0 26 0.000000
0 27 0.000000
0 28 0.000000
0 29 0.000000
0 30 0.000000
0 31 0.000000
0 32 0.000000
0 33 0.000000
0 34 0.000000
0 35 0.000000
0 36 0.000000
0 37 0.000000
0 38 0.000000
0 39 0.000000
0 40 0.000000
0 41 0.000000
0 42 0.000000
0 43 0.000000
0 44 0.000000
0 45 0.000000
0 46 0.000000
0 47 0.000000
0 48 0.000000
0 49 0.000000
0 50 0.000000
0 51 0.000000
0 52 0.000000
0 53 0.000000
0 54 0.000000
0 55 0.000000
0 56 0.000000
0 57 0.000000
0 58 0.000000
0 59 0.000000
0 60 0.000000
0 61 0.000000
0 62 0.000000
0 63 0.000000
0 64 0.000000
0 65 0.000000
0 66 0.000000
0 67 0.000000
0 68 0.000000
0 69 0.000000
0 70 0.000000
0 71 0.000000
0 72 0.000000
0 73 0.000000
0 74 0.000000
0 75 0.000000
0 76 0.000000
0 77 0.000000
0 78 0.000000
0 79 0.000000
0 80 0.000000
0 81 0.000000
0 82 0.000000
0 83 0.000000
0 84 0.000000
0 85 0.000000
0 86 0.000000
0 87 0.000000
0 88 0.000000
0 89 0.000000
0 90 0.000000
0 91 0.000000
0 92 0.000000
0 93 0.000000
0 94 0.000000
0 95 0.000000
0 96 0.000000
0 97 0.000000
0 98 0.000000
0 99 0.000000

1 0 0.000000
1 1 0.000006
1 2 0.000018
1 3 0.000045
1 4 0.000107
1 5 0.000241
1 6 0.000517
1 7 0.001053
1 8 0.002041
1 9 0.003774
1 10 0.006668
1 11 0.011279
1 12 0.018296
1 13 0.028515
1 14 0.042781
1 15 0.061904
1 16 0.086557
1 17 0.117171
1 18 0.153844
1 19 0.196269
1 20 0.243706
1 21 0.294999
1 22 0.348633
1 23 0.402838
1 24 0.455712
1 25 0.505369
1 26 0.550074
1 27 0.588357
1 28 0.619100
1 29 0.641579
1 30 0.655479
1 31 0.660867
1 32 0.658154
1 33 0.648033
1 34 0.631409
1 35 0.609333
1 36 0.582933
1 37 0.553360
1 38 0.521733
1 39 0.489113
1 40 0.456468
1 41 0.424667
1 42 0.394462
1 43 0.366499
1 44 0.341314
1 45 0.319346
1 46 0.300941
1 47 0.286369
1 48 0.275826
1 49 0.269449
1 50 0.267314
1 51 0.269449
1 52 0.275826
1 53 0.286369
1 54 0.300941
1 55 0.319346
1 56 0.341314
1 57 0.366499
1 58 0.394462
1 59 0.424667
1 60 0.456468
1 61 0.489113
1 62 0.521733
1 63 0.553360
1 64 0.582933
1 65 0.609333
1 66 0.631409
1 67 0.648033
1 68 0.658154
1 69 0.660867
1 70 0.655479
1 71 0.641579
1 72 0.619100
1 73 0.588357
1 74 0.550074
1 75 0.505369
1 76 0.455712
1 77 0.402838
1 78 0.348633
1 79 0.294999
1 80 0.243706
1 81 0.196269
1 82 0.153844
1 83 0.117171
1 84 0.086557
1 85 0.061904
1 86 0.042781
1 87 0.028515
1 88 0.018296
1 89 0.011279
1 90 0.006668
1 91 0.003774
1 92 0.002041
1 93 0.001053
1 94 0.000517
1 95 0.000241
1 96 0.000107
1 97 0.000044
1 98 0.000017
1 99 0.000000

2 0 0.000000
2 1 0.000018
2 2 0.000047
2 3 0.000114
2 4 0.000260
2 5 0.000564
2 6 0.001162
2 7 0.002274
2 8 0.004243
2 9 0.007556
2 10 0.012863
2 11 0.020969
2 12 0.032792
2 13 0.049281
2 14 0.071300
2 15 0.099492
2 16 0.134138
2 17 0.175042
2 18 0.221457
2 19 0.272070
2 20 0.325047
2 21 0.378151
2 22 0.428898
2 23 0.474762
2 24 0.513379
2 25 0.542734
2 26 0.561315
2 27 0.568196
2 28 0.563070
2 29 0.546213
2 30 0.518421
2 31 0.480899
2 32 0.435154
2 33 0.382873
2 34 0.325816
2 35 0.265719
2 36 0.204217
2 37 0.142792
2 38 0.082739
2 39 0.025150
2 40 -0.029086
2 41 -0.079273
2 42 -0.124888
2 43 -0.165556
2 44 -0.201024
2 45 -0.231137
2 46 -0.255807
2 47 -0.274997
2 48 -0.288697
2 49 -0.296913
2 50 -0.299650
2 51 -0.296913
2 52 -0.288697
2 53 -0.274997
2 54 -0.255807
2 55 -0.231137
2 56 -0.201024
2 57 -0.165556
2 58 -0.124888
2 59 -0.079273
2 60 -0.029086
2 61 0.025150
2 62 0.082739
2 63 0.142792
2 64 0.204217
2 65 0.265719
2 66 0.325816
2 67 0.382873
2 68 0.435154
2 69 0.480899
2 70 0.518421
2 71 0.546213
2 72 0.563070
2 73 0.568196
2 74 0.561315
2 75 0.542734
2 76 0.513379
2 77 0.474762
2 78 0.428898
2 79 0.378151
2 80 0.325047
2 81 0.272070
2 82 0.221457
2 83 0.175042
2 84 0.134138
2 85 0.099492
2 86 0.071300
2 87 0.049281
2 88 0.032792
2 89 0.020969
2 90 0.012863
2 91 0.007556
2 92 0.004243
2 93 0.002274
2 94 0.001162
2 95 0.000564
2 96 0.000260
2 97 0.000113
2 98 0.000045
2 99 0.000000

3 0 0.000000
3 1 0.000045
3 2 0.000114
3 3 0.000266
3 4 0.000586
3 5 0.001222
3 6 0.002425
3 7 0.004584
3 8 0.008266
3 9 0.014247
3 10 0.023506
3 11 0.037190
3 12 0.056522
3 13 0.082665
3 14 0.116553
3 15 0.158715
3 16 0.209109
3 17 0.267018
3 18 0.331001
3 19 0.398936
3 20 0.468134
3 21 0.535535
3 22 0.597949
3 23 0.652319
3 24 0.695977
3 25 0.726847
3 26 0.743579
3 27 0.745601
3 28 0.733094
3 29 0.706905
3 30 0.668423
3 31 0.619430
3 32 0.561954
3 33 0.498126
3 34 0.430056
3 35 0.359734
3 36 0.288963
3 37 0.219312
3 38 0.152097
3 39 0.088383
3 40 0.028996
3 41 -0.025456
3 42 -0.074547
3 43 -0.118004
3 44 -0.155673
3 45 -0.187487
3 46 -0.213440
3 47 -0.233558
3 48 -0.247885
3 49 -0.256461
3 50 -0.259316
3 51 -0.256461
3 52 -0.247885
3 53 -0.233558
3 54 -0.213440
3 55 -0.187487
3 56 -0.155673
3 57 -0.118004
3 58 -0.074547
3 59 -0.025456
3 60 0.028996
3 61 0.088383
3 62 0.152097
3 63 0.219312
3 64 0.288963
3 65 0.359734
3 66 0.430056
3 67 0.498126
3 68 0.561954
3 69 0.619430
3 70 0.668423
3 71 0.706905
3 72 0.733094
3 73 0.745601
3 74 0.743579
3 75 0.726847
3 76 0.695977
3 77 0.652319
3 78 0.597949
3 79 0.535535
3 80 0.468134
3 81 0.398936
3 82 0.331001
3 83 0.267018
3 84 0.209109
3 85 0.158715
3 86 0.116553
3 87 0.082665
3 88 0.056522
3 89 0.037190
3 90 0.023506
3 91 0.014247
3 92 0.008266
3 93 0.004583
3 94 0.002425
3 95 0.001222
3 96 0.000585
3 97 0.000263
3 98 0.000109
3 99 0.000000

4 0 0.000000
4 1 0.000107
4 2 0.000260
4 3 0.000586
4 4 0.001238
4 5 0.002486
4 6 0.004750
4 7 0.008655
4 8 0.015065
4 9 0.025084
4 10 0.040023
4 11 0.061295
4 12 0.090257
4 13 0.128013
4 14 0.175188
4 15 0.231734
4 16 0.296785
4 17 0.368595
4 18 0.444580
4 19 0.521452
4 20 0.595460
4 21 0.662685
4 22 0.719380
4 23 0.762292
4 24 0.788933
4 25 0.797758
4 26 0.788224
4 27 0.760760
4 28 0.716640
4 29 0.657808
4 30 0.586682
4 31 0.505947
4 32 0.418369
4 33 0.326637
4 34 0.233240
4 35 0.140376
4 36 0.049911
4 37 -0.036643
4 38 -0.118115
4 39 -0.193652
4 40 -0.262678
4 41 -0.324853
4 42 -0.380023
4 43 -0.428179
4 44 -0.469407
4 45 -0.503857
4 46 -0.531709
4 47 -0.553145
4 48 -0.568326
4 49 -0.577380
4 50 -0.580389
4 51 -0.577380
4 52 -0.568326
4 53 -0.553145
4 54 -0.531709
4 55 -0.503857
4 56 -0.469407
4 57 -0.428179
4 58 -0.380023
4 59 -0.324853
4 60 -0.262678
4 61 -0.193652
4 62 -0.118115
4 63 -0.036643
4 64 0.049911
4 65 0.140376
4 66 0.233240
4 67 0.326637
4 68 0.418369
4 69 0.505947
4 70 0.586682
4 71 0.657808
4 72 0.716640
4 73 0.760760
4 74 0.788224
4 75 0.797758
4 76 0.788933
4 77 0.762292
4 78 0.719380
4 79 0.662685
4 80 0.595460
4 81 0.521452
4 82 0.444580
4 83 0.368595
4 84 0.296785
4 85 0.231734
4 86 0.175188
4 87 0.128013
4 88 0.090257
4 89 0.061295
4 90 0.040023
4 91 0.025084
4 92 0.015065
4 93 0.008655
4 94 0.004749
4 95 0.002485
4 96 0.001236
4 97 0.000577
4 98 0.000249
4 99 0.000000

5 0 0.000000
5 1 0.000241
5 2 0.000564
5 3 0.001222
5 4 0.002486
5 5 0.004804
5 6 0.008846
5 7 0.015548
5 8 0.026127
5 9 0.042038
5 10 0.064868
5 11 0.096159
5 12 0.137171
5 13 0.188625
5 14 0.250466
5 15 0.321690
5 16 0.400267
5 17 0.483187
5 18 0.566628
5 19 0.646227
5 20 0.717453
5 21 0.776006
5 22 0.818217
5 23 0.841378
5 24 0.843950
5 25 0.825631
5 26 0.787286
5 27 0.730768
5 28 0.658675
5 29 0.574084
5 30 0.480290
5 31 0.380579
5 32 0.278036
5 33 0.175416
5 34 0.075050
5 35 -0.021183
5 36 -0.111859
5 37 -0.195976
5 38 -0.272906
5 39 -0.342333
5 40 -0.404197
5 41 -0.458625
5 42 -0.505881
5 43 -0.546312
5 44 -0.580308
5 45 -0.608267
5 46 -0.630564
5 47 -0.647533
5 48 -0.659449
5 49 -0.666514
5 50 -0.668855
5 51 -0.666514
5 52 -0.659449
5 53 -0.647533
5 54 -0.630564
5 55 -0.608267
5 56 -0.580308
5 57 -0.546312
5 58 -0.505881
5 59 -0.458625
5 60 -0.404197
5 61 -0.342333
5 62 -0.272906
5 63 -0.195976
5 64 -0.111859
5 65 -0.021183
5 66 0.075050
5 67 0.175416
5 68 0.278036
5 69 0.380579
5 70 0.480290
5 71 0.574084
5 72 0.658675
5 73 0.730768
5 74 0.787286
5 75 0.825631
5 76 0.843950
5 77 0.841378
5 78 0.818217
5 79 0.776006
5 80 0.717453
5 81 0.646227
5 82 0.566628
5 83 0.483187
5 84 0.400267
5 85 0.321690
5 86 0.250466
5 87 0.188625
5 88 0.137171
5 89 0.096159
5 90 0.064868
5 91 0.042038
5 92 0.026127
5 93 0.015548
5 94 0.008845
5 95 0.004801
5 96 0.002479
5 97 0.001201
5 98 0.000540
5 99 0.000000

6 0 0.000000
6 1 0.000517
6 2 0.001162
6 3 0.002425
6 4 0.004750
6 5 0.008846
6 6 0.015710
6 7 0.026653
6 8 0.043263
6 9 0.067291
6 10 0.100451
6 11 0.144155
6 12 0.199209
6 13 0.265532
6 14 0.341949
6 15 0.426101
6 16 0.514488
6 17 0.602677
6 18 0.685626
6 19 0.758121
6 20 0.815272
6 21 0.852992
6 22 0.868401
6 23 0.860074
6 24 0.828109
6 25 0.774012
6 26 0.700436
6 27 0.610845
6 28 0.509158
6 29 0.399412
6 30 0.285487
6 31 0.170887
6 32 0.058601
6 33 -0.048973
6 34 -0.150040
6 35 -0.243378
6 36 -0.328266
6 37 -0.404408
6 38 -0.471842
6 39 -0.530862
6 40 -0.581935
6 41 -0.625637
6 42 -0.662598
6 43 -0.693457
6 44 -0.718827
6 45 -0.739275
6 46 -0.755298
6 47 -0.767316
6 48 -0.775660
6 49 -0.780570
6 50 -0.782190
6 51 -0.780570
6 52 -0.775660
6 53 -0.767316
6 54 -0.755298
6 55 -0.739275
6 56 -0.718827
6 57 -0.693457
6 58 -0.662598
6 59 -0.625637
6 60 -0.581935
6 61 -0.530862
6 62 -0.471842
6 63 -0.404408
6 64 -0.328266
6 65 -0.243378
6 66 -0.150040
6 67 -0.048973
6 68 0.058601
6 69 0.170887
6 70 0.285487
6 71 0.399412
6 72 0.509158
6 73 0.610845
6 74 0.700436
6 75 0.774012
6 76 0.828109
6 77 0.860074
6 78 0.868401
6 79 0.852992
6 80 0.815272
6 81 0.758121
6 82 0.685626
6 83 0.602677
6 84 0.514488
6 85 0.426101
6 86 0.341949
6 87 0.265532
6 88 0.199209
6 89 0.144155
6 90 0.100451
6 91 0.067291
6 92 0.043263
6 93 0.026652
6 94 0.015708
6 95 0.008839
6 96 0.004734
6 97 0.002375
6 98 0.001111
6 99 0.000000

7 0 0.000000
7 1 0.001053
7 2 0.002274
7 3 0.004584
7 4 0.008655
7 5 0.015548
7 6 0.026653
7 7 0.043677
7 8 0.068524
7 9 0.103086
7 10 0.148932
7 11 0.206970
7 12 0.277110
7 13 0.358015
7 14 0.446986
7 15 0.540016
7 16 0.632021
7 17 0.717232
7 18 0.789711
7 19 0.843946
7 20 0.875437
7 21 0.881184
7 22 0.859996
7 23 0.812548
7 24 0.741215
7 25 0.649702
7 26 0.542579
7 27 0.424802
7 28 0.301281
7 29 0.176539
7 30 0.054473
7 31 -0.061787
7 32 -0.169928
7 33 -0.268426
7 34 -0.356461
7 35 -0.433802
7 36 -0.500680
7 37 -0.557661
7 38 -0.605539
7 39 -0.645236
7 40 -0.677732
7 41 -0.703996
7 42 -0.724954
7 43 -0.741452
7 44 -0.754248
7 45 -0.763992
7 46 -0.771234
7 47 -0.776416
7 48 -0.779879
7 49 -0.781860
7 50 -0.782506
7 51 -0.781860
7 52 -0.779879
7 53 -0.776416
7 54 -0.771234
7 55 -0.763992
7 56 -0.754248
7 57 -0.741452
7 58 -0.724954
7 59 -0.703996
7 60 -0.677732
7 61 -0.645236
7 62 -0.605539
7 63 -0.557661
7 64 -0.500680
7 65 -0.433802
7 66 -0.356461
7 67 -0.268426
7 68 -0.169928
7 69 -0.061787
7 70 0.054473
7 71 0.176539
7 72 0.301281
7 73 0.424802
7 74 0.542579
7 75 0.649702
7 76 0.741215
7 77 0.812548
7 78 0.859996
7 79 0.881184
7 80 0.875437
7 81 0.843946
7 82 0.789711
7 83 0.717232
7 84 0.632021
7 85 0.540016
7 86 0.446986
7 87 0.358015
7 88 0.277110
7 89 0.206970
7 90 0.148932
7 91 0.103086
7 92 0.068524
7 93 0.043675
7 94 0.026648
7 95 0.015533
7 96 0.008620
7 97 0.004474
7 98 0.002175
7 99 0.000000

8 0 0.000000
8 1 0.002041
8 2 0.004243
8 3 0.008266
8 4 0.015065
8 5 0.026127
8 6 0.043263
8 7 0.068524
8 8 0.103976
8 9 0.151365
8 10 0.211729
8 11 0.285006
8 12 0.369734
8 13 0.462901
8 14 0.559998
8 15 0.655273
8 16 0.742189
8 17 0.814028
8 18 0.864602
8 19 0.888951
8 20 0.883951
8 21 0.848683
8 22 0.784511
8 23 0.694839
8 24 0.584623
8 25 0.459734
8 26 0.326326
8 27 0.190278
8 28 0.056781
8 29 -0.069923
8 30 -0.186671
8 31 -0.291381
8 32 -0.382966
8 33 -0.461181
8 34 -0.526442
8 35 -0.579638
8 36 -0.621961
8 37 -0.654770
8 38 -0.679473
8 39 -0.697449
8 40 -0.709982
8 41 -0.718237
8 42 -0.723229
8 43 -0.725836
8 44 -0.726785
8 45 -0.726680
8 46 -0.725995
8 47 -0.725105
8 48 -0.724280
8 49 -0.723714
8 50 -0.723511
8 51 -0.723714
8 52 -0.724280
8 53 -0.725105
8 54 -0.725995
8 55 -0.726680
8 56 -0.726785
8 57 -0.725836
8 58 -0.723229
8 59 -0.718237
8 60 -0.709982
8 61 -0.697449
8 62 -0.679473
8 63 -0.654770
8 64 -0.621961
8 65 -0.579638
8 66 -0.526442
8 67 -0.461181
8 68 -0.382966
8 69 -0.291381
8 70 -0.186671
8 71 -0.069923
8 72 0.056781
8 73 0.190278
8 74 0.326326
8 75 0.459734
8 76 0.584623
8 77 0.694839
8 78 0.784511
8 79 0.848683
8 80 0.883951
8 81 0.888951
8 82 0.864602
8 83 0.814028
8 84 0.742189
8 85 0.655273
8 86 0.559998
8 87 0.462901
8 88 0.369734
8 89 0.285006
8 90 0.211729
8 91 0.151365
8 92 0.103974
8 93 0.068520
8 94 0.043250
8 95 0.026093
8 96 0.014989
8 97 0.008037
8 98 0.004058
8 99 0.000000

9 0 0.000000
9 1 0.003774
9 2 0.007556
9 3 0.014247
9 4 0.025084
9 5 0.042038
9 6 0.067291
9 7 0.103086
9 8 0.151365
9 9 0.213334
9 10 0.289013
9 11 0.376878
9 12 0.473662
9 13 0.574390
9 14 0.672660
9 15 0.761148
9 16 0.832319
9 17 0.879247
9 18 0.896459
9 19 0.880663
9 20 0.831223
9 21 0.750253
9 22 0.642317
9 23 0.513783
9 24 0.372000
9 25 0.224455
9 26 0.078073
9 27 -0.061293
9 28 -0.189138
9 29 -0.302401
9 30 -0.399405
9 31 -0.479681
9 32 -0.543736
9 33 -0.592779
9 34 -0.628473
9 35 -0.652711
9 36 -0.667451
9 37 -0.674584
9 38 -0.675859
9 39 -0.672824
9 40 -0.666812
9 41 -0.658932
9 42 -0.650098
9 43 -0.641028
9 44 -0.632294
9 45 -0.624323
9 46 -0.617442
9 47 -0.611880
9 48 -0.607805
9 49 -0.605318
9 50 -0.604484
9 51 -0.605318
9 52 -0.607805
9 53 -0.611880
9 54 -0.617442
9 55 -0.624323
9 56 -0.632294
9 57 -0.641028
9 58 -0.650098
9 59 -0.658932
9 60 -0.666812
9 61 -0.672824
9 62 -0.675859
9 63 -0.674584
9 64 -0.667451
9 65 -0.652711
9 66 -0.628473
9 67 -0.592779
9 68 -0.543736
9 69 -0.479681
9 70 -0.399405
9 71 -0.302401
9 72 -0.189138
9 73 -0.061293
9 74 0.078073
9 75 0.224455
9 76 0.372000
9 77 0.513783
9 78 0.642317
9 79 0.750253
9 80 0.831223
9 81 0.880663
9 82 0.896459
9 83 0.879247
9 84 0.832319
9 85 0.761148
9 86 0.672660
9 87 0.574390
9 88 0.473662
9 89 0.376878
9 90 0.289013
9 91 0.213333
9 92 0.151361
9 93 0.103075
9 94 0.067262
9 95 0.041964
9 96 0.024931
9 97 0.013793
9 98 0.007231
9 99 0.000000

10 0 0.000000
10 1 0.006668
10 2 0.012863
10 3 0.023506
10 4 0.040023
10 5 0.064868
10 6 0.100451
10 7 0.148932
10 8 0.211729
10 9 0.289013
10 10 0.379279
10 11 0.479091
10 12 0.583081
10 13 0.684235
10 14 0.774460
10 15 0.845371
10 16 0.889249
10 17 0.900031
10 18 0.874194
10 19 0.811342
10 20 0.714355
10 21 0.589027
10 22 0.443266
10 23 0.286036
10 24 0.126272
10 25 -0.028017
10 26 -0.170353
10 27 -0.296091
10 28 -0.402447
10 29 -0.488349
10 30 -0.554144
10 31 -0.601259
10 32 -0.631826
10 33 -0.648361
10 34 -0.653485
10 35 -0.649734
10 36 -0.639425
10 37 -0.624594
10 38 -0.606946
10 39 -0.587877
10 40 -0.568475
10 41 -0.549579
10 42 -0.531799
10 43 -0.515577
10 44 -0.501205
10 45 -0.488883
10 46 -0.478719
10 47 -0.470785
10 48 -0.465104
10 49 -0.461697
10 50 -0.460558
10 51 -0.461697
10 52 -0.465104
10 53 -0.470785
10 54 -0.478719
10 55 -0.488883
10 56 -0.501205
10 57 -0.515577
10 58 -0.531799
10 59 -0.549579
10 60 -0.568475
10 61 -0.587877
10 62 -0.606946
10 63 -0.624594
10 64 -0.639425
10 65 -0.649734
10 66 -0.653485
10 67 -0.648361
10 68 -0.631826
10 69 -0.601259
10 70 -0.554144
10 71 -0.488349
10 72 -0.402447
10 73 -0.296091
10 74 -0.170353
10 75 -0.028017
10 76 0.126272
10 77 0.286036
10 78 0.443266
10 79 0.589027
10 80 0.714355
10 81 0.811342
10 82 0.874194
10 83 0.900031
10 84 0.889249
10 85 0.845371
10 86 0.774460
10 87 0.684235
10 88 0.583080
10 89 0.479091
10 90 0.379278
10 91 0.289010
10 92 0.211720
10 93 0.148908
10 94 0.100390
10 95 0.064718
10 96 0.039728
10 97 0.022647
10 98 0.012323
10 99 0.000000

11 0 0.000000
11 1 0.011279
11 2 0.020969
11 3 0.037190
11 4 0.061295
11 5 0.096159
11 6 0.144155
11 7 0.206970
11 8 0.285006
11 9 0.376878
11 10 0.479091
11 11 0.585987
11 12 0.690018
11 13 0.782352
11 14 0.853746
11 15 0.895632
11 16 0.901269
11 17 0.866797
11 18 0.791975
11 19 0.680403
11 20 0.539130
11 21 0.377683
11 22 0.206756
11 23 0.036829
11 24 -0.122965
11 25 -0.265577
11 26 -0.386357
11 27 -0.482996
11 28 -0.555240
11 29 -0.604455
11 30 -0.633144
11 31 -0.644467
11 32 -0.641833
11 33 -0.628573
11 34 -0.607739
11 35 -0.581971
11 36 -0.553465
11 37 -0.523957
11 38 -0.494772
11 39 -0.466858
11 40 -0.440875
11 41 -0.417226
11 42 -0.396154
11 43 -0.377749
11 44 -0.362028
11 45 -0.348931
11 46 -0.338391
11 47 -0.330305
11 48 -0.324603
11 49 -0.321206
11 50 -0.320082
11 51 -0.321206
11 52 -0.324603
11 53 -0.330305
11 54 -0.338391
11 55 -0.348931
11 56 -0.362028
11 57 -0.377749
11 58 -0.396154
11 59 -0.417226
11 60 -0.440875
11 61 -0.466858
11 62 -0.494772
11 63 -0.523957
11 64 -0.553465
11 65 -0.581971
11 66 -0.607739
11 67 -0.628573
11 68 -0.641833
11 69 -0.644467
11 70 -0.633144
11 71 -0.604455
11 72 -0.555240
11 73 -0.482996
11 74 -0.386357
11 75 -0.265577
11 76 -0.122965
11 77 0.036829
11 78 0.206756
11 79 0.377683
11 80 0.539130
11 81 0.680403
11 82 0.791975
11 83 0.866797
11 84 0.901269
11 85 0.895632
11 86 0.853746
11 87 0.782352
11 88 0.690018
11 89 0.585986
11 90 0.479088
11 91 0.376871
11 92 0.284986
11 93 0.206919
11 94 0.144034
11 95 0.095869
11 96 0.060752
11 97 0.035637
11 98 0.020124
11 99 0.000000

12 0 0.000000
12 1 0.018296
12 2 0.032792
12 3 0.056522
12 4 0.090257
12 5 0.137171
12 6 0.199209
12 7 0.277110
12 8 0.369734
12 9 0.473662
12 10 0.583081
12 11 0.690018
12 12 0.784966
12 13 0.857832
12 14 0.899147
12 15 0.901389
12 16 0.860223
12 17 0.775416
12 18 0.651182
12 19 0.495773
12 20 0.320372
12 21 0.137483
12 22 -0.040767
12 23 -0.204071
12 24 -0.344843
12 25 -0.458552
12 26 -0.543556
12 27 -0.600634
12 28 -0.632361
12 29 -0.642457
12 30 -0.635180
12 31 -0.614834
12 32 -0.585403
12 33 -0.550346
12 34 -0.512489
12 35 -0.474040
12 36 -0.436612
12 37 -0.401326
12 38 -0.368875
12 39 -0.339643
12 40 -0.313760
12 41 -0.291214
12 42 -0.271860
12 43 -0.255518
12 44 -0.241945
12 45 -0.230928
12 46 -0.222231
12 47 -0.215684
12 48 -0.211114
12 49 -0.208425
12 50 -0.207531
12 51 -0.208425
12 52 -0.211114
12 53 -0.215684
12 54 -0.222231
12 55 -0.230928
12 56 -0.241945
12 57 -0.255518
12 58 -0.271860
12 59 -0.291214
12 60 -0.313760
12 61 -0.339643
12 62 -0.368875
12 63 -0.401326
12 64 -0.436612
12 65 -0.474040
12 66 -0.512489
12 67 -0.550346
12 68 -0.585403
12 69 -0.614834
12 70 -0.635180
12 71 -0.642457
12 72 -0.632361
12 73 -0.600634
12 74 -0.543556
12 75 -0.458552
12 76 -0.344843
12 77 -0.204071
12 78 -0.040767
12 79 0.137483
12 80 0.320372
12 81 0.495773
12 82 0.651182
12 83 0.775416
12 84 0.860223
12 85 0.901389
12 86 0.899147
12 87 0.857832
12 88 0.784965
12 89 0.690016
12 90 0.583075
12 91 0.473646
12 92 0.369692
12 93 0.277008
12 94 0.198977
12 95 0.136635
12 96 0.089307
12 97 0.053834
12 98 0.031546
12 99 0.000000

13 0 0.000000
13 1 0.028515
13 2 0.049281
13 3 0.082665
13 4 0.128013
13 5 0.188625
13 6 0.265532
13 7 0.358015
13 8 0.462901
13 9 0.574390
13 10 0.684235
13 11 0.782352
13 12 0.857832
13 13 0.900266
13 14 0.901233
13 15 0.855752
13 16 0.763399
13 17 0.628808
13 18 0.461313
13 19 0.273710
13 20 0.080373
13 21 -0.104828
13 22 -0.270321
13 23 -0.407970
13 24 -0.513440
13 25 -0.585914
13 26 -0.627393
13 27 -0.641830
13 28 -0.634272
13 29 -0.610113
13 30 -0.574518
13 31 -0.532028
13 32 -0.486372
13 33 -0.440401
13 34 -0.396173
13 35 -0.355027
13 36 -0.317759
13 37 -0.284703
13 38 -0.255908
13 39 -0.231187
13 40 -0.210261
13 41 -0.192753
13 42 -0.178299
13 43 -0.166501
13 44 -0.157028
13 45 -0.149540
13 46 -0.143793
13 47 -0.139540
13 48 -0.136635
13 49 -0.134930
13 50 -0.134380
13 51 -0.134930
13 52 -0.136635
13 53 -0.139540
13 54 -0.143793
13 55 -0.149540
13 56 -0.157028
13 57 -0.166501
13 58 -0.178299
13 59 -0.192753
13 60 -0.210261
13 61 -0.231187
13 62 -0.255908
13 63 -0.284703
13 64 -0.317759
13 65 -0.355027
13 66 -0.396173
13 67 -0.440401
13 68 -0.486372
13 69 -0.532028
13 70 -0.574518
13 71 -0.610113
13 72 -0.634272
13 73 -0.641830
13 74 -0.627393
13 75 -0.585914
13 76 -0.513440
13 77 -0.407970
13 78 -0.270321
13 79 -0.104828
13 80 0.080373
13 81 0.273710
13 82 0.461313
13 83 0.628808
13 84 0.763399
13 85 0.855752
13 86 0.901233
13 87 0.900265
13 88 0.857830
13 89 0.782347
13 90 0.684223
13 91 0.574357
13 92 0.462819
13 93 0.357821
13 94 0.265111
13 95 0.187680
13 96 0.126421
13 97 0.078202
13 98 0.047556
13 99 0.000000

14 0 0.000000
14 1 0.042781
14 2 0.071300
14 3 0.116553
14 4 0.175188
14 5 0.250466
14 6 0.341949
14 7 0.446986
14 8 0.559998
14 9 0.672660
14 10 0.774460
14 11 0.853746
14 12 0.899147
14 13 0.901233
14 14 0.854173
14 15 0.757094
14 16 0.614784
14 17 0.437436
14 18 0.239342
14 19 0.036748
14 20 -0.154627
14 21 -0.321815
14 22 -0.456029
14 23 -0.553131
14 24 -0.613219
14 25 -0.639659
14 26 -0.637919
14 27 -0.614462
14 28 -0.575821
14 29 -0.527960
14 30 -0.475854
14 31 -0.423349
14 32 -0.373157
14 33 -0.327024
14 34 -0.285887
14 35 -0.250109
14 36 -0.219609
14 37 -0.194063
14 38 -0.172964
14 39 -0.155788
14 40 -0.141956
14 41 -0.130973
14 42 -0.122329
14 43 -0.115632
14 44 -0.110483
14 45 -0.106616
14 46 -0.103747
14 47 -0.101723
14 48 -0.100360
14 49 -0.099598
14 50 -0.099337
14 51 -0.099598
14 52 -0.100360
14 53 -0.101723
14 54 -0.103747
14 55 -0.106616
14 56 -0.110483
14 57 -0.115632
14 58 -0.122329
14 59 -0.130973
14 60 -0.141956
14 61 -0.155788
14 62 -0.172964
14 63 -0.194063
14 64 -0.219609
14 65 -0.250109
14 66 -0.285887
14 67 -0.327024
14 68 -0.373157
14 69 -0.423349
14 70 -0.475854
14 71 -0.527960
14 72 -0.575821
14 73 -0.614462
14 74 -0.637919
14 75 -0.639659
14 76 -0.613219
14 77 -0.553131
14 78 -0.456029
14 79 -0.321815
14 80 -0.154627
14 81 0.036748
14 82 0.239342
14 83 0.437436
14 84 0.614784
14 85 0.757094
14 86 0.854172
14 87 0.901232
14 88 0.899144
14 89 0.853736
14 90 0.774434
14 91 0.672595
14 92 0.559844
14 93 0.446635
14 94 0.341217
14 95 0.248867
14 96 0.172634
14 97 0.109431
14 98 0.069072
14 99 0.000000

15 0 0.000000
15 1 0.061904
15 2 0.099492
15 3 0.158715
15 4 0.231734
15 5 0.321690
15 6 0.426101
15 7 0.540016
15 8 0.655273
15 9 0.761148
15 10 0.845371
15 11 0.895632
15 12 0.901389
15 13 0.855752
15 14 0.757094
15 15 0.610009
15 16 0.425230
15 17 0.218328
15 18 0.007359
15 19 -0.190021
15 20 -0.359256
15 21 -0.490719
15 22 -0.580351
15 23 -0.629153
15 24 -0.641937
15 25 -0.625788
15 26 -0.588646
15 27 -0.538183
15 28 -0.481083
15 29 -0.422628
15 30 -0.366624
15 31 -0.315487
15 32 -0.270520
15 33 -0.232150
15 34 -0.200246
15 35 -0.174276
15 36 -0.153555
15 37 -0.137287
15 38 -0.124747
15 39 -0.115215
15 40 -0.108125
15 41 -0.102918
15 42 -0.099202
15 43 -0.096571
15 44 -0.094785
15 45 -0.093570
15 46 -0.092806
15 47 -0.092308
15 48 -0.092041
15 49 -0.091880
15 50 -0.091851
15 51 -0.091880
15 52 -0.092041
15 53 -0.092308
15 54 -0.092806
15 55 -0.093570
15 56 -0.094785
15 57 -0.096571
15 58 -0.099202
15 59 -0.102918
15 60 -0.108125
15 61 -0.115215
15 62 -0.124747
15 63 -0.137287
15 64 -0.153555
15 65 -0.174276
15 66 -0.200246
15 67 -0.232150
15 68 -0.270520
15 69 -0.315487
15 70 -0.366624
15 71 -0.422628
15 72 -0.481083
15 73 -0.538183
15 74 -0.588646
15 75 -0.625788
15 76 -0.641937
15 77 -0.629153
15 78 -0.580351
15 79 -0.490719
15 80 -0.359256
15 81 -0.190021
15 82 0.007359
15 83 0.218328
15 84 0.425230
15 85 0.610009
15 86 0.757093
15 87 0.855749
15 88 0.901382
15 89 0.895612
15 90 0.845321
15 91 0.761027
15 92 0.654997
15 93 0.539407
15 94 0.424878
15 95 0.319092
15 96 0.227800
15 97 0.147768
15 98 0.096837
15 99 0.000000

16 0 0.000000
16 1 0.086557
16 2 0.134138
16 3 0.209109
16 4 0.296785
16 5 0.400267
16 6 0.514488
16 7 0.632021
16 8 0.742189
16 9 0.832319
16 10 0.889249
16 11 0.901269
16 12 0.860223
16 13 0.763399
16 14 0.614784
16 15 0.425230
16 16 0.211260
16 17 -0.007413
16 18 -0.211139
16 19 -0.383547
16 20 -0.513870
16 21 -0.597870
16 22 -0.637314
16 23 -0.638445
16 24 -0.610026
16 25 -0.561538
16 26 -0.501798
16 27 -0.438147
16 28 -0.376057
16 29 -0.319158
16 30 -0.269444
16 31 -0.227667
16 32 -0.193678
16 33 -0.166825
16 34 -0.146139
16 35 -0.130611
16 36 -0.119210
16 37 -0.111080
16 38 -0.105428
16 39 -0.101685
16 40 -0.099304
16 41 -0.097943
16 42 -0.097233
16 43 -0.097003
16 44 -0.097010
16 45 -0.097205
16 46 -0.097423
16 47 -0.097682
16 48 -0.097856
16 49 -0.098005
16 50 -0.098027
16 51 -0.098005
16 52 -0.097856
16 53 -0.097682
16 54 -0.097423
16 55 -0.097205
16 56 -0.097010
16 57 -0.097003
16 58 -0.097233
16 59 -0.097943
16 60 -0.099304
16 61 -0.101685
16 62 -0.105428
16 63 -0.111080
16 64 -0.119210
16 65 -0.130611
16 66 -0.146139
16 67 -0.166825
16 68 -0.193678
16 69 -0.227667
16 70 -0.269444
16 71 -0.319158
16 72 -0.376057
16 73 -0.438147
16 74 -0.501798
16 75 -0.561538
16 76 -0.610026
16 77 -0.638445
16 78 -0.637314
16 79 -0.597870
16 80 -0.513870
16 81 -0.383547
16 82 -0.211139
16 83 -0.007413
16 84 0.211260
16 85 0.425230
16 86 0.614782
16 87 0.763394
16 88 0.860208
16 89 0.901232
16 90 0.889157
16 91 0.832104
16 92 0.741714
16 93 0.631007
16 94 0.512528
16 95 0.396205
16 96 0.290957
16 97 0.192874
16 98 0.131292
16 99 0.000000

17 0 0.000000
17 1 0.117171
17 2 0.175042
17 3 0.267018
17 4 0.368595
17 5 0.483187
17 6 0.602677
17 7 0.717232
17 8 0.814028
17 9 0.879247
17 10 0.900031
17 11 0.866797
17 12 0.775416
17 13 0.628808
17 14 0.437436
17 15 0.218328
17 16 -0.007413
17 17 -0.218154
17 18 -0.395469
17 19 -0.527056
17 20 -0.608085
17 21 -0.640792
17 22 -0.632719
17 23 -0.594320
17 24 -0.536681
17 25 -0.469815
17 26 -0.401700
17 27 -0.337927
17 28 -0.281849
17 29 -0.234936
17 30 -0.197331
17 31 -0.168277
17 32 -0.146615
17 33 -0.130977
17 34 -0.120093
17 35 -0.112772
17 36 -0.108100
17 37 -0.105277
17 38 -0.103793
17 39 -0.103157
17 40 -0.103122
17 41 -0.103375
17 42 -0.103836
17 43 -0.104304
17 44 -0.104814
17 45 -0.105223
17 46 -0.105621
17 47 -0.105882
17 48 -0.106119
17 49 -0.106212
17 50 -0.106284
17 51 -0.106212
17 52 -0.106119
17 53 -0.105882
17 54 -0.105621
17 55 -0.105223
17 56 -0.104814
17 57 -0.104304
17 58 -0.103836
17 59 -0.103375
17 60 -0.103122
17 61 -0.103157
17 62 -0.103793
17 63 -0.105277
17 64 -0.108100
17 65 -0.112772
17 66 -0.120093
17 67 -0.130977
17 68 -0.146615
17 69 -0.168277
17 70 -0.197331
17 71 -0.234936
17 72 -0.281849
17 73 -0.337927
17 74 -0.401700
17 75 -0.469815
17 76 -0.536681
17 77 -0.594320
17 78 -0.632719
17 79 -0.640792
17 80 -0.608085
17 81 -0.527056
17 82 -0.395470
17 83 -0.218154
17 84 -0.007414
17 85 0.218326
17 86 0.437432
17 87 0.628798
17 88 0.775389
17 89 0.866729
17 90 0.899869
17 91 0.878879
17 92 0.813243
17 93 0.715607
17 94 0.599651
17 95 0.477062
17 96 0.360274
17 97 0.243737
17 98 0.172458
17 99 0.000000

18 0 0.000000
18 1 0.153844
18 2 0.221457
18 3 0.331001
18 4 0.444580
18 5 0.566628
18 6 0.685626
18 7 0.789711
18 8 0.864602
18 9 0.896459
18 10 0.874194
18 11 0.791975
18 12 0.651182
18 13 0.461313
18 14 0.239342
18 15 0.007359
18 16 -0.211139
18 17 -0.395469
18 18 -0.531329
18 19 -0.612737
18 20 -0.641918
18 21 -0.627435
18 22 -0.581363
18 23 -0.516474
18 24 -0.444082
18 25 -0.372871
18 26 -0.308543
18 27 -0.254125
18 28 -0.210510
18 29 -0.177194
18 30 -0.152825
18 31 -0.135768
18 32 -0.124324
18 33 -0.117035
18 34 -0.112621
18 35 -0.110181
18 36 -0.108963
18 37 -0.108558
18 38 -0.108562
18 39 -0.108844
18 40 -0.109153
18 41 -0.109501
18 42 -0.109723
18 43 -0.109933
18 44 -0.110002
18 45 -0.110089
18 46 -0.110059
18 47 -0.110086
18 48 -0.110022
18 49 -0.110045
18 50 -0.109996
18 51 -0.110045
18 52 -0.110022
18 53 -0.110086
18 54 -0.110059
18 55 -0.110089
18 56 -0.110002
18 57 -0.109933
18 58 -0.109723
18 59 -0.109501
18 60 -0.109153
18 61 -0.108844
18 62 -0.108562
18 63 -0.108558
18 64 -0.108963
18 65 -0.110181
18 66 -0.112621
18 67 -0.117035
18 68 -0.124324
18 69 -0.135768
18 70 -0.152825
18 71 -0.177194
18 72 -0.210510
18 73 -0.254125
18 74 -0.308543
18 75 -0.372871
18 76 -0.444082
18 77 -0.516474
18 78 -0.581363
18 79 -0.627435
18 80 -0.641918
18 81 -0.612737
18 82 -0.531329
18 83 -0.395470
18 84 -0.211140
18 85 0.007356
18 86 0.239335
18 87 0.461294
18 88 0.651133
18 89 0.791855
18 90 0.873918
18 91 0.895853
18 92 0.863352
18 93 0.787202
18 94 0.681120
18 95 0.557698
18 96 0.433109
18 97 0.298656
18 98 0.219853
18 99 0.000000

19 0 0.000000
19 1 0.196269
19 2 0.272070
19 3 0.398936
19 4 0.521452
19 5 0.646227
19 6 0.758121
19 7 0.843946
19 8 0.888951
19 9 0.880663
19 10 0.811342
19 11 0.680403
19 12 0.495773
19 13 0.273710
19 14 0.036748
19 15 -0.190021
19 16 -0.383547
19 17 -0.527056
19 18 -0.612737
19 19 -0.642132
19 20 -0.624357
19 21 -0.572932
19 22 -0.502375
19 23 -0.425483
19 24 -0.351817
19 25 -0.287287
19 26 -0.234615
19 27 -0.194105
19 28 -0.164600
19 29 -0.144171
19 30 -0.130764
19 31 -0.122413
19 32 -0.117550
19 33 -0.114868
19 34 -0.113531
19 35 -0.112866
19 36 -0.112594
19 37 -0.112405
19 38 -0.112289
19 39 -0.112045
19 40 -0.111775
19 41 -0.111322
19 42 -0.110872
19 43 -0.110286
19 44 -0.109793
19 45 -0.109225
19 46 -0.108818
19 47 -0.108377
19 48 -0.108145
19 49 -0.107908
19 50 -0.107906
19 51 -0.107908
19 52 -0.108145
19 53 -0.108377
19 54 -0.108818
19 55 -0.109225
19 56 -0.109793
19 57 -0.110286
19 58 -0.110872
19 59 -0.111322
19 60 -0.111775
19 61 -0.112045
19 62 -0.112289
19 63 -0.112405
19 64 -0.112594
19 65 -0.112866
19 66 -0.113531
19 67 -0.114868
19 68 -0.117550
19 69 -0.122413
19 70 -0.130764
19 71 -0.144171
19 72 -0.164600
19 73 -0.194105
19 74 -0.234615
19 75 -0.287287
19 76 -0.351817
19 77 -0.425483
19 78 -0.502375
19 79 -0.572932
19 80 -0.624357
19 81 -0.642132
19 82 -0.612737
19 83 -0.527057
19 84 -0.383549
19 85 -0.190026
19 86 0.036735
19 87 0.273675
19 88 0.495687
19 89 0.680201
19 90 0.810891
19 91 0.879703
19 92 0.887033
19 93 0.840203
19 94 0.751636
19 95 0.633621
19 96 0.506159
19 97 0.355317
19 98 0.272468
19 99 0.000000

20 0 0.000000
20 1 0.243706
20 2 0.325047
20 3 0.468134
20 4 0.595460
20 5 0.717453
20 6 0.815272
20 7 0.875437
20 8 0.883951
20 9 0.831223
20 10 0.714355
20 11 0.539130
20 12 0.320372
20 13 0.080373
20 14 -0.154627
20 15 -0.359256
20 16 -0.513870
20 17 -0.608085
20 18 -0.641918
20 19 -0.624357
20 20 -0.570016
20 21 -0.495163
20 22 -0.414309
20 23 -0.338187
20 24 -0.273146
20 25 -0.221718
20 26 -0.183651
20 27 -0.157142
20 28 -0.139705
20 29 -0.128912
20 30 -0.122595
20 31 -0.119134
20 32 -0.117249
20 33 -0.116191
20 34 -0.115381
20 35 -0.114667
20 36 -0.113829
20 37 -0.112966
20 38 -0.111919
20 39 -0.110857
20 40 -0.109612
20 41 -0.108428
20 42 -0.107135
20 43 -0.106022
20 44 -0.104875
20 45 -0.103988
20 46 -0.103103
20 47 -0.102528
20 48 -0.101977
20 49 -0.101768
20 50 -0.101592
20 51 -0.101768
20 52 -0.101977
20 53 -0.102528
20 54 -0.103103
20 55 -0.103988
20 56 -0.104875
20 57 -0.106022
20 58 -0.107135
20 59 -0.108428
20 60 -0.109612
20 61 -0.110857
20 62 -0.111919
20 63 -0.112966
20 64 -0.113829
20 65 -0.114667
20 66 -0.115381
20 67 -0.116191
20 68 -0.117249
20 69 -0.119134
20 70 -0.122595
20 71 -0.128912
20 72 -0.139705
20 73 -0.157142
20 74 -0.183651
20 75 -0.221718
20 76 -0.273146
20 77 -0.338187
20 78 -0.414309
20 79 -0.495163
20 80 -0.570016
20 81 -0.624357
20 82 -0.641919
20 83 -0.608086
20 84 -0.513873
20 85 -0.359265
20 86 -0.154651
20 87 0.080313
20 88 0.320227
20 89 0.538800
20 90 0.713643
20 91 0.829754
20 92 0.881105
20 93 0.870033
20 94 0.806232
20 95 0.700180
20 96 0.575702
20 97 0.410931
20 98 0.328783
20 99 0.000000

21 0 0.000000
21 1 0.294999
21 2 0.378151
21 3 0.535535
21 4 0.662685
21 5 0.776006
21 6 0.852992
21 7 0.881184
21 8 0.848683
21 9 0.750253
21 10 0.589027
21 11 0.377683
21 12 0.137483
21 13 -0.104828
21 14 -0.321815
21 15 -0.490719
21 16 -0.597870
21 17 -0.640792
21 18 -0.627435
21 19 -0.572932
21 20 -0.495163
21 21 -0.410590
21 22 -0.331522
21 23 -0.265128
21 24 -0.213994
21 25 -0.177414
21 26 -0.152952
21 27 -0.137564
21 28 -0.128464
21 29 -0.123327
21 30 -0.120521
21 31 -0.118822
21 32 -0.117578
21 33 -0.116289
21 34 -0.114909
21 35 -0.113287
21 36 -0.111623
21 37 -0.109779
21 38 -0.107987
21 39 -0.106043
21 40 -0.104238
21 41 -0.102351
21 42 -0.100736
21 43 -0.099110
21 44 -0.097838
21 45 -0.096571
21 46 -0.095698
21 47 -0.094833
21 48 -0.094389
21 49 -0.093955
21 50 -0.093952
21 51 -0.093955
21 52 -0.094389
21 53 -0.094833
21 54 -0.095698
21 55 -0.096571
21 56 -0.097838
21 57 -0.099110
21 58 -0.100736
21 59 -0.102351
21 60 -0.104238
21 61 -0.106043
21 62 -0.107987
21 63 -0.109779
21 64 -0.111623
21 65 -0.113287
21 66 -0.114909
21 67 -0.116289
21 68 -0.117578
21 69 -0.118822
21 70 -0.120521
21 71 -0.123327
21 72 -0.128464
21 73 -0.137564
21 74 -0.152952
21 75 -0.177414
21 76 -0.213994
21 77 -0.265128
21 78 -0.331522
21 79 -0.410590
21 80 -0.495163
21 81 -0.572932
21 82 -0.627436
21 83 -0.640794
21 84 -0.597875
21 85 -0.490735
21 86 -0.321856
21 87 -0.104928
21 88 0.137249
21 89 0.377166
21 90 0.587942
21 91 0.748079
21 92 0.844594
21 93 0.873616
21 94 0.840763
21 95 0.752994
21 96 0.637911
21 97 0.462454
21 98 0.386855
21 99 0.000000

22 0 0.000000
22 1 0.348633
22 2 0.428898
22 3 0.597949
22 4 0.719380
22 5 0.818217
22 6 0.868401
22 7 0.859996
22 8 0.784511
22 9 0.642317
22 10 0.443266
22 11 0.206756
22 12 -0.040767
22 13 -0.270321
22 14 -0.456029
22 15 -0.580351
22 16 -0.637314
22 17 -0.632719
22 18 -0.581363
22 19 -0.502375
22 20 -0.414309
22 21 -0.331522
22 22 -0.262538
22 23 -0.210402
22 24 -0.174154
22 25 -0.150764
22 26 -0.136596
22 27 -0.128478
22 28 -0.123923
22 29 -0.121310
22 30 -0.119486
22 31 -0.117885
22 32 -0.116058
22 33 -0.114030
22 34 -0.111691
22 35 -0.109322
22 36 -0.106808
22 37 -0.104436
22 38 -0.101961
22 39 -0.099710
22 40 -0.097399
22 41 -0.095441
22 42 -0.093484
22 43 -0.091965
22 44 -0.090438
22 45 -0.089372
22 46 -0.088273
22 47 -0.087654
22 48 -0.086985
22 49 -0.086805
22 50 -0.086561
22 51 -0.086805
22 52 -0.086985
22 53 -0.087654
22 54 -0.088273
22 55 -0.089372
22 56 -0.090438
22 57 -0.091965
22 58 -0.093484
22 59 -0.095441
22 60 -0.097399
22 61 -0.099710
22 62 -0.101961
22 63 -0.104436
22 64 -0.106808
22 65 -0.109322
22 66 -0.111691
22 67 -0.114030
22 68 -0.116058
22 69 -0.117885
22 70 -0.119486
22 71 -0.121310
22 72 -0.123923
22 73 -0.128478
22 74 -0.136596
22 75 -0.150764
22 76 -0.174154
22 77 -0.210402
22 78 -0.262538
22 79 -0.331522
22 80 -0.414310
22 81 -0.502375
22 82 -0.581364
22 83 -0.632723
22 84 -0.637324
22 85 -0.580378
22 86 -0.456097
22 87 -0.270483
22 88 -0.041133
22 89 0.205971
22 90 0.441666
22 91 0.639196
22 92 0.778808
22 93 0.849694
22 94 0.852314
22 95 0.788353
22 96 0.689184
22 97 0.506837
22 98 0.444447
22 99 0.000000

23 0 0.000000
23 1 0.402838
23 2 0.474762
23 3 0.652319
23 4 0.762292
23 5 0.841378
23 6 0.860074
23 7 0.812548
23 8 0.694839
23 9 0.513783
23 10 0.286036
23 11 0.036829
23 12 -0.204071
23 13 -0.407970
23 14 -0.553131
23 15 -0.629153
23 16 -0.638445
23 17 -0.594320
23 18 -0.516474
23 19 -0.425483
23 20 -0.338187
23 21 -0.265128
23 22 -0.210402
23 23 -0.173146
23 24 -0.149836
23 25 -0.136191
23 26 -0.128557
23 27 -0.124226
23 28 -0.121575
23 29 -0.119519
23 30 -0.117572
23 31 -0.115303
23 32 -0.112762
23 33 -0.109840
23 34 -0.106895
23 35 -0.103831
23 36 -0.101008
23 37 -0.098139
23 38 -0.095592
23 39 -0.092996
23 40 -0.090834
23 41 -0.088664
23 42 -0.087021
23 43 -0.085339
23 44 -0.084194
23 45 -0.082947
23 46 -0.082244
23 47 -0.081403
23 48 -0.081113
23 49 -0.080654
23 50 -0.080744
23 51 -0.080654
23 52 -0.081113
23 53 -0.081403
23 54 -0.082244
23 55 -0.082947
23 56 -0.084194
23 57 -0.085339
23 58 -0.087021
23 59 -0.088664
23 60 -0.090834
23 61 -0.092996
23 62 -0.095592
23 63 -0.098139
23 64 -0.101008
23 65 -0.103831
23 66 -0.106895
23 67 -0.109840
23 68 -0.112762
23 69 -0.115303
23 70 -0.117572
23 71 -0.119519
23 72 -0.121575
23 73 -0.124226
23 74 -0.128557
23 75 -0.136191
23 76 -0.149836
23 77 -0.173146
23 78 -0.210402
23 79 -0.265128
23 80 -0.338188
23 81 -0.425484
23 82 -0.516476
23 83 -0.594326
23 84 -0.638463
23 85 -0.629198
23 86 -0.553240
23 87 -0.408222
23 88 -0.204623
23 89 0.035674
23 90 0.283746
23 91 0.509432
23 92 0.687106
23 93 0.798896
23 94 0.839462
23 95 0.803557
23 96 0.726466
23 97 0.541293
23 98 0.499203
23 99 0.000000

24 0 0.000000
24 1 0.455712
24 2 0.513379
24 3 0.695977
24 4 0.788933
24 5 0.843950
24 6 0.828109
24 7 0.741215
24 8 0.584623
24 9 0.372000
24 10 0.126272
24 11 -0.122965
24 12 -0.344843
24 13 -0.513440
24 14 -0.613219
24 15 -0.641937
24 16 -0.610026
24 17 -0.536681
24 18 -0.444082
24 19 -0.351817
24 20 -0.273146
24 21 -0.213994
24 22 -0.174154
24 23 -0.149836
24 24 -0.136080
24 25 -0.128597
24 26 -0.124324
24 27 -0.121558
24 28 -0.119277
24 29 -0.117065
24 30 -0.114496
24 31 -0.111595
24 32 -0.108227
24 33 -0.104793
24 34 -0.101242
24 35 -0.098025
24 36 -0.094841
24 37 -0.092088
24 38 -0.089312
24 39 -0.087041
24 40 -0.084751
24 41 -0.083066
24 42 -0.081313
24 43 -0.080169
24 44 -0.078854
24 45 -0.078143
24 46 -0.077198
24 47 -0.076868
24 48 -0.076256
24 49 -0.076258
24 50 -0.075951
24 51 -0.076258
24 52 -0.076256
24 53 -0.076868
24 54 -0.077198
24 55 -0.078143
24 56 -0.078854
24 57 -0.080169
24 58 -0.081313
24 59 -0.083066
24 60 -0.084751
24 61 -0.087041
24 62 -0.089312
24 63 -0.092088
24 64 -0.094841
24 65 -0.098025
24 66 -0.101242
24 67 -0.104793
24 68 -0.108227
24 69 -0.111595
24 70 -0.114496
24 71 -0.117065
24 72 -0.119277
24 73 -0.121558
24 74 -0.124324
24 75 -0.128597
24 76 -0.136080
24 77 -0.149836
24 78 -0.174154
24 79 -0.213994
24 80 -0.273147
24 81 -0.351818
24 82 -0.444086
24 83 -0.536692
24 84 -0.610055
24 85 -0.642009
24 86 -0.613387
24 87 -0.513819
24 88 -0.345653
24 89 -0.124613
24 90 0.123086
24 91 0.366095
24 92 0.574408
24 93 0.723567
24 94 0.802342
24 95 0.797131
24 96 0.747504
24 97 0.563537
24 98 0.548829
24 99 0.000000

25 0 0.000000
25 1 0.505369
25 2 0.542734
25 3 0.726847
25 4 0.797758
25 5 0.825631
25 6 0.774012
25 7 0.649702
25 8 0.459734
25 9 0.224455
25 10 -0.028017
25 11 -0.265577
25 12 -0.458552
25 13 -0.585914
25 14 -0.639659
25 15 -0.625788
25 16 -0.561538
25 17 -0.469815
25 18 -0.372871
25 19 -0.287287
25 20 -0.221718
25 21 -0.177414
25 22 -0.150764
25 23 -0.136191
25 24 -0.128597
25 25 -0.124339
25 26 -0.121486
25 27 -0.119028
25 28 -0.116632
25 29 -0.113876
25 30 -0.110745
25 31 -0.107028
25 32 -0.103155
25 33 -0.099117
25 34 -0.095499
25 35 -0.092014
25 36 -0.089113
25 37 -0.086230
25 38 -0.083936
25 39 -0.081589
25 40 -0.079928
25 41 -0.078153
25 42 -0.077076
25 43 -0.075740
25 44 -0.075084
25 45 -0.074074
25 46 -0.073765
25 47 -0.073041
25 48 -0.073025
25 49 -0.072549
25 50 -0.072786
25 51 -0.072549
25 52 -0.073025
25 53 -0.073041
25 54 -0.073765
25 55 -0.074074
25 56 -0.075084
25 57 -0.075740
25 58 -0.077076
25 59 -0.078153
25 60 -0.079928
25 61 -0.081589
25 62 -0.083936
25 63 -0.086230
25 64 -0.089113
25 65 -0.092014
25 66 -0.095499
25 67 -0.099117
25 68 -0.103155
25 69 -0.107028
25 70 -0.110745
25 71 -0.113876
25 72 -0.116632
25 73 -0.119028
25 74 -0.121486
25 75 -0.124339
25 76 -0.128597
25 77 -0.136191
25 78 -0.150764
25 79 -0.177414
25 80 -0.221718
25 81 -0.287290
25 82 -0.372878
25 83 -0.469832
25 84 -0.561583
25 85 -0.625898
25 86 -0.639911
25 87 -0.586467
25 88 -0.459705
25 89 -0.267866
25 90 -0.032332
25 91 0.216644
25 92 0.446568
25 93 0.627412
25 94 0.742532
25 95 0.768889
25 96 0.751009
25 97 0.571968
25 98 0.591271
25 99 0.000000

26 0 0.000000
26 1 0.550074
26 2 0.561315
26 3 0.743579
26 4 0.788224
26 5 0.787286
26 6 0.700436
26 7 0.542579
26 8 0.326326
26 9 0.078073
26 10 -0.170353
26 11 -0.386357
26 12 -0.543556
26 13 -0.627393
26 14 -0.637919
26 15 -0.588646
26 16 -0.501798
26 17 -0.401700
26 18 -0.308543
26 19 -0.234615
26 20 -0.183651
26 21 -0.152952
26 22 -0.136596
26 23 -0.128557
26 24 -0.124324
26 25 -0.121486
26 26 -0.118931
26 27 -0.116396
26 28 -0.113516
26 29 -0.110234
26 30 -0.106251
26 31 -0.101970
26 32 -0.097437
26 33 -0.093378
26 34 -0.089583
26 35 -0.086564
26 36 -0.083660
26 37 -0.081426
26 38 -0.079106
26 39 -0.077516
26 40 -0.075761
26 41 -0.074778
26 42 -0.073458
26 43 -0.072886
26 44 -0.071839
26 45 -0.071573
26 46 -0.070763
26 47 -0.070763
26 48 -0.070157
26 49 -0.070373
26 50 -0.069957
26 51 -0.070373
26 52 -0.070157
26 53 -0.070763
26 54 -0.070763
26 55 -0.071573
