0 0 0.000000
0 1 0.000000
0 2 0.000000
0 3 0.000000
0 4 0.000000
0 5 0.000000
0 6 0.000000
0 7 0.000000
0 8 0.000000
0 9 0.000000
0 10 0.000000
0 11 0.000000
0 12 0.000000
0 13 0.000000
0 14 0.000000
0 15 0.000000
0 16 0.000000
0 17 0.000000
0 18 0.000000
0 19 0.000000
0 20 0.000000
0 21 0.000000
0 22 0.000000
0 23 0.000000
0 24 0.000000
0 25 0.000000
0 26 0.000000
0 27 0.000000
0 28 0.000000
0 29 0.000000
0 30 0.000000
0 31 0.000000
0 32 0.000000
0 33 0.000000
0 34 0.000000
0 35 0.000000
0 36 0.000000
0 37 0.000000
0 38 0.000000
0 39 0.000000
0 40 0.000000
0 41 0.000000
0 42 0.000000
0 43 0.000000
0 44 0.000000
0 45 0.000000
0 46 0.000000
0 47 0.000000
0 48 0.000000
0 49 0.000000
0 50 0.000000
0 51 0.000000
0 52 0.000000
0 53 0.000000
0 54 0.000000
0 55 0.000000
0 56 0.000000
0 57 0.000000
0 58 0.000000
0 59 0.000000
0 60 0.000000
0 61 0.000000
0 62 0.000000
0 63 0.000000
0 64 0.000000
0 65 0.000000
0 66 0.000000
0 67 0.000000
0 68 0.000000
0 69 0.000000
0 70 0.000000
0 71 0.000000
0 72 0.000000
0 73 0.000000
0 74 0.000000
0 75 0.000000
0 76 0.000000
0 77 0.000000
0 78 0.000000
0 79 0.000000
0 80 0.000000
0 81 0.000000
0 82 0.000000
0 83 0.000000
0 84 0.000000
0 85 0.000000
0 86 0.000000
0 87 0.000000
0 88 0.000000
0 89 0.000000
0 90 0.000000
0 91 0.000000
0 92 0.000000
0 93 0.000000
0 94 0.000000
0 95 0.000000
0 96 0.000000
0 97 0.000000
0 98 0.000000
0 99 0.000000

1 0 0.000000
1 1 -0.077341
1 2 -0.003906
1 3 -0.029195
1 4 0.012110
1 5 0.022695
1 6 0.052351
1 7 0.073255
1 8 0.094954
1 9 0.109680
1 10 0.117923
1 11 0.117879
1 12 0.110106
1 13 0.096087
1 14 0.078064
1 15 0.059402
1 16 0.042709
1 17 0.031066
1 18 0.025395
1 19 0.026724
1 20 0.033450
1 21 0.044566
1 22 0.057107
1 23 0.069698
1 24 0.080069
1 25 0.088103
1 26 0.093286
1 27 0.096850
1 28 0.099369
1 29 0.102211
1 30 0.105713
1 31 0.110361
1 32 0.115746
1 33 0.121599
1 34 0.127281
1 35 0.132519
1 36 0.137043
1 37 0.140942
1 38 0.144301
1 39 0.147347
1 40 0.150166
1 41 0.152848
1 42 0.155333
1 43 0.157599
1 44 0.159552
1 45 0.161192
1 46 0.162482
1 47 0.163474
1 48 0.164158
1 49 0.164588
1 50 0.164740
1 51 0.164640
1 52 0.164239
1 53 0.163548
1 54 0.162518
1 55 0.161189
1 56 0.159565
1 57 0.157737
1 58 0.155739
1 59 0.153617
1 60 0.151303
1 61 0.148683
1 62 0.145573
1 63 0.141826
1 64 0.137439
1 65 0.132562
1 66 0.127627
1 67 0.123055
1 68 0.119393
1 69 0.116685
1 70 0.114895
1 71 0.113114
1 72 0.110654
1 73 0.106118
1 74 0.099215
1 75 0.089361
1 76 0.077879
1 77 0.065694
1 78 0.055588
1 79 0.049022
1 80 0.048494
1 81 0.054090
1 82 0.066187
1 83 0.082506
1 84 0.101117
1 85 0.118370
1 86 0.131665
1 87 0.138177
1 88 0.136643
1 89 0.126748
1 90 0.109151
1 91 0.086578
1 92 0.059350
1 93 0.035134
1 94 0.005176
1 95 -0.004915
1 96 -0.041852
1 97 -0.014938
1 98 -0.081776
1 99 0.000000

2 0 0.000000
2 1 -0.003906
2 2 0.076316
2 3 0.080035
2 4 0.140132
2 5 0.165805
2 6 0.206251
2 7 0.231352
2 8 0.252272
2 9 0.260901
2 10 0.259610
2 11 0.247951
2 12 0.228901
2 13 0.205552
2 14 0.182276
2 15 0.162836
2 16 0.150603
2 17 0.147160
2 18 0.152677
2 19 0.165462
2 20 0.182745
2 21 0.201180
2 22 0.217624
2 23 0.229936
2 24 0.237086
2 25 0.239556
2 26 0.238598
2 27 0.236183
2 28 0.233955
2 29 0.233235
2 30 0.234392
2 31 0.237243
2 32 0.241009
2 33 0.244884
2 34 0.248165
2 35 0.250531
2 36 0.252011
2 37 0.252865
2 38 0.253466
2 39 0.254064
2 40 0.254827
2 41 0.255697
2 42 0.256616
2 43 0.257420
2 44 0.258082
2 45 0.258532
2 46 0.258853
2 47 0.259033
2 48 0.259175
2 49 0.259247
2 50 0.259319
2 51 0.259326
2 52 0.259305
2 53 0.259157
2 54 0.258902
2 55 0.258457
2 56 0.257903
2 57 0.257263
2 58 0.256717
2 59 0.256315
2 60 0.256134
2 61 0.255988
2 62 0.255661
2 63 0.254742
2 64 0.253029
2 65 0.250423
2 66 0.247340
2 67 0.244367
2 68 0.242452
2 69 0.242206
2 70 0.244003
2 71 0.247249
2 72 0.250867
2 73 0.252940
2 74 0.251769
2 75 0.245812
2 76 0.234845
2 77 0.219643
2 78 0.202526
2 79 0.186478
2 80 0.174885
2 81 0.170508
2 82 0.174896
2 83 0.188039
2 84 0.208036
2 85 0.231825
2 86 0.255191
2 87 0.274227
2 88 0.285178
2 89 0.286105
2 90 0.275536
2 91 0.255371
2 92 0.224699
2 93 0.192127
2 94 0.147883
2 95 0.120163
2 96 0.062881
2 97 0.061146
2 98 -0.013585
2 99 0.000000

3 0 0.000000
3 1 -0.029195
3 2 0.080035
3 3 0.073805
3 4 0.151147
3 5 0.179551
3 6 0.231142
3 7 0.262596
3 8 0.290569
3 9 0.303384
3 10 0.304271
3 11 0.292271
3 12 0.270609
3 13 0.243186
3 14 0.214723
3 15 0.190312
3 16 0.173417
3 17 0.166767
3 18 0.169980
3 19 0.181963
3 20 0.198835
3 21 0.217498
3 22 0.233666
3 23 0.245543
3 24 0.251405
3 25 0.252372
3 26 0.249459
3 27 0.245347
3 28 0.241560
3 29 0.239868
3 30 0.240374
3 31 0.243037
3 32 0.246724
3 33 0.250667
3 34 0.253913
3 35 0.256259
3 36 0.257621
3 37 0.258440
3 38 0.259004
3 39 0.259711
3 40 0.260591
3 41 0.261690
3 42 0.262783
3 43 0.263813
3 44 0.264606
3 45 0.265227
3 46 0.265621
3 47 0.265927
3 48 0.266101
3 49 0.266260
3 50 0.266326
3 51 0.266381
3 52 0.266315
3 53 0.266176
3 54 0.265831
3 55 0.265339
3 56 0.264641
3 57 0.263912
3 58 0.263223
3 59 0.262789
3 60 0.262589
3 61 0.262567
3 62 0.262374
3 63 0.261658
3 64 0.260077
3 65 0.257586
3 66 0.254567
3 67 0.251740
3 68 0.250179
3 69 0.250627
3 70 0.253606
3 71 0.258422
3 72 0.264005
3 73 0.267996
3 74 0.268664
3 75 0.263904
3 76 0.253776
3 77 0.238698
3 78 0.221813
3 79 0.205969
3 80 0.195654
3 81 0.193324
3 82 0.201351
3 83 0.218854
3 84 0.244129
3 85 0.272757
3 86 0.300285
3 87 0.321537
3 88 0.332592
3 89 0.331007
3 90 0.315425
3 91 0.288569
3 92 0.249021
3 93 0.208926
3 94 0.153532
3 95 0.123214
3 96 0.050677
3 97 0.059500
3 98 -0.041178
3 99 0.000000

4 0 0.000000
4 1 0.012110
4 2 0.140132
4 3 0.151147
4 4 0.252106
4 5 0.295070
4 6 0.363189
4 7 0.404367
4 8 0.439251
4 9 0.453318
4 10 0.451468
4 11 0.432571
4 12 0.401767
4 13 0.363803
4 14 0.325682
4 15 0.293164
4 16 0.271479
4 17 0.262951
4 18 0.267776
4 19 0.283296
4 20 0.305246
4 21 0.328606
4 22 0.348668
4 23 0.362386
4 24 0.368315
4 25 0.367377
4 26 0.361503
4 27 0.353740
4 28 0.346499
4 29 0.341749
4 30 0.339966
4 31 0.340871
4 32 0.343292
4 33 0.346064
4 34 0.348186
4 35 0.349218
4 36 0.349229
4 37 0.348588
4 38 0.347836
4 39 0.347287
4 40 0.347175
4 41 0.347365
4 42 0.347783
4 43 0.348151
4 44 0.348456
4 45 0.348561
4 46 0.348611
4 47 0.348550
4 48 0.348549
4 49 0.348522
4 50 0.348603
4 51 0.348664
4 52 0.348798
4 53 0.348837
4 54 0.348849
4 55 0.348686
4 56 0.348504
4 57 0.348306
4 58 0.348395
4 59 0.348827
4 60 0.349775
4 61 0.350967
4 62 0.352153
4 63 0.352719
4 64 0.352403
4 65 0.351009
4 66 0.349148
4 67 0.347617
4 68 0.347838
4 69 0.350677
4 70 0.356774
4 71 0.365238
4 72 0.374561
4 73 0.381823
4 74 0.384504
4 75 0.380123
4 76 0.368274
4 77 0.349899
4 78 0.328436
4 79 0.308256
4 80 0.294523
4 81 0.291437
4 82 0.301464
4 83 0.324669
4 84 0.358187
4 85 0.397364
4 86 0.435593
4 87 0.466813
4 88 0.484923
4 89 0.486937
4 90 0.470078
4 91 0.437779
4 92 0.387532
4 93 0.334624
4 94 0.260914
4 95 0.215023
4 96 0.119640
4 97 0.112382
4 98 -0.005605
4 99 0.000000

5 0 0.000000
5 1 0.022695
5 2 0.165805
5 3 0.179551
5 4 0.295070
5 5 0.342608
5 6 0.419756
5 7 0.464556
5 8 0.502525
5 9 0.516277
5 10 0.512034
5 11 0.488760
5 12 0.452169
5 13 0.408249
5 14 0.364318
5 15 0.327474
5 16 0.302681
5 17 0.293035
5 18 0.297717
5 19 0.314197
5 20 0.336824
5 21 0.360530
5 22 0.379517
5 23 0.391055
5 24 0.393289
5 25 0.387910
5 26 0.376926
5 27 0.364214
5 28 0.352260
5 29 0.343529
5 30 0.338280
5 31 0.336372
5 32 0.336246
5 33 0.336781
5 34 0.336659
5 35 0.335605
5 36 0.333509
5 37 0.331003
5 38 0.328475
5 39 0.326493
5 40 0.325067
5 41 0.324271
5 42 0.323757
5 43 0.323456
5 44 0.323080
5 45 0.322735
5 46 0.322301
5 47 0.321989
5 48 0.321699
5 49 0.321621
5 50 0.321613
5 51 0.321822
5 52 0.322064
5 53 0.322445
5 54 0.322758
5 55 0.323128
5 56 0.323457
5 57 0.324035
5 58 0.324944
5 59 0.326524
5 60 0.328730
5 61 0.331521
5 62 0.334390
5 63 0.336874
5 64 0.338460
5 65 0.339109
5 66 0.339307
5 67 0.340109
5 68 0.342983
5 69 0.349062
5 70 0.359016
5 71 0.371953
5 72 0.386158
5 73 0.398276
5 74 0.405413
5 75 0.404461
5 76 0.394907
5 77 0.377335
5 78 0.355757
5 79 0.334632
5 80 0.320284
5 81 0.317090
5 82 0.328673
5 83 0.354771
5 84 0.393100
5 85 0.437932
5 86 0.482586
5 87 0.519553
5 88 0.542389
5 89 0.547059
5 90 0.530470
5 91 0.496291
5 92 0.441081
5 93 0.383086
5 94 0.299906
5 95 0.249208
5 96 0.140791
5 97 0.131676
5 98 0.000849
5 99 0.000000

6 0 0.000000
6 1 0.052351
6 2 0.206251
6 3 0.231142
6 4 0.363189
6 5 0.419756
6 6 0.509125
6 7 0.560465
6 8 0.604107
6 9 0.619131
6 10 0.613796
6 11 0.586091
6 12 0.543417
6 13 0.491748
6 14 0.440219
6 15 0.395976
6 16 0.365497
6 17 0.351430
6 18 0.353754
6 19 0.368914
6 20 0.391402
6 21 0.414948
6 22 0.433716
6 23 0.444111
6 24 0.444489
6 25 0.436234
6 26 0.421860
6 27 0.405288
6 28 0.389546
6 29 0.377134
6 30 0.368664
6 31 0.363843
6 32 0.361273
6 33 0.359560
6 34 0.357512
6 35 0.354581
6 36 0.350857
6 37 0.346736
6 38 0.342872
6 39 0.339589
6 40 0.337179
6 41 0.335429
6 42 0.334269
6 43 0.333305
6 44 0.332541
6 45 0.331741
6 46 0.331100
6 47 0.330487
6 48 0.330138
6 49 0.329897
6 50 0.329967
6 51 0.330149
6 52 0.330606
6 53 0.331102
6 54 0.331779
6 55 0.332437
6 56 0.333330
6 57 0.334441
6 58 0.336194
6 59 0.338631
6 60 0.342016
6 61 0.346000
6 62 0.350347
6 63 0.354303
6 64 0.357614
6 65 0.360018
6 66 0.362298
6 67 0.365367
6 68 0.370974
6 69 0.380100
6 70 0.393539
6 71 0.410110
6 72 0.427963
6 73 0.443361
6 74 0.453141
6 75 0.454007
6 76 0.445338
6 77 0.428050
6 78 0.406347
6 79 0.385549
6 80 0.372211
6 81 0.371696
6 82 0.387378
6 83 0.419596
6 84 0.465017
6 85 0.517963
6 86 0.570099
6 87 0.613746
6 88 0.640780
6 89 0.647372
6 90 0.629102
6 91 0.590942
6 92 0.527844
6 93 0.461664
6 94 0.365813
6 95 0.306001
6 96 0.182773
6 97 0.164022
6 98 0.024462
6 99 0.000000

7 0 0.000000
7 1 0.073255
7 2 0.231352
7 3 0.262596
7 4 0.404367
7 5 0.464556
7 6 0.560465
7 7 0.613513
7 8 0.658499
7 9 0.671708
7 10 0.662807
7 11 0.629797
7 12 0.580529
7 13 0.522128
7 14 0.463866
7 15 0.414168
7 16 0.379246
7 17 0.362576
7 18 0.363360
7 19 0.378310
7 20 0.400844
7 21 0.424687
7 22 0.443043
7 23 0.452434
7 24 0.450670
7 25 0.439542
7 26 0.421413
7 27 0.400785
7 28 0.380677
7 29 0.364123
7 30 0.351636
7 31 0.343289
7 32 0.337434
7 33 0.332919
7 34 0.328221
7 35 0.323019
7 36 0.317069
7 37 0.311054
7 38 0.305312
7 39 0.300507
7 40 0.296604
7 41 0.293748
7 42 0.291500
7 43 0.289823
7 44 0.288315
7 45 0.287108
7 46 0.285976
7 47 0.285182
7 48 0.284539
7 49 0.284307
7 50 0.284266
7 51 0.284639
7 52 0.285169
7 53 0.286047
7 54 0.287009
7 55 0.288290
7 56 0.289758
7 57 0.291819
7 58 0.294518
7 59 0.298285
7 60 0.303006
7 61 0.308677
7 62 0.314703
7 63 0.320659
7 64 0.325998
7 65 0.330791
7 66 0.335604
7 67 0.341656
7 68 0.350500
7 69 0.363300
7 70 0.380584
7 71 0.401137
7 72 0.422754
7 73 0.441485
7 74 0.453872
7 75 0.456423
7 76 0.448546
7 77 0.431184
7 78 0.409049
7 79 0.387700
7 80 0.374536
7 81 0.375050
7 82 0.393405
7 83 0.429576
7 84 0.480621
7 85 0.539873
7 86 0.598978
7 87 0.648958
7 88 0.681506
7 89 0.691843
7 90 0.675288
7 91 0.637094
7 92 0.571143
7 93 0.502119
7 94 0.399636
7 95 0.336236
7 96 0.205055
7 97 0.181355
7 98 0.039490
7 99 0.000000

8 0 0.000000
8 1 0.094954
8 2 0.252272
8 3 0.290569
8 4 0.439251
8 5 0.502525
8 6 0.604107
8 7 0.658499
8 8 0.705347
8 9 0.717225
8 10 0.706325
8 11 0.669167
8 12 0.615296
8 13 0.551254
8 14 0.487775
8 15 0.432861
8 16 0.393882
8 17 0.373739
8 18 0.372346
8 19 0.385660
8 20 0.407419
8 21 0.430561
8 22 0.448421
8 23 0.456887
8 24 0.453910
8 25 0.440892
8 26 0.420450
8 27 0.396916
8 28 0.373678
8 29 0.353703
8 30 0.337915
8 31 0.326291
8 32 0.317551
8 33 0.310322
8 34 0.303376
8 35 0.296049
8 36 0.288375
8 37 0.280644
8 38 0.273527
8 39 0.267298
8 40 0.262332
8 41 0.258370
8 42 0.255414
8 43 0.252976
8 44 0.251096
8 45 0.249411
8 46 0.248147
8 47 0.247059
8 48 0.246443
8 49 0.246051
8 50 0.246166
8 51 0.246503
8 52 0.247319
8 53 0.248309
8 54 0.249733
8 55 0.251350
8 56 0.253543
8 57 0.256251
8 58 0.259998
8 59 0.264737
8 60 0.270791
8 61 0.277710
8 62 0.285326
8 63 0.292837
8 64 0.300132
8 65 0.306957
8 66 0.314268
8 67 0.322942
8 68 0.334796
8 69 0.350587
8 70 0.370971
8 71 0.394308
8 72 0.418451
8 73 0.439126
8 74 0.452960
8 75 0.456357
8 76 0.448893
8 77 0.431691
8 78 0.409672
8 79 0.388826
8 80 0.376642
8 81 0.379151
8 82 0.400265
8 83 0.440416
8 84 0.495929
8 85 0.560442
8 86 0.624443
8 87 0.679243
8 88 0.715191
8 89 0.728149
8 90 0.711980
8 91 0.673562
8 92 0.604612
8 93 0.533429
8 94 0.425491
8 95 0.359272
8 96 0.223062
8 97 0.194030
8 98 0.054479
8 99 0.000000

9 0 0.000000
9 1 0.109680
9 2 0.260901
9 3 0.303384
9 4 0.453318
9 5 0.516277
9 6 0.619131
9 7 0.671708
9 8 0.717225
9 9 0.725808
9 10 0.711052
9 11 0.669248
9 12 0.610185
9 13 0.541141
9 14 0.472669
9 15 0.413671
9 16 0.371133
9 17 0.348664
9 18 0.345654
9 19 0.358502
9 20 0.380331
9 21 0.404305
9 22 0.423106
9 23 0.432722
9 24 0.430481
9 25 0.417884
9 26 0.397060
9 27 0.372587
9 28 0.347571
9 29 0.325433
9 30 0.306975
9 31 0.292733
9 32 0.281283
9 33 0.271754
9 34 0.262603
9 35 0.253549
9 36 0.244159
9 37 0.235085
9 38 0.226501
9 39 0.219130
9 40 0.212876
9 41 0.208014
9 42 0.204057
9 43 0.201066
9 44 0.198523
9 45 0.196604
9 46 0.194936
9 47 0.193830
9 48 0.192975
9 49 0.192711
9 50 0.192716
9 51 0.193312
9 52 0.194158
9 53 0.195566
9 54 0.197221
9 55 0.199502
9 56 0.202228
9 57 0.205918
9 58 0.210517
9 59 0.216497
9 60 0.223615
9 61 0.231919
9 62 0.240762
9 63 0.249863
9 64 0.258725
9 65 0.267579
9 66 0.276984
9 67 0.288131
9 68 0.302346
9 69 0.320506
9 70 0.342746
9 71 0.367485
9 72 0.392216
9 73 0.412820
9 74 0.425844
9 75 0.427971
9 76 0.418945
9 77 0.400184
9 78 0.376915
9 79 0.355300
9 80 0.343178
9 81 0.346528
9 82 0.369597
9 83 0.412473
9 84 0.471747
9 85 0.540407
9 86 0.609126
9 87 0.668397
9 88 0.708667
9 89 0.725217
9 90 0.711726
9 91 0.675480
9 92 0.607035
9 93 0.537042
9 94 0.428116
9 95 0.362417
9 96 0.226597
9 97 0.195028
9 98 0.062499
9 99 0.000000

10 0 0.000000
10 1 0.117923
10 2 0.259610
10 3 0.304271
10 4 0.451468
10 5 0.512034
10 6 0.613796
10 7 0.662807
10 8 0.706325
10 9 0.711052
10 10 0.693369
10 11 0.647721
10 12 0.585572
10 13 0.513162
10 14 0.442156
10 15 0.380693
10 16 0.336575
10 17 0.312793
10 18 0.309375
10 19 0.322234
10 20 0.344973
10 21 0.370316
10 22 0.391195
10 23 0.403078
10 24 0.403308
10 25 0.392788
10 26 0.373609
10 27 0.349853
10 28 0.324810
10 29 0.301662
10 30 0.281701
10 31 0.265397
10 32 0.251945
10 33 0.240313
10 34 0.229482
10 35 0.218765
10 36 0.208141
10 37 0.197697
10 38 0.188056
10 39 0.179378
10 40 0.172148
10 41 0.166100
10 42 0.161402
10 43 0.157521
10 44 0.154590
10 45 0.152110
10 46 0.150353
10 47 0.148919
10 48 0.148172
10 49 0.147739
10 50 0.148000
10 51 0.148571
10 52 0.149830
10 53 0.151401
10 54 0.153697
10 55 0.156424
10 56 0.160106
10 57 0.164576
10 58 0.170407
10 59 0.177376
10 60 0.185822
10 61 0.195161
10 62 0.205361
10 63 0.215635
10 64 0.226107
10 65 0.236530
10 66 0.247935
10 67 0.260917
10 68 0.277034
10 69 0.296466
10 70 0.319487
10 71 0.343959
10 72 0.367663
10 73 0.386264
10 74 0.396810
10 75 0.396051
10 76 0.384247
10 77 0.362951
10 78 0.337676
10 79 0.314672
10 80 0.301762
10 81 0.305040
10 82 0.328500
10 83 0.372495
10 84 0.433173
10 85 0.503966
10 86 0.574865
10 87 0.636985
10 88 0.679761
10 89 0.699440
10 90 0.688171
10 91 0.655054
10 92 0.588166
10 93 0.521320
10 94 0.413873
10 95 0.350748
10 96 0.219013
10 97 0.186897
10 98 0.064087
10 99 0.000000

11 0 0.000000
11 1 0.117879
11 2 0.247951
11 3 0.292271
11 4 0.432571
11 5 0.488760
11 6 0.586091
11 7 0.629797
11 8 0.669167
11 9 0.669248
11 10 0.647721
11 11 0.598606
11 12 0.533496
11 13 0.458876
11 14 0.385970
11 15 0.323324
11 16 0.278208
11 17 0.254091
11 18 0.250643
11 19 0.264330
11 20 0.288531
11 21 0.316448
11 22 0.340665
11 23 0.356830
11 24 0.361627
11 25 0.355859
11 26 0.340794
11 27 0.320467
11 28 0.297541
11 29 0.275539
11 30 0.255489
11 31 0.238571
11 32 0.223861
11 33 0.211094
11 34 0.198940
11 35 0.187310
11 36 0.175598
11 37 0.164399
11 38 0.153653
11 39 0.144128
11 40 0.135667
11 41 0.128753
11 42 0.122915
11 43 0.118411
11 44 0.114647
11 45 0.111896
11 46 0.109620
11 47 0.108198
11 48 0.107160
11 49 0.106941
11 50 0.107092
11 51 0.108062
11 52 0.109409
11 53 0.111605
11 54 0.114264
11 55 0.117925
11 56 0.122310
11 57 0.128011
11 58 0.134774
11 59 0.143052
11 60 0.152391
11 61 0.162891
11 62 0.173868
11 63 0.185257
11 64 0.196634
11 65 0.208370
11 66 0.220864
11 67 0.235047
11 68 0.251686
11 69 0.271090
11 70 0.292823
11 71 0.314988
11 72 0.335063
11 73 0.349273
11 74 0.354799
11 75 0.349097
11 76 0.332669
11 77 0.307543
11 78 0.279279
11 79 0.254186
11 80 0.239959
11 81 0.242491
11 82 0.265729
11 83 0.309792
11 84 0.371034
11 85 0.442676
11 86 0.515087
11 87 0.579132
11 88 0.624524
11 89 0.647352
11 90 0.639546
11 91 0.610673
11 92 0.547669
11 93 0.485770
11 94 0.383011
11 95 0.324247
11 96 0.200222
11 97 0.169851
11 98 0.057988
11 99 0.000000

12 0 0.000000
12 1 0.110106
12 2 0.228901
12 3 0.270609
12 4 0.401767
12 5 0.452169
12 6 0.543417
12 7 0.580529
12 8 0.615296
12 9 0.610185
12 10 0.585572
12 11 0.533496
12 12 0.467123
12 13 0.391556
12 14 0.318791
12 15 0.256335
12 16 0.211963
12 17 0.188502
12 18 0.186220
12 19 0.201362
12 20 0.227998
12 21 0.259236
12 22 0.288120
12 23 0.309905
12 24 0.321260
12 25 0.322175
12 26 0.313631
12 27 0.298777
12 28 0.280225
12 29 0.260965
12 30 0.242517
12 31 0.225901
12 32 0.211037
12 33 0.197499
12 34 0.184759
12 35 0.172259
12 36 0.160015
12 37 0.147893
12 38 0.136455
12 39 0.125708
12 40 0.116284
12 41 0.107951
12 42 0.101153
12 43 0.095385
12 44 0.090977
12 45 0.087327
12 46 0.084805
12 47 0.082840
12 48 0.081887
12 49 0.081419
12 50 0.081940
12 51 0.082939
12 52 0.084951
12 53 0.087505
12 54 0.091186
12 55 0.095597
12 56 0.101371
12 57 0.108131
12 58 0.116435
12 59 0.125765
12 60 0.136441
12 61 0.147712
12 62 0.159718
12 63 0.171701
12 64 0.184039
12 65 0.196399
12 66 0.209732
12 67 0.224075
12 68 0.240450
12 69 0.258217
12 70 0.277202
12 71 0.294909
12 72 0.309446
12 73 0.316994
12 74 0.315690
12 75 0.303223
12 76 0.280920
12 77 0.250849
12 78 0.218867
12 79 0.190988
12 80 0.174732
12 81 0.175673
12 82 0.197471
12 83 0.240297
12 84 0.300323
12 85 0.371298
12 86 0.443358
12 87 0.508227
12 88 0.554944
12 89 0.580765
12 90 0.576111
12 91 0.552313
12 92 0.493888
12 93 0.438245
12 94 0.341698
12 95 0.288475
12 96 0.173815
12 97 0.147167
12 98 0.045081
12 99 0.000000

13 0 0.000000
13 1 0.096087
13 2 0.205552
13 3 0.243186
13 4 0.363803
13 5 0.408249
13 6 0.491748
13 7 0.522128
13 8 0.551254
13 9 0.541141
13 10 0.513162
13 11 0.458876
13 12 0.391556
13 13 0.316109
13 14 0.243954
13 15 0.182552
13 16 0.139056
13 17 0.116555
13 18 0.115092
13 19 0.131578
13 20 0.160191
13 21 0.194810
13 22 0.228418
13 23 0.256645
13 24 0.275507
13 25 0.284830
13 26 0.284471
13 27 0.277305
13 28 0.264924
13 29 0.250511
13 30 0.235053
13 31 0.220363
13 32 0.206137
13 33 0.192967
13 34 0.179959
13 35 0.167420
13 36 0.154658
13 37 0.142259
13 38 0.129905
13 39 0.118414
13 40 0.107565
13 41 0.098132
13 42 0.089725
13 43 0.082929
13 44 0.077152
13 45 0.072867
13 46 0.069404
13 47 0.067256
13 48 0.065783
13 49 0.065543
13 50 0.065933
13 51 0.067554
13 52 0.069843
13 53 0.073444
13 54 0.077853
13 55 0.083746
13 56 0.090640
13 57 0.099129
13 58 0.108627
13 59 0.119506
13 60 0.131022
13 61 0.143337
13 62 0.155716
13 63 0.168345
13 64 0.180819
13 65 0.193569
13 66 0.206629
13 67 0.220443
13 68 0.234977
13 69 0.249842
13 70 0.264047
13 71 0.275638
13 72 0.282526
13 73 0.281895
13 74 0.272181
13 75 0.252143
13 76 0.223334
13 77 0.188380
13 78 0.152873
13 79 0.122731
13 80 0.104884
13 81 0.104559
13 82 0.125026
13 83 0.166335
13 84 0.224791
13 85 0.294332
13 86 0.365567
13 87 0.430479
13 88 0.478421
13 89 0.506867
13 90 0.505903
13 91 0.487257
13 92 0.434527
13 93 0.385272
13 94 0.296344
13 95 0.248585
13 96 0.144021
13 97 0.122182
13 98 0.027208
13 99 0.000000

14 0 0.000000
14 1 0.078064
14 2 0.182276
14 3 0.214723
14 4 0.325682
14 5 0.364318
14 6 0.440219
14 7 0.463866
14 8 0.487775
14 9 0.472669
14 10 0.442156
14 11 0.385970
14 12 0.318791
14 13 0.243954
14 14 0.173378
14 15 0.113292
14 16 0.071115
14 17 0.049283
14 18 0.048441
14 19 0.065511
14 20 0.095621
14 21 0.132896
14 22 0.171105
14 23 0.205682
14 24 0.232775
14 25 0.251286
14 26 0.260684
14 27 0.262593
14 28 0.258357
14 29 0.250223
14 30 0.239594
14 31 0.227859
14 32 0.215692
14 33 0.203403
14 34 0.191161
14 35 0.178697
14 36 0.166207
14 37 0.153372
14 38 0.140723
14 39 0.128083
14 40 0.116263
14 41 0.105085
14 42 0.095376
14 43 0.086742
14 44 0.079856
14 45 0.074088
14 46 0.070014
14 47 0.066911
14 48 0.065382
14 49 0.064724
14 50 0.065597
14 51 0.067336
14 52 0.070652
14 53 0.074926
14 54 0.080898
14 55 0.087963
14 56 0.096788
14 57 0.106646
14 58 0.117995
14 59 0.129920
14 60 0.142705
14 61 0.155398
14 62 0.168350
14 63 0.180801
14 64 0.193350
14 65 0.205438
14 66 0.217780
14 67 0.229644
14 68 0.241397
14 69 0.251544
14 70 0.259648
14 71 0.263201
14 72 0.261183
14 73 0.250890
14 74 0.232127
14 75 0.203930
14 76 0.168853
14 77 0.129334
14 78 0.091156
14 79 0.059500
14 80 0.040914
14 81 0.039878
14 82 0.059323
14 83 0.099143
14 84 0.155669
14 85 0.223401
14 86 0.293071
14 87 0.357656
14 88 0.406108
14 89 0.437109
14 90 0.439361
14 91 0.426018
14 92 0.378709
14 93 0.335784
14 94 0.254125
14 95 0.211443
14 96 0.115513
14 97 0.099194
14 98 0.006772
14 99 0.000000

15 0 0.000000
15 1 0.059402
15 2 0.162836
15 3 0.190312
15 4 0.293164
15 5 0.327474
15 6 0.395976
15 7 0.414168
15 8 0.432861
15 9 0.413671
15 10 0.380693
15 11 0.323324
15 12 0.256335
15 13 0.182552
15 14 0.113292
15 15 0.054389
15 16 0.012616
15 17 -0.009480
15 18 -0.011364
15 19 0.004694
15 20 0.034218
15 21 0.072449
15 22 0.113408
15 23 0.153236
15 24 0.187548
15 25 0.215206
15 26 0.234380
15 27 0.246324
15 28 0.250970
15 29 0.250610
15 30 0.245714
15 31 0.238446
15 32 0.228993
15 33 0.218849
15 34 0.207660
15 35 0.196296
15 36 0.184078
15 37 0.171681
15 38 0.158513
15 39 0.145463
15 40 0.132206
15 41 0.119853
15 42 0.108132
15 43 0.098089
15 44 0.089229
15 45 0.082379
15 46 0.076810
15 47 0.073236
15 48 0.070854
15 49 0.070398
15 50 0.071086
15 51 0.073701
15 52 0.077502
15 53 0.083303
15 54 0.090374
15 55 0.099457
15 56 0.109712
15 57 0.121640
15 58 0.134195
15 59 0.147633
15 60 0.160874
15 61 0.174181
15 62 0.186758
15 63 0.199053
15 64 0.210587
15 65 0.221759
15 66 0.232067
15 67 0.241376
15 68 0.248798
15 69 0.253389
15 70 0.253882
15 71 0.248744
15 72 0.236876
15 73 0.217004
15 74 0.189290
15 75 0.154064
15 76 0.113927
15 77 0.071820
15 78 0.032849
15 79 0.001883
15 80 -0.015585
15 81 -0.015571
15 82 0.004151
15 83 0.043441
15 84 0.098657
15 85 0.164808
15 86 0.233092
15 87 0.297150
15 88 0.346168
15 89 0.379321
15 90 0.384870
15 91 0.376143
15 92 0.334275
15 93 0.296433
15 94 0.221614
15 95 0.182396
15 96 0.093063
15 97 0.081694
15 98 -0.012854
15 99 0.000000

16 0 0.000000
16 1 0.042709
16 2 0.150603
16 3 0.173417
16 4 0.271479
16 5 0.302681
16 6 0.365497
16 7 0.379246
16 8 0.393882
16 9 0.371133
16 10 0.336575
16 11 0.278208
16 12 0.211963
16 13 0.139056
16 14 0.071115
16 15 0.012616
16 16 -0.029548
16 17 -0.053509
16 18 -0.058092
16 19 -0.045397
16 20 -0.018674
16 21 0.017871
16 22 0.059450
16 23 0.102289
16 24 0.142479
16 25 0.178019
16 26 0.206812
16 27 0.228625
16 28 0.243066
16 29 0.251063
16 30 0.253390
16 31 0.251372
16 32 0.246199
16 33 0.238793
16 34 0.230069
16 35 0.220117
16 36 0.209435
16 37 0.197560
16 38 0.185033
16 39 0.171437
16 40 0.157756
16 41 0.143818
16 42 0.130897
16 43 0.118762
16 44 0.108579
16 45 0.099795
16 46 0.093344
16 47 0.088419
16 48 0.085860
16 49 0.084791
16 50 0.086070
16 51 0.088834
16 52 0.093973
16 53 0.100626
16 54 0.109628
16 55 0.120007
16 56 0.132365
16 57 0.145472
16 58 0.159639
16 59 0.173490
16 60 0.187324
16 61 0.199995
16 62 0.212121
16 63 0.222902
16 64 0.233125
16 65 0.241878
16 66 0.249578
16 67 0.254680
16 68 0.257018
16 69 0.254490
16 70 0.246828
16 71 0.232034
16 72 0.210533
16 73 0.181214
16 74 0.145881
16 75 0.104980
16 76 0.062102
16 77 0.019604
16 78 -0.017429
16 79 -0.045352
16 80 -0.059262
16 81 -0.056308
16 82 -0.034637
16 83 0.005277
16 84 0.059990
16 85 0.125068
16 86 0.192099
16 87 0.255753
16 88 0.305038
16 89 0.340234
16 90 0.348456
16 91 0.343896
16 92 0.306453
16 93 0.272678
16 94 0.202910
16 95 0.165864
16 96 0.079562
16 97 0.072531
16 98 -0.029263
16 99 0.000000

17 0 0.000000
17 1 0.031066
17 2 0.147160
17 3 0.166767
17 4 0.262951
17 5 0.293035
17 6 0.351430
17 7 0.362576
17 8 0.373739
17 9 0.348664
17 10 0.312793
17 11 0.254091
17 12 0.188502
17 13 0.116555
17 14 0.049283
17 15 -0.009480
17 16 -0.053509
17 17 -0.080939
17 18 -0.090655
17 19 -0.083835
17 20 -0.063134
17 21 -0.031299
17 22 0.007436
17 23 0.050457
17 24 0.093565
17 25 0.135083
17 26 0.171625
17 27 0.202721
17 28 0.226284
17 29 0.243222
17 30 0.252922
17 31 0.257404
17 32 0.256940
17 33 0.253716
17 34 0.247814
17 35 0.240712
17 36 0.231782
17 37 0.221860
17 38 0.210061
17 39 0.197319
17 40 0.183111
17 41 0.168848
17 42 0.154335
17 43 0.141151
17 44 0.128965
17 45 0.119123
17 46 0.110932
17 47 0.105480
17 48 0.101840
17 49 0.101006
17 50 0.101992
17 51 0.105787
17 52 0.111392
17 53 0.119742
17 54 0.129738
17 55 0.142090
17 56 0.155433
17 57 0.170114
17 58 0.184547
17 59 0.198923
17 60 0.211854
17 61 0.223811
17 62 0.233951
17 63 0.243014
17 64 0.250375
17 65 0.256362
17 66 0.259896
17 67 0.260373
17 68 0.256263
17 69 0.246479
17 70 0.229970
17 71 0.206205
17 72 0.175562
17 73 0.138684
17 74 0.097562
17 75 0.053971
17 76 0.011143
17 77 -0.028251
17 78 -0.060310
17 79 -0.081929
17 80 -0.089690
17 81 -0.081319
17 82 -0.055918
17 83 -0.013872
17 84 0.041308
17 85 0.105978
17 86 0.172136
17 87 0.235432
17 88 0.285005
17 89 0.321793
17 90 0.332462
17 91 0.331043
17 92 0.297469
17 93 0.266081
17 94 0.200034
17 95 0.163269
17 96 0.077005
17 97 0.072694
17 98 -0.039720
17 99 0.000000

18 0 0.000000
18 1 0.025395
18 2 0.152677
18 3 0.169980
18 4 0.267776
18 5 0.297717
18 6 0.353754
18 7 0.363360
18 8 0.372346
18 9 0.345654
18 10 0.309375
18 11 0.250643
18 12 0.186220
18 13 0.115092
18 14 0.048441
18 15 -0.011364
18 16 -0.058092
18 17 -0.090655
18 18 -0.107304
18 19 -0.109026
18 20 -0.097055
18 21 -0.073399
18 22 -0.040688
18 23 -0.001157
18 24 0.041971
18 25 0.086383
18 26 0.128820
18 27 0.167292
18 28 0.199528
18 29 0.224739
18 30 0.242565
18 31 0.253694
18 32 0.259373
18 33 0.260768
18 34 0.259376
18 35 0.255565
18 36 0.250178
18 37 0.242605
18 38 0.233409
18 39 0.221837
18 40 0.208962
18 41 0.194473
18 42 0.180045
18 43 0.165563
18 44 0.152779
18 45 0.141282
18 46 0.132532
18 47 0.125715
18 48 0.122040
18 49 0.120472
18 50 0.122125
18 51 0.125880
18 52 0.132789
18 53 0.141619
18 54 0.153218
18 55 0.166082
18 56 0.180681
18 57 0.195189
18 58 0.209817
18 59 0.222772
18 60 0.234513
18 61 0.243783
18 62 0.251568
18 63 0.257013
18 64 0.261094
18 65 0.262509
18 66 0.261458
18 67 0.255749
18 68 0.245055
18 69 0.227127
18 70 0.202444
18 71 0.170024
18 72 0.132142
18 73 0.089430
18 74 0.045592
18 75 0.002093
18 76 -0.037026
18 77 -0.070226
18 78 -0.093860
18 79 -0.106515
18 80 -0.105475
18 81 -0.089868
18 82 -0.059098
18 83 -0.013965
18 84 0.042420
18 85 0.106989
18 86 0.172354
18 87 0.235201
18 88 0.284703
18 89 0.322721
18 90 0.335141
18 91 0.336199
18 92 0.305393
18 93 0.275434
18 94 0.211182
18 95 0.173844
18 96 0.084305
18 97 0.081724
18 98 -0.043745
18 99 0.000000

19 0 0.000000
19 1 0.026724
19 2 0.165462
19 3 0.181963
19 4 0.283296
19 5 0.314197
19 6 0.368914
19 7 0.378310
19 8 0.385660
19 9 0.358502
19 10 0.322234
19 11 0.264330
19 12 0.201362
19 13 0.131578
19 14 0.065511
19 15 0.004694
19 16 -0.045397
19 17 -0.083835
19 18 -0.109026
19 19 -0.121044
19 20 -0.120527
19 21 -0.107792
19 22 -0.084738
19 23 -0.051972
19 24 -0.012708
19 25 0.031621
19 26 0.076672
19 27 0.120637
19 28 0.159461
19 29 0.192482
19 30 0.217556
19 31 0.236042
19 32 0.247750
19 33 0.255150
19 34 0.258463
19 35 0.259667
19 36 0.258133
19 37 0.254885
19 38 0.248688
19 39 0.240461
19 40 0.229297
19 41 0.216776
19 42 0.202588
19 43 0.188797
19 44 0.175183
19 45 0.163708
19 46 0.153774
19 47 0.146984
19 48 0.142346
19 49 0.141207
19 50 0.142362
19 51 0.147021
19 52 0.153827
19 53 0.163787
19 54 0.175280
19 55 0.188927
19 56 0.202743
19 57 0.216971
19 58 0.229533
19 59 0.240740
19 60 0.249035
19 61 0.255276
19 62 0.258634
19 63 0.260200
19 64 0.259168
19 65 0.255858
19 66 0.248715
19 67 0.236966
19 68 0.218844
19 69 0.193673
19 70 0.161134
19 71 0.122148
19 72 0.078761
19 73 0.033484
19 74 -0.010244
19 75 -0.049795
19 76 -0.082080
19 77 -0.105497
19 78 -0.118096
19 79 -0.119120
19 80 -0.107629
19 81 -0.083245
19 82 -0.046414
19 83 0.002390
19 84 0.059987
19 85 0.124397
19 86 0.188618
19 87 0.250587
19 88 0.299556
19 89 0.338131
19 90 0.351860
19 91 0.354485
19 92 0.325969
19 93 0.296391
19 94 0.233005
19 95 0.194252
19 96 0.099771
19 97 0.097471
19 98 -0.040758
19 99 0.000000

20 0 0.000000
20 1 0.033450
20 2 0.182745
20 3 0.198835
20 4 0.305246
20 5 0.336824
20 6 0.391402
20 7 0.400844
20 8 0.407419
20 9 0.380331
20 10 0.344973
20 11 0.288531
20 12 0.227998
20 13 0.160191
20 14 0.095621
20 15 0.034218
20 16 -0.018674
20 17 -0.063134
20 18 -0.097055
20 19 -0.120527
20 20 -0.132751
20 21 -0.133359
20 22 -0.122370
20 23 -0.099836
20 24 -0.067453
20 25 -0.026986
20 26 0.017965
20 27 0.064249
20 28 0.108058
20 29 0.146876
20 30 0.178964
20 31 0.203896
20 32 0.222482
20 33 0.235649
20 34 0.245166
20 35 0.251473
20 36 0.255720
20 37 0.257114
20 38 0.256234
20 39 0.251860
20 40 0.245010
20 41 0.234977
20 42 0.223645
20 43 0.210798
20 44 0.198707
20 45 0.187048
20 46 0.177880
20 47 0.170421
20 48 0.166362
20 49 0.164522
20 50 0.166332
20 51 0.170357
20 52 0.177793
20 53 0.186921
20 54 0.198566
20 55 0.210614
20 56 0.223458
20 57 0.234743
20 58 0.244792
20 59 0.251587
20 60 0.256006
20 61 0.256821
20 62 0.255517
20 63 0.251183
20 64 0.245027
20 65 0.235389
20 66 0.222460
20 67 0.203707
20 68 0.179125
20 69 0.146814
20 70 0.108472
20 71 0.064383
20 72 0.018683
20 73 -0.026596
20 74 -0.066443
20 75 -0.099190
20 76 -0.121206
20 77 -0.132594
20 78 -0.131796
20 79 -0.120060
20 80 -0.097048
20 81 -0.063837
20 82 -0.020916
20 83 0.030908
20 84 0.089142
20 85 0.152465
20 86 0.214739
20 87 0.274929
20 88 0.322577
20 89 0.360981
20 90 0.375361
20 91 0.379062
20 92 0.352234
20 93 0.322932
20 94 0.259505
20 95 0.219800
20 96 0.119227
20 97 0.116880
20 98 -0.032711
20 99 0.000000

21 0 0.000000
21 1 0.044566
21 2 0.201180
21 3 0.217498
21 4 0.328606
21 5 0.360530
21 6 0.414948
21 7 0.424687
21 8 0.430561
21 9 0.404305
21 10 0.370316
21 11 0.316448
21 12 0.259236
21 13 0.194810
21 14 0.132896
21 15 0.072449
21 16 0.017871
21 17 -0.031299
21 18 -0.073399
21 19 -0.107792
21 20 -0.133359
21 21 -0.148041
21 22 -0.151199
21 23 -0.140929
21 24 -0.118723
21 25 -0.084850
21 26 -0.043681
21 27 0.002466
21 28 0.048131
21 29 0.091347
21 30 0.128360
21 31 0.159577
21 32 0.183880
21 33 0.203604
21 34 0.218735
21 35 0.231574
21 36 0.241385
21 37 0.249402
21 38 0.253989
21 39 0.255996
21 40 0.253915
21 41 0.249263
21 42 0.241285
21 43 0.232286
21 44 0.221910
21 45 0.212643
21 46 0.203899
21 47 0.197848
21 48 0.193429
21 49 0.192423
21 50 0.193373
21 51 0.197740
21 52 0.203730
21 53 0.212425
21 54 0.221628
21 55 0.231956
21 56 0.240891
21 57 0.248820
21 58 0.253413
21 59 0.255438
21 60 0.253389
21 61 0.248733
21 62 0.240706
21 63 0.230798
21 64 0.218001
21 65 0.202730
21 66 0.183126
21 67 0.158627
21 68 0.127637
21 69 0.090361
21 70 0.047496
21 71 0.001500
21 72 -0.044188
21 73 -0.085745
21 74 -0.119119
21 75 -0.141752
21 76 -0.151618
21 77 -0.148918
21 78 -0.134153
21 79 -0.109112
21 80 -0.075278
21 81 -0.033885
21 82 0.013653
21 83 0.067249
21 84 0.124444
21 85 0.185341
21 86 0.244205
21 87 0.301471
21 88 0.346776
21 89 0.384173
21 90 0.398725
21 91 0.403035
21 92 0.377880
21 93 0.348910
21 94 0.285607
21 95 0.245520
21 96 0.139523
21 97 0.136625
21 98 -0.020827
21 99 0.000000

22 0 0.000000
22 1 0.057107
22 2 0.217624
22 3 0.233666
22 4 0.348668
22 5 0.379517
22 6 0.433716
22 7 0.443043
22 8 0.448421
22 9 0.423106
22 10 0.391195
22 11 0.340665
22 12 0.288120
22 13 0.228418
22 14 0.171105
22 15 0.113408
22 16 0.059450
22 17 0.007436
22 18 -0.040688
22 19 -0.084738
22 20 -0.122370
22 21 -0.151199
22 22 -0.168683
22 23 -0.172445
22 24 -0.162052
22 25 -0.137885
22 26 -0.102884
22 27 -0.060416
22 28 -0.015020
22 29 0.029531
22 30 0.070302
22 31 0.105605
22 32 0.135520
22 33 0.160333
22 34 0.181793
22 35 0.200187
22 36 0.216938
22 37 0.231049
22 38 0.243173
22 39 0.251540
22 40 0.256983
22 41 0.258091
22 42 0.256639
22 43 0.251905
22 44 0.246385
22 45 0.239551
22 46 0.233944
22 47 0.228695
22 48 0.225993
22 49 0.224478
22 50 0.225938
22 51 0.228577
22 52 0.233778
22 53 0.239313
22 54 0.246103
22 55 0.251540
22 56 0.256235
22 57 0.257589
22 58 0.256452
22 59 0.250889
22 60 0.242511
22 61 0.230240
22 62 0.216146
22 63 0.199206
22 64 0.180875
22 65 0.159168
22 66 0.134488
22 67 0.104253
22 68 0.069180
22 69 0.028006
22 70 -0.016205
22 71 -0.062088
22 72 -0.104126
22 73 -0.139687
22 74 -0.163404
22 75 -0.174407
22 76 -0.170314
22 77 -0.153474
22 78 -0.124665
22 79 -0.087737
22 80 -0.044384
22 81 0.002888
22 82 0.053089
22 83 0.106004
22 84 0.160223
22 85 0.216613
22 86 0.270534
22 87 0.323403
22 88 0.365392
22 89 0.400977
22 90 0.415307
22 91 0.420143
22 92 0.396728
22 93 0.368870
22 94 0.306006
22 95 0.267002
22 96 0.156663
22 97 0.153763
22 98 -0.008082
22 99 0.000000

23 0 0.000000
23 1 0.069698
23 2 0.229936
23 3 0.245543
23 4 0.362386
23 5 0.391055
23 6 0.444111
23 7 0.452434
23 8 0.456887
23 9 0.432722
23 10 0.403078
23 11 0.356830
23 12 0.309905
23 13 0.256645
23 14 0.205682
23 15 0.153236
23 16 0.102289
23 17 0.050457
23 18 -0.001157
23 19 -0.051972
23 20 -0.099836
23 21 -0.140929
23 22 -0.172445
23 23 -0.189983
23 24 -0.192971
23 25 -0.179794
23 26 -0.153931
23 27 -0.117172
23 28 -0.075470
23 29 -0.031386
23 30 0.010081
23 31 0.048480
23 32 0.081586
23 33 0.111352
23 34 0.137248
23 35 0.161761
23 36 0.183991
23 37 0.205467
23 38 0.224206
23 39 0.241040
23 40 0.253726
23 41 0.263498
23 42 0.268747
23 43 0.271615
23 44 0.271132
23 45 0.269961
23 46 0.267202
23 47 0.265440
23 48 0.263403
23 49 0.263295
23 50 0.263360
23 51 0.265359
23 52 0.267071
23 53 0.269794
23 54 0.270907
23 55 0.271351
23 56 0.268418
23 57 0.263122
23 58 0.253283
23 59 0.240535
23 60 0.223640
23 61 0.204809
23 62 0.183290
23 63 0.160923
23 64 0.136402
23 65 0.110302
23 66 0.080590
23 67 0.047193
23 68 0.008933
23 69 -0.032927
23 70 -0.076775
23 71 -0.118980
23 72 -0.155429
23 73 -0.181898
23 74 -0.194764
23 75 -0.192466
23 76 -0.174763
23 77 -0.144001
23 78 -0.103129
23 79 -0.056104
23 80 -0.006235
23 81 0.044386
23 82 0.094101
23 83 0.143894
23 84 0.192508
23 85 0.242521
23 86 0.289677
23 87 0.336970
23 88 0.374657
23 89 0.407894
23 90 0.421787
23 91 0.427250
23 92 0.405986
23 93 0.380046
23 94 0.318559
23 95 0.281827
23 96 0.169233
23 97 0.166558
23 98 0.004270
23 99 0.000000

24 0 0.000000
24 1 0.080069
24 2 0.237086
24 3 0.251405
24 4 0.368315
24 5 0.393289
24 6 0.444489
24 7 0.450670
24 8 0.453910
24 9 0.430481
24 10 0.403308
24 11 0.361627
24 12 0.321260
24 13 0.275507
24 14 0.232775
24 15 0.187548
24 16 0.142479
24 17 0.093565
24 18 0.041971
24 19 -0.012708
24 20 -0.067453
24 21 -0.118723
24 22 -0.162052
24 23 -0.192971
24 24 -0.208833
24 25 -0.208171
24 26 -0.192456
24 27 -0.164305
24 28 -0.127989
24 29 -0.087723
24 30 -0.047052
24 31 -0.008684
24 32 0.026760
24 33 0.058757
24 34 0.088884
24 35 0.117136
24 36 0.145247
24 37 0.172108
24 38 0.198630
24 39 0.222580
24 40 0.244630
24 41 0.262446
24 42 0.277381
24 43 0.287699
24 44 0.295631
24 45 0.299906
24 46 0.303167
24 47 0.304104
24 48 0.305247
24 49 0.304904
24 50 0.305229
24 51 0.304059
24 52 0.303110
24 53 0.299810
24 54 0.295528
24 55 0.287542
24 56 0.277221
24 57 0.262213
24 58 0.244403
24 59 0.222253
24 60 0.198322
24 61 0.171662
24 62 0.144842
24 63 0.116537
24 64 0.088362
24 65 0.057967
24 66 0.026105
24 67 -0.009705
24 68 -0.047859
24 69 -0.089013
24 70 -0.128982
24 71 -0.165909
24 72 -0.193710
24 73 -0.210161
24 74 -0.210502
24 75 -0.195481
24 76 -0.164431
24 77 -0.122034
24 78 -0.071075
24 79 -0.017371
24 80 0.036194
24 81 0.086584
24 82 0.133116
24 83 0.176846
24 84 0.217878
24 85 0.259543
24 86 0.298812
24 87 0.339470
24 88 0.372459
24 89 0.403027
24 90 0.416626
24 91 0.423064
24 92 0.404449
24 93 0.381469
24 94 0.322196
24 95 0.289097
24 96 0.176024
24 97 0.174357
24 98 0.014217
24 99 0.000000

25 0 0.000000
25 1 0.088103
25 2 0.239556
25 3 0.252372
25 4 0.367377
25 5 0.387910
25 6 0.436234
25 7 0.439542
25 8 0.440892
25 9 0.417884
25 10 0.392788
25 11 0.355859
25 12 0.322175
25 13 0.284830
25 14 0.251286
25 15 0.215206
25 16 0.178019
25 17 0.135083
25 18 0.086383
25 19 0.031621
25 20 -0.026986
25 21 -0.084850
25 22 -0.137885
25 23 -0.179794
25 24 -0.208171
25 25 -0.219321
25 26 -0.215261
25 27 -0.196397
25 28 -0.168242
25 29 -0.133048
25 30 -0.096394
25 31 -0.059156
25 32 -0.024529
25 33 0.009046
25 34 0.040405
25 35 0.072182
25 36 0.103334
25 37 0.135882
25 38 0.167706
25 39 0.199873
25 40 0.229484
25 41 0.257461
25 42 0.281034
25 43 0.301769
25 44 0.317489
25 45 0.330491
25 46 0.338992
25 47 0.345605
25 48 0.348506
25 49 0.350190
25 50 0.348503
25 51 0.345605
25 52 0.338980
25 53 0.330486
25 54 0.317465
25 55 0.301750
25 56 0.280989
25 57 0.257416
25 58 0.229413
25 59 0.199787
25 60 0.167600
25 61 0.135731
25 62 0.103180
25 63 0.071933
25 64 0.040187
25 65 0.008658
25 66 -0.024827
25 67 -0.059726
25 68 -0.096796
25 69 -0.133849
25 70 -0.168797
25 71 -0.197495
25 72 -0.216066
25 73 -0.220818
25 74 -0.209420
25 75 -0.181871
25 76 -0.139928
25 77 -0.087847
25 78 -0.030435
25 79 0.027070
25 80 0.080508
25 81 0.127914
25 82 0.168165
25 83 0.203917
25 84 0.235409
25 85 0.267797
25 86 0.298271
25 87 0.332109
25 88 0.360222
25 89 0.388375
25 90 0.401941
25 91 0.409909
25 92 0.394459
25 93 0.375255
25 94 0.319056
25 95 0.290290
25 96 0.178477
25 97 0.178006
25 98 0.021893
25 99 0.000000

26 0 0.000000
26 1 0.093286
26 2 0.238598
26 3 0.249459
26 4 0.361503
26 5 0.376926
26 6 0.421860
26 7 0.421413
26 8 0.420450
26 9 0.397060
26 10 0.373609
26 11 0.340794
26 12 0.313631
26 13 0.284471
26 14 0.260684
26 15 0.234380
26 16 0.206812
26 17 0.171625
26 18 0.128820
26 19 0.076672
26 20 0.017965
26 21 -0.043681
26 22 -0.102884
26 23 -0.153931
26 24 -0.192456
26 25 -0.215261
26 26 -0.222023
26 27 -0.213994
26 28 -0.194334
26 29 -0.166867
26 30 -0.135003
26 31 -0.101984
26 32 -0.068847
26 33 -0.036890
26 34 -0.004729
26 35 0.027283
26 36 0.061276
26 37 0.096192
26 38 0.133533
26 39 0.170891
26 40 0.209063
26 41 0.244841
26 42 0.279057
26 43 0.308574
26 44 0.334880
26 45 0.355326
26 46 0.372101
26 47 0.382911
26 48 0.390279
26 49 0.391911
26 50 0.390290
26 51 0.382923
26 52 0.372133
26 53 0.355346
26 54 0.334929
26 55 0.308599
26 56 0.279121
26 57 0.244865
26 58 0.209139
26 59 0.170905
26 60 0.133620
26 61 0.096181
26 62 0.061366
26 63 0.027220
26 64 -0.004645
26 65 -0.037034
26 66 -0.068779
26 67 -0.102246
26 68 -0.134972
26 69 -0.167294
26 70 -0.194391
26 71 -0.214656
26 72 -0.222275
26 73 -0.216272
26 74 -0.193117
26 75 -0.155495
26 76 -0.104341
26 77 -0.046180
26 78 0.015036
26 79 0.072540
26 80 0.123307
26 81 0.164708
26 82 0.197047
26 83 0.223078
26 84 0.244524
26 85 0.267065
26 86 0.289069
26 87 0.316236
26 88 0.340170
26 89 0.366352
26 90 0.380586
26 91 0.390646
26 92 0.378899
26 93 0.364100
26 94 0.311506
26 95 0.287498
26 96 0.177851
26 97 0.178885
26 98 0.027021
26 99 0.000000

27 0 0.000000
27 1 0.096850
27 2 0.236183
27 3 0.245347
27 4 0.353740
27 5 0.364214
27 6 0.405288
27 7 0.400785
27 8 0.396916
27 9 0.372587
27 10 0.349853
27 11 0.320467
27 12 0.298777
27 13 0.277305
27 14 0.262593
27 15 0.246324
27 16 0.228625
27 17 0.202721
27 18 0.167292
27 19 0.120637
27 20 0.064249
27 21 0.002466
27 22 -0.060416
27 23 -0.117172
27 24 -0.164305
27 25 -0.196397
27 26 -0.213994
27 27 -0.215725
27 28 -0.206037
27 29 -0.186119
27 30 -0.161443
27 31 -0.132767
