0 0 0.000000
0 1 0.000000
0 2 0.000000
0 3 0.000000
0 4 0.000000
0 5 0.000000
0 6 0.000000
0 7 0.000000
0 8 0.000000
0 9 0.000000
0 10 0.000000
0 11 0.000000
0 12 0.000000
0 13 0.000000
0 14 0.000000
0 15 0.000000
0 16 0.000000
0 17 0.000000
0 18 0.000000
0 19 0.000000
0 20 0.000000
0 21 0.000000
0 22 0.000000
0 23 0.000000
0 24 0.000000
0 25 0.000000
0 26 0.000000
0 27 0.000000
0 28 0.000000
0 29 0.000000
0 30 0.000000
0 31 0.000000
0 32 0.000000
0 33 0.000000
0 34 0.000000
0 35 0.000000
0 36 0.000000
0 37 0.000000
0 38 0.000000
0 39 0.000000
0 40 0.000000
0 41 0.000000
0 42 0.000000
0 43 0.000000
0 44 0.000000
0 45 0.000000
0 46 0.000000
0 47 0.000000
0 48 0.000000
0 49 0.000000
0 50 0.000000
0 51 0.000000
0 52 0.000000
0 53 0.000000
0 54 0.000000
0 55 0.000000
0 56 0.000000
0 57 0.000000
0 58 0.000000
0 59 0.000000
0 60 0.000000
0 61 0.000000
0 62 0.000000
0 63 0.000000
0 64 0.000000
0 65 0.000000
0 66 0.000000
0 67 0.000000
0 68 0.000000
0 69 0.000000
0 70 0.000000
0 71 0.000000
0 72 0.000000
0 73 0.000000
0 74 0.000000
0 75 0.000000
0 76 0.000000
0 77 0.000000
0 78 0.000000
0 79 0.000000
0 80 0.000000
0 81 0.000000
0 82 0.000000
0 83 0.000000
0 84 0.000000
0 85 0.000000
0 86 0.000000
0 87 0.000000
0 88 0.000000
0 89 0.000000
0 90 0.000000
0 91 0.000000
0 92 0.000000
0 93 0.000000
0 94 0.000000
0 95 0.000000
0 96 0.000000
0 97 0.000000
0 98 0.000000
0 99 0.000000

1 0 0.000000
1 1 0.003485
1 2 0.001966
1 3 0.003011
1 4 0.003873
1 5 0.002082
1 6 0.004789
1 7 0.002247
1 8 0.005014
1 9 0.004156
1 10 0.006104
1 11 0.007839
1 12 0.009131
1 13 0.012092
1 14 0.012008
1 15 0.012850
1 16 0.009506
1 17 0.006113
1 18 0.000469
1 19 -0.002994
1 20 -0.003155
1 21 0.004008
1 22 0.020063
1 23 0.046115
1 24 0.080547
1 25 0.119868
1 26 0.158655
1 27 0.190764
1 28 0.210398
1 29 0.213337
1 30 0.197762
1 31 0.164613
1 32 0.117358
1 33 0.061312
1 34 0.002650
1 35 -0.052618
1 36 -0.099535
1 37 -0.134767
1 38 -0.156843
1 39 -0.166022
1 40 -0.163960
1 41 -0.153192
1 42 -0.136648
1 43 -0.117188
1 44 -0.097318
1 45 -0.079002
1 46 -0.063661
1 47 -0.052200
1 48 -0.045156
1 49 -0.042780
1 50 -0.045156
1 51 -0.052201
1 52 -0.063663
1 53 -0.079005
1 54 -0.097321
1 55 -0.117191
1 56 -0.136652
1 57 -0.153197
1 58 -0.163966
1 59 -0.166031
1 60 -0.156856
1 61 -0.134784
1 62 -0.099556
1 63 -0.052643
1 64 0.002621
1 65 0.061282
1 66 0.117329
1 67 0.164587
1 68 0.197740
1 69 0.213318
1 70 0.210381
1 71 0.190745
1 72 0.158635
1 73 0.119834
1 74 0.080530
1 75 0.046057
1 76 0.020091
1 77 0.003897
1 78 -0.002992
1 79 -0.003251
1 80 0.000912
1 81 0.005555
1 82 0.010376
1 83 0.011896
1 84 0.013253
1 85 0.010964
1 86 0.010235
1 87 0.007232
1 88 0.006156
1 89 0.004911
1 90 0.003356
1 91 0.004449
1 92 0.001987
1 93 0.004441
1 94 0.002019
1 95 0.003707
1 96 0.002986
1 97 0.002071
1 98 0.003504
1 99 0.000000

2 0 0.000000
2 1 0.001966
2 2 -0.000928
2 3 0.001269
2 4 -0.002036
2 5 -0.001759
2 6 -0.003216
2 7 -0.005249
2 8 -0.004874
2 9 -0.007415
2 10 -0.006077
2 11 -0.006819
2 12 -0.004733
2 13 -0.003179
2 14 -0.001792
2 15 -0.001737
2 16 -0.005758
2 17 -0.013442
2 18 -0.026570
2 19 -0.042155
2 20 -0.057998
2 21 -0.068494
2 22 -0.068967
2 23 -0.054717
2 24 -0.023818
2 25 0.022805
2 26 0.080667
2 27 0.142577
2 28 0.199822
2 29 0.243905
2 30 0.268179
2 31 0.269056
2 32 0.246563
2 33 0.204102
2 34 0.147637
2 35 0.084449
2 36 0.021868
2 37 -0.033879
2 38 -0.078375
2 39 -0.109369
2 40 -0.126640
2 41 -0.131647
2 42 -0.126923
2 43 -0.115549
2 44 -0.100598
2 45 -0.084837
2 46 -0.070476
2 47 -0.059164
2 48 -0.051970
2 49 -0.049513
2 50 -0.051972
2 51 -0.059169
2 52 -0.070483
2 53 -0.084847
2 54 -0.100609
2 55 -0.115563
2 56 -0.126940
2 57 -0.131668
2 58 -0.126666
2 59 -0.109401
2 60 -0.078414
2 61 -0.033926
2 62 0.021813
2 63 0.084387
2 64 0.147570
2 65 0.204032
2 66 0.246493
2 67 0.268986
2 68 0.268107
2 69 0.243828
2 70 0.199736
2 71 0.142473
2 72 0.080550
2 73 0.022657
2 74 -0.023960
2 75 -0.054912
2 76 -0.069090
2 77 -0.068754
2 78 -0.058032
2 79 -0.042534
2 80 -0.026450
2 81 -0.013981
2 82 -0.005496
2 83 -0.002307
2 84 -0.001637
2 85 -0.003395
2 86 -0.005203
2 87 -0.006242
2 88 -0.007535
2 89 -0.006116
2 90 -0.006911
2 91 -0.004319
2 92 -0.004573
2 93 -0.002800
2 94 -0.001468
2 95 -0.001819
2 96 0.001199
2 97 -0.000749
2 98 0.002073
2 99 0.000000

3 0 0.000000
3 1 0.003011
3 2 0.001269
3 3 0.002417
3 4 0.001841
3 5 0.000627
3 6 0.001804
3 7 -0.000729
3 8 0.001121
3 9 -0.000605
3 10 0.001036
3 11 0.001900
3 12 0.003783
3 13 0.007193
3 14 0.008701
3 15 0.010762
3 16 0.007660
3 17 0.002100
3 18 -0.009560
3 19 -0.023234
3 20 -0.037603
3 21 -0.046487
3 22 -0.045356
3 23 -0.029097
3 24 0.004267
3 25 0.053835
3 26 0.114746
3 27 0.179178
3 28 0.237526
3 29 0.280380
3 30 0.300330
3 31 0.293439
3 32 0.259871
3 33 0.203732
3 34 0.132104
3 35 0.053671
3 36 -0.022849
3 37 -0.090000
3 38 -0.142556
3 39 -0.177865
3 40 -0.195823
3 41 -0.198336
3 42 -0.188718
3 43 -0.170903
3 44 -0.148899
3 45 -0.126253
3 46 -0.105889
3 47 -0.089929
3 48 -0.079829
3 49 -0.076369
3 50 -0.079830
3 51 -0.089931
3 52 -0.105892
3 53 -0.126257
3 54 -0.148904
3 55 -0.170909
3 56 -0.188725
3 57 -0.198345
3 58 -0.195837
3 59 -0.177883
3 60 -0.142579
3 61 -0.090028
3 62 -0.022883
3 63 0.053634
3 64 0.132066
3 65 0.203698
3 66 0.259841
3 67 0.293418
3 68 0.300314
3 69 0.280365
3 70 0.237510
3 71 0.179151
3 72 0.114714
3 73 0.053776
3 74 0.004232
3 75 -0.029200
3 76 -0.045341
3 77 -0.046675
3 78 -0.037439
3 79 -0.023620
3 80 -0.009117
3 81 0.001375
3 82 0.008475
3 83 0.009720
3 84 0.009733
3 85 0.006212
3 86 0.004450
3 87 0.001684
3 88 0.000599
3 89 0.000495
3 90 -0.000607
3 91 0.001277
3 92 -0.000369
3 93 0.001932
3 94 0.000765
3 95 0.001773
3 96 0.002215
3 97 0.001168
3 98 0.002977
3 99 0.000000

4 0 0.000000
4 1 0.003873
4 2 -0.002036
4 3 0.001841
4 4 -0.002958
4 5 -0.002529
4 6 -0.003506
4 7 -0.006667
4 8 -0.004828
4 9 -0.008639
4 10 -0.006070
4 11 -0.007530
4 12 -0.005245
4 13 -0.004173
4 14 -0.003842
4 15 -0.004756
4 16 -0.010889
4 17 -0.020356
4 18 -0.036019
4 19 -0.053321
4 20 -0.070131
4 21 -0.079167
4 22 -0.074914
4 23 -0.051288
4 24 -0.005845
4 25 0.060429
4 26 0.141806
4 27 0.228866
4 28 0.309843
4 29 0.372891
4 30 0.408324
4 31 0.410416
4 32 0.378399
4 33 0.316369
4 34 0.232368
4 35 0.136716
4 36 0.040241
4 37 -0.047476
4 38 -0.119254
4 39 -0.171028
4 40 -0.201779
4 41 -0.213176
4 42 -0.208715
4 43 -0.192976
4 44 -0.170730
4 45 -0.146456
4 46 -0.123853
4 47 -0.105798
4 48 -0.094207
4 49 -0.090236
4 50 -0.094212
4 51 -0.105808
4 52 -0.123868
4 53 -0.146477
4 54 -0.170755
4 55 -0.193008
4 56 -0.208752
4 57 -0.213221
4 58 -0.201833
4 59 -0.171093
4 60 -0.119330
4 61 -0.047564
4 62 0.040142
4 63 0.136607
4 64 0.232255
4 65 0.316253
4 66 0.378285
4 67 0.410304
4 68 0.408214
4 69 0.372776
4 70 0.309722
4 71 0.228724
4 72 0.141655
4 73 0.060239
4 74 -0.006012
4 75 -0.051545
4 76 -0.075043
4 77 -0.079540
4 78 -0.070126
4 79 -0.053929
4 80 -0.035786
4 81 -0.021303
4 82 -0.010457
4 83 -0.005885
4 84 -0.003607
4 85 -0.004846
4 86 -0.006048
4 87 -0.006883
4 88 -0.008574
4 89 -0.006483
4 90 -0.008383
4 91 -0.004446
4 92 -0.005896
4 93 -0.002990
4 94 -0.002028
4 95 -0.002621
4 96 0.001728
4 97 -0.001897
4 98 0.003672
4 99 0.000000

5 0 0.000000
5 1 0.002082
5 2 -0.001759
5 3 0.000627
5 4 -0.002529
5 5 -0.002500
5 6 -0.002884
5 7 -0.005417
5 8 -0.003758
5 9 -0.006459
5 10 -0.004357
5 11 -0.004896
5 12 -0.003413
5 13 -0.002250
5 14 -0.003307
5 15 -0.005081
5 16 -0.012971
5 17 -0.023747
5 18 -0.041073
5 19 -0.059717
5 20 -0.078036
5 21 -0.088452
5 22 -0.085573
5 23 -0.062942
5 24 -0.017813
5 25 0.049323
5 26 0.133052
5 27 0.224076
5 28 0.310328
5 29 0.379316
5 30 0.420369
5 31 0.426722
5 32 0.396641
5 33 0.333659
5 34 0.245659
5 35 0.143375
5 36 0.038382
5 37 -0.058653
5 38 -0.139510
5 39 -0.199116
5 40 -0.235833
5 41 -0.250937
5 42 -0.248001
5 43 -0.231845
5 44 -0.207816
5 45 -0.180931
5 46 -0.155576
5 47 -0.135096
5 48 -0.121906
5 49 -0.117345
5 50 -0.121910
5 51 -0.135103
5 52 -0.155586
5 53 -0.180945
5 54 -0.207834
5 55 -0.231866
5 56 -0.248027
5 57 -0.250968
5 58 -0.235873
5 59 -0.199164
5 60 -0.139568
5 61 -0.058720
5 62 0.038306
5 63 0.143294
5 64 0.245576
5 65 0.333580
5 66 0.396567
5 67 0.426656
5 68 0.420307
5 69 0.379256
5 70 0.310265
5 71 0.224000
5 72 0.132975
5 73 0.049211
5 74 -0.017887
5 75 -0.063112
5 76 -0.085581
5 77 -0.088746
5 78 -0.077866
5 79 -0.060277
5 80 -0.040598
5 81 -0.024721
5 82 -0.012180
5 83 -0.006375
5 84 -0.002548
5 85 -0.003273
5 86 -0.003484
5 87 -0.004787
5 88 -0.005951
5 89 -0.004915
5 90 -0.006394
5 91 -0.003481
5 92 -0.004705
5 93 -0.002295
5 94 -0.001887
5 95 -0.002059
5 96 0.000692
5 97 -0.001577
5 98 0.001962
5 99 0.000000

6 0 0.000000
6 1 0.004789
6 2 -0.003216
6 3 0.001804
6 4 -0.003506
6 5 -0.002884
6 6 -0.002967
6 7 -0.006571
6 8 -0.003249
6 9 -0.007523
6 10 -0.003912
6 11 -0.006058
6 12 -0.004541
6 13 -0.005379
6 14 -0.007982
6 15 -0.011761
6 16 -0.020923
6 17 -0.031686
6 18 -0.047242
6 19 -0.061874
6 20 -0.074238
6 21 -0.077040
6 22 -0.065712
6 23 -0.034446
6 24 0.018857
6 25 0.093381
6 26 0.183601
6 27 0.280245
6 28 0.371285
6 29 0.444085
6 30 0.487679
6 31 0.494793
6 32 0.463223
6 33 0.396090
6 34 0.301240
6 35 0.189639
6 36 0.073557
6 37 -0.035501
6 38 -0.128238
6 39 -0.198697
6 40 -0.244413
6 41 -0.266287
6 42 -0.267688
6 43 -0.253707
6 44 -0.230021
6 45 -0.202308
6 46 -0.175465
6 47 -0.153504
6 48 -0.139191
6 49 -0.134258
6 50 -0.139197
6 51 -0.153517
6 52 -0.175483
6 53 -0.202332
6 54 -0.230052
6 55 -0.253746
6 56 -0.267734
6 57 -0.266344
6 58 -0.244480
6 59 -0.198778
6 60 -0.128331
6 61 -0.035608
6 62 0.073439
6 63 0.189511
6 64 0.301108
6 65 0.395955
6 66 0.463090
6 67 0.494660
6 68 0.487547
6 69 0.443945
6 70 0.371139
6 71 0.280077
6 72 0.183429
6 73 0.093161
6 74 0.018676
6 75 -0.034750
6 76 -0.065839
6 77 -0.077507
6 78 -0.074193
6 79 -0.062651
6 80 -0.046893
6 81 -0.032906
6 82 -0.020306
6 83 -0.013249
6 84 -0.007596
6 85 -0.006325
6 86 -0.005451
6 87 -0.005306
6 88 -0.007037
6 89 -0.004759
6 90 -0.007856
6 91 -0.003456
6 92 -0.006154
6 93 -0.002655
6 94 -0.002340
6 95 -0.003053
6 96 0.001842
6 97 -0.002925
6 98 0.004372
6 99 0.000000

7 0 0.000000
7 1 0.002247
7 2 -0.005249
7 3 -0.000729
7 4 -0.006667
7 5 -0.005417
7 6 -0.006571
7 7 -0.009295
7 8 -0.006880
7 9 -0.010769
7 10 -0.008199
7 11 -0.011145
7 12 -0.011843
7 13 -0.015201
7 14 -0.021438
7 15 -0.028620
7 16 -0.041031
7 17 -0.053481
7 18 -0.069112
7 19 -0.081553
7 20 -0.090038
7 21 -0.087716
7 22 -0.071125
7 23 -0.035234
7 24 0.021371
7 25 0.097809
7 26 0.188851
7 27 0.285928
7 28 0.377687
7 29 0.452032
7 30 0.498055
7 31 0.508174
7 32 0.479434
7 33 0.414164
7 34 0.319397
7 35 0.205716
7 36 0.085279
7 37 -0.029953
7 38 -0.130074
7 39 -0.208185
7 40 -0.261082
7 41 -0.288895
7 42 -0.294698
7 43 -0.283362
7 44 -0.260844
7 45 -0.233064
7 46 -0.205520
7 47 -0.182577
7 48 -0.167545
7 49 -0.162295
7 50 -0.167551
7 51 -0.182589
7 52 -0.205537
7 53 -0.233087
7 54 -0.260874
7 55 -0.283398
7 56 -0.294744
7 57 -0.288950
7 58 -0.261149
7 59 -0.208263
7 60 -0.130167
7 61 -0.030057
7 62 0.085163
7 63 0.205594
7 64 0.319268
7 65 0.414036
7 66 0.479304
7 67 0.508046
7 68 0.497923
7 69 0.451894
7 70 0.377539
7 71 0.285758
7 72 0.188679
7 73 0.097584
7 74 0.021191
7 75 -0.035556
7 76 -0.071249
7 77 -0.088227
7 78 -0.089975
7 79 -0.082410
7 80 -0.068705
7 81 -0.054822
7 82 -0.040292
7 83 -0.030278
7 84 -0.020863
7 85 -0.016359
7 86 -0.012488
7 87 -0.010655
7 88 -0.010936
7 89 -0.008468
7 90 -0.010869
7 91 -0.007043
7 92 -0.008880
7 93 -0.006178
7 94 -0.004774
7 95 -0.005969
7 96 -0.000457
7 97 -0.004690
7 98 0.001921
7 99 0.000000

8 0 0.000000
8 1 0.005014
8 2 -0.004874
8 3 0.001121
8 4 -0.004828
8 5 -0.003758
8 6 -0.003249
8 7 -0.006880
8 8 -0.002399
8 9 -0.007361
8 10 -0.003726
8 11 -0.008117
8 12 -0.009616
8 13 -0.015059
8 14 -0.023180
8 15 -0.031796
8 16 -0.044359
8 17 -0.054690
8 18 -0.065733
8 19 -0.070890
8 20 -0.070319
8 21 -0.058232
8 22 -0.032820
8 23 0.009592
8 24 0.069423
8 25 0.145583
8 26 0.233408
8 27 0.325461
8 28 0.411839
8 29 0.481677
8 30 0.524923
8 31 0.534101
8 32 0.505867
8 33 0.441596
8 34 0.347370
8 35 0.232802
8 36 0.109626
8 37 -0.010362
8 38 -0.116775
8 39 -0.202150
8 40 -0.262354
8 41 -0.296893
8 42 -0.308140
8 43 -0.300819
8 44 -0.280726
8 45 -0.254164
8 46 -0.226846
8 47 -0.203735
8 48 -0.188355
8 49 -0.183016
8 50 -0.188361
8 51 -0.203747
8 52 -0.226863
8 53 -0.254189
8 54 -0.280756
8 55 -0.300858
8 56 -0.308187
8 57 -0.296952
8 58 -0.262422
8 59 -0.202234
8 60 -0.116869
8 61 -0.010472
8 62 0.109508
8 63 0.232675
8 64 0.347239
8 65 0.441459
8 66 0.505730
8 67 0.533957
8 68 0.524774
8 69 0.481513
8 70 0.411667
8 71 0.325260
8 72 0.233208
8 73 0.145320
8 74 0.069212
8 75 0.009215
8 76 -0.032979
8 77 -0.058829
8 78 -0.070285
8 79 -0.071864
8 80 -0.065328
8 81 -0.056165
8 82 -0.043595
8 83 -0.033552
8 84 -0.022626
8 85 -0.016135
8 86 -0.010521
8 87 -0.007090
8 88 -0.007231
8 89 -0.003889
8 90 -0.007758
8 91 -0.003143
8 92 -0.007067
8 93 -0.003499
8 94 -0.003567
8 95 -0.004517
8 96 0.001203
8 97 -0.004409
8 98 0.004419
8 99 0.000000

9 0 0.000000
9 1 0.004156
9 2 -0.007415
9 3 -0.000605
9 4 -0.008639
9 5 -0.006459
9 6 -0.007523
9 7 -0.010769
9 8 -0.007361
9 9 -0.013236
9 10 -0.011314
9 11 -0.018096
9 12 -0.022708
9 13 -0.031527
9 14 -0.043058
9 15 -0.053915
9 16 -0.067145
9 17 -0.075351
9 18 -0.081495
9 19 -0.078833
9 20 -0.068664
9 21 -0.046421
9 22 -0.012174
9 23 0.036303
9 24 0.098303
9 25 0.172629
9 26 0.255264
9 27 0.340269
9 28 0.419451
9 29 0.483668
9 30 0.523924
9 31 0.533180
9 32 0.507571
9 33 0.447511
9 34 0.357627
9 35 0.246342
9 36 0.124312
9 37 0.003030
9 38 -0.107145
9 39 -0.198043
9 40 -0.264862
9 41 -0.306062
9 42 -0.323431
9 43 -0.320998
9 44 -0.304532
9 45 -0.280191
9 46 -0.254142
9 47 -0.231487
9 48 -0.216305
9 49 -0.210930
9 50 -0.216314
9 51 -0.231503
9 52 -0.254168
9 53 -0.280224
9 54 -0.304577
9 55 -0.321051
9 56 -0.323498
9 57 -0.306140
9 58 -0.264958
9 59 -0.198152
9 60 -0.107273
9 61 0.002890
9 62 0.124157
9 63 0.246179
9 64 0.357452
9 65 0.447330
9 66 0.507379
9 67 0.532979
9 68 0.523706
9 69 0.483432
9 70 0.419198
9 71 0.339984
9 72 0.254975
9 73 0.172268
9 74 0.097995
9 75 0.035805
9 76 -0.012438
9 77 -0.047173
9 78 -0.068738
9 79 -0.080006
9 80 -0.081181
9 81 -0.077064
9 82 -0.066438
9 83 -0.055939
9 84 -0.042544
9 85 -0.032868
9 86 -0.023692
9 87 -0.017264
9 88 -0.014958
9 89 -0.009977
9 90 -0.012747
9 91 -0.007767
9 92 -0.010901
9 93 -0.007900
9 94 -0.006477
9 95 -0.008436
9 96 -0.000657
9 97 -0.006949
9 98 0.003389
9 99 0.000000

10 0 0.000000
10 1 0.006104
10 2 -0.006077
10 3 0.001036
10 4 -0.006070
10 5 -0.004357
10 6 -0.003912
10 7 -0.008199
10 8 -0.003726
10 9 -0.011314
10 10 -0.009915
10 11 -0.019058
10 12 -0.025647
10 13 -0.036692
10 14 -0.049681
10 15 -0.060467
10 16 -0.071619
10 17 -0.074942
10 18 -0.073639
10 19 -0.061215
10 20 -0.040312
10 21 -0.007818
10 22 0.034303
10 23 0.086787
10 24 0.147986
10 25 0.216706
10 26 0.289936
10 27 0.363457
10 28 0.431282
10 29 0.486228
10 30 0.520843
10 31 0.528581
10 32 0.505327
10 33 0.450247
10 34 0.366509
10 35 0.260752
10 36 0.142442
10 37 0.022108
10 38 -0.089889
10 39 -0.185180
10 40 -0.257991
10 41 -0.306054
10 42 -0.330046
10 43 -0.333543
10 44 -0.321678
10 45 -0.300749
10 46 -0.276796
10 47 -0.255444
10 48 -0.240789
10 49 -0.235654
10 50 -0.240795
10 51 -0.255457
10 52 -0.276815
10 53 -0.300777
10 54 -0.321712
10 55 -0.333589
10 56 -0.330101
10 57 -0.306123
10 58 -0.258072
10 59 -0.185278
10 60 -0.089998
10 61 0.021983
10 62 0.142309
10 63 0.260607
10 64 0.366359
10 65 0.450085
10 66 0.505158
10 67 0.528394
10 68 0.520645
10 69 0.486006
10 70 0.431050
10 71 0.363189
10 72 0.289675
10 73 0.216367
10 74 0.147718
10 75 0.086312
10 76 0.034095
10 77 -0.008553
10 78 -0.040304
10 79 -0.062381
10 80 -0.073203
10 81 -0.076652
10 82 -0.070738
10 83 -0.062466
10 84 -0.048980
10 85 -0.037916
10 86 -0.026580
10 87 -0.017814
10 88 -0.013890
10 89 -0.007106
10 90 -0.009978
10 91 -0.003882
10 92 -0.008468
10 93 -0.004749
10 94 -0.004929
10 95 -0.006452
10 96 0.000528
10 97 -0.006039
10 98 0.005056
10 99 0.000000

11 0 0.000000
11 1 0.007839
11 2 -0.006819
11 3 0.001900
11 4 -0.007530
11 5 -0.004896
11 6 -0.006058
11 7 -0.011145
11 8 -0.008117
11 9 -0.018096
11 10 -0.019058
11 11 -0.031224
11 12 -0.040495
11 13 -0.053474
11 14 -0.067134
11 15 -0.076359
11 16 -0.083623
11 17 -0.080155
11 18 -0.069755
11 19 -0.046403
11 20 -0.014269
11 21 0.028332
11 22 0.077566
11 23 0.132898
11 24 0.191813
11 25 0.253369
11 26 0.315567
11 27 0.376156
11 28 0.431323
11 29 0.476154
11 30 0.504689
11 31 0.511212
11 32 0.491188
11 33 0.442766
11 34 0.367244
11 35 0.269577
11 36 0.157435
11 37 0.040479
11 38 -0.071550
11 39 -0.169816
11 40 -0.248079
11 41 -0.302833
11 42 -0.334037
11 43 -0.344138
11 44 -0.338009
11 45 -0.321374
11 46 -0.300589
11 47 -0.281113
11 48 -0.267599
11 49 -0.262709
11 50 -0.267611
11 51 -0.281134
11 52 -0.300623
11 53 -0.321419
11 54 -0.338070
11 55 -0.344212
11 56 -0.334130
11 57 -0.302942
11 58 -0.248210
11 59 -0.169964
11 60 -0.071720
11 61 0.040295
11 62 0.157230
11 63 0.269361
11 64 0.367008
11 65 0.442517
11 66 0.490916
11 67 0.510921
11 68 0.504370
11 69 0.475809
11 70 0.430955
11 71 0.375751
11 72 0.315162
11 73 0.252881
11 74 0.191399
11 75 0.132260
11 76 0.077215
11 77 0.027413
11 78 -0.014395
11 79 -0.047780
11 80 -0.069436
11 81 -0.082108
11 82 -0.082836
11 83 -0.078632
11 84 -0.066525
11 85 -0.054990
11 86 -0.041629
11 87 -0.030213
11 88 -0.023499
11 89 -0.013997
11 90 -0.015032
11 91 -0.007243
11 92 -0.010902
11 93 -0.006929
11 94 -0.005824
11 95 -0.008377
11 96 0.000798
11 97 -0.007263
11 98 0.006441
11 99 0.000000

12 0 0.000000
12 1 0.009131
12 2 -0.004733
12 3 0.003783
12 4 -0.005245
12 5 -0.003413
12 6 -0.004541
12 7 -0.011843
12 8 -0.009616
12 9 -0.022708
12 10 -0.025647
12 11 -0.040495
12 12 -0.051346
12 13 -0.064692
12 14 -0.076949
12 15 -0.082368
12 16 -0.083601
12 17 -0.071752
12 18 -0.051476
12 19 -0.017490
12 20 0.024572
12 21 0.075059
12 22 0.128646
12 23 0.183773
12 24 0.237474
12 25 0.289147
12 26 0.338065
12 27 0.383809
12 28 0.424917
12 29 0.458529
12 30 0.480440
12 31 0.485549
12 32 0.469239
12 33 0.428335
12 34 0.362567
12 35 0.274691
12 36 0.170811
12 37 0.059044
12 38 -0.051215
12 39 -0.151348
12 40 -0.234182
12 41 -0.295579
12 42 -0.334094
12 43 -0.351587
12 44 -0.351850
12 45 -0.340587
12 46 -0.323623
12 47 -0.306881
12 48 -0.294748
12 49 -0.290441
12 50 -0.294757
12 51 -0.306901
12 52 -0.323651
12 53 -0.340629
12 54 -0.351901
12 55 -0.351656
12 56 -0.334176
12 57 -0.295681
12 58 -0.234299
12 59 -0.151487
12 60 -0.051367
12 61 0.058871
12 62 0.170628
12 63 0.274489
12 64 0.362356
12 65 0.428101
12 66 0.468990
12 67 0.485271
12 68 0.480145
12 69 0.458201
12 70 0.424579
12 71 0.383430
12 72 0.337705
12 73 0.288700
12 74 0.237128
12 75 0.183191
12 76 0.128396
12 77 0.074211
12 78 0.024589
12 79 -0.018789
12 80 -0.050971
12 81 -0.073627
12 82 -0.082585
12 83 -0.084570
12 84 -0.076099
12 85 -0.066138
12 86 -0.052365
12 87 -0.039311
12 88 -0.030391
12 89 -0.018088
12 90 -0.017453
12 91 -0.007136
12 92 -0.010568
12 93 -0.005037
12 94 -0.004424
12 95 -0.006418
12 96 0.002156
12 97 -0.005692
12 98 0.007655
12 99 0.000000

13 0 0.000000
13 1 0.012092
13 2 -0.003179
13 3 0.007193
13 4 -0.004173
13 5 -0.002250
13 6 -0.005379
13 7 -0.015201
13 8 -0.015059
13 9 -0.031527
13 10 -0.036692
13 11 -0.053474
13 12 -0.064692
13 13 -0.076411
13 14 -0.084932
13 15 -0.084067
13 16 -0.077104
13 17 -0.055365
13 18 -0.024671
13 19 0.019461
13 20 0.069973
13 21 0.126228
13 22 0.181702
13 23 0.234315
13 24 0.280826
13 25 0.321294
13 26 0.356090
13 27 0.386724
13 28 0.413695
13 29 0.436314
13 30 0.451763
13 31 0.455885
13 32 0.443686
13 33 0.411145
13 34 0.356034
13 35 0.279373
13 36 0.185095
13 37 0.080191
13 38 -0.027064
13 39 -0.127782
13 40 -0.214658
13 41 -0.282237
13 42 -0.328419
13 43 -0.353593
13 44 -0.361189
13 45 -0.355899
13 46 -0.343770
13 47 -0.330177
13 48 -0.320081
13 49 -0.316269
13 50 -0.320097
13 51 -0.330207
13 52 -0.343818
13 53 -0.355961
13 54 -0.361274
13 55 -0.353694
13 56 -0.328547
13 57 -0.282383
13 58 -0.214833
13 59 -0.127976
13 60 -0.027286
13 61 0.079954
13 62 0.184832
13 63 0.279097
13 64 0.355730
13 65 0.410824
13 66 0.443333
13 67 0.455508
13 68 0.451353
13 69 0.435878
13 70 0.413239
13 71 0.386234
13 72 0.355616
13 73 0.320736
13 74 0.280377
13 75 0.233623
13 76 0.181368
13 77 0.125267
13 78 0.069929
13 79 0.018035
13 80 -0.024215
13 81 -0.057405
13 82 -0.076144
13 83 -0.086502
13 84 -0.084174
13 85 -0.078185
13 86 -0.065955
13 87 -0.052661
13 88 -0.042092
13 89 -0.027124
13 90 -0.024088
13 91 -0.010678
13 92 -0.012402
13 93 -0.005038
13 94 -0.002884
13 95 -0.005304
13 96 0.005220
13 97 -0.004388
13 98 0.010708
13 99 0.000000

14 0 0.000000
14 1 0.012008
14 2 -0.001792
14 3 0.008701
14 4 -0.003842
14 5 -0.003307
14 6 -0.007982
14 7 -0.021438
14 8 -0.023180
14 9 -0.043058
14 10 -0.049681
14 11 -0.067134
14 12 -0.076949
14 13 -0.084932
14 14 -0.087577
14 15 -0.078633
14 16 -0.062343
14 17 -0.030608
14 18 0.009521
14 19 0.061681
14 20 0.117742
14 21 0.176376
14 22 0.230462
14 23 0.277697
14 24 0.315032
14 25 0.343115
14 26 0.363553
14 27 0.379315
14 28 0.392858
14 29 0.405092
14 30 0.414779
14 31 0.418266
14 32 0.410688
14 33 0.386810
14 34 0.343105
14 35 0.278343
14 36 0.194914
14 37 0.097907
14 38 -0.004919
14 39 -0.105351
14 40 -0.195244
14 41 -0.268800
14 42 -0.322343
14 43 -0.355731
14 44 -0.370923
14 45 -0.372533
14 46 -0.365628
14 47 -0.356030
14 48 -0.348057
14 49 -0.345158
14 50 -0.348072
14 51 -0.356062
14 52 -0.365674
14 53 -0.372600
14 54 -0.371006
14 55 -0.355838
14 56 -0.322468
14 57 -0.268953
14 58 -0.195415
14 59 -0.105551
14 60 -0.005132
14 61 0.097666
14 62 0.194664
14 63 0.278068
14 64 0.342819
14 65 0.386495
14 66 0.410358
14 67 0.417903
14 68 0.414402
14 69 0.404682
14 70 0.392450
14 71 0.378869
14 72 0.363147
14 73 0.342618
14 74 0.314676
14 75 0.277081
14 76 0.230247
14 77 0.175494
14 78 0.117835
14 79 0.060315
14 80 0.010107
14 81 -0.032646
14 82 -0.061293
14 83 -0.081169
14 84 -0.086803
14 85 -0.086948
14 86 -0.078366
14 87 -0.066634
14 88 -0.055670
14 89 -0.038706
14 90 -0.033489
14 91 -0.016471
14 92 -0.016382
14 93 -0.005894
14 94 -0.002587
14 95 -0.003988
14 96 0.007143
14 97 -0.002500
14 98 0.011298
14 99 0.000000

15 0 0.000000
15 1 0.012850
15 2 -0.001737
15 3 0.010762
15 4 -0.004756
15 5 -0.005081
15 6 -0.011761
15 7 -0.028620
15 8 -0.031796
15 9 -0.053915
15 10 -0.060467
15 11 -0.076359
15 12 -0.082368
15 13 -0.084067
15 14 -0.078633
15 15 -0.060023
15 16 -0.033773
15 17 0.007495
15 18 0.055441
15 19 0.113096
15 20 0.171511
15 21 0.229241
15 22 0.278909
15 23 0.318563
15 24 0.345397
15 25 0.360913
15 26 0.367527
15 27 0.369665
15 28 0.371036
15 29 0.374216
15 30 0.378910
15 31 0.382397
15 32 0.379481
15 33 0.364481
15 34 0.332104
15 35 0.279736
15 36 0.207512
15 37 0.119433
15 38 0.021735
15 39 -0.077231
15 40 -0.169645
15 41 -0.248396
15 42 -0.309426
15 43 -0.350860
15 44 -0.374364
15 45 -0.383090
15 46 -0.382330
15 47 -0.376890
15 48 -0.371736
15 49 -0.369520
15 50 -0.371756
15 51 -0.376929
15 52 -0.382392
15 53 -0.383170
15 54 -0.374472
15 55 -0.350987
15 56 -0.309585
15 57 -0.248574
15 58 -0.169855
15 59 -0.077457
15 60 0.021478
15 61 0.119166
15 62 0.207219
15 63 0.279435
15 64 0.331776
15 65 0.364142
15 66 0.379113
15 67 0.382015
15 68 0.378502
15 69 0.373796
15 70 0.370610
15 71 0.369217
15 72 0.367115
15 73 0.360416
15 74 0.345042
15 75 0.317937
15 76 0.278695
15 77 0.228318
15 78 0.171583
15 79 0.111622
15 80 0.055946
15 81 0.005238
15 82 -0.032906
15 83 -0.062942
15 84 -0.078161
15 85 -0.086656
15 86 -0.084228
15 87 -0.076519
15 88 -0.067205
15 89 -0.049884
15 90 -0.043365
15 91 -0.023236
15 92 -0.021204
15 93 -0.007443
15 94 -0.002161
15 95 -0.003039
15 96 0.010452
15 97 -0.001064
15 98 0.013184
15 99 0.000000

16 0 0.000000
16 1 0.009506
16 2 -0.005758
16 3 0.007660
16 4 -0.010889
16 5 -0.012971
16 6 -0.020923
16 7 -0.041031
16 8 -0.044359
16 9 -0.067145
16 10 -0.071619
16 11 -0.083623
16 12 -0.083601
16 13 -0.077104
16 14 -0.062343
16 15 -0.033773
16 16 0.001692
16 17 0.050599
16 18 0.103575
16 19 0.163217
16 20 0.220309
16 21 0.273595
16 22 0.316062
16 23 0.346233
16 24 0.361939
16 25 0.365213
16 26 0.359363
16 27 0.349534
16 28 0.340698
16 29 0.336270
16 30 0.337197
16 31 0.341040
16 32 0.343020
16 33 0.336480
16 34 0.315399
16 35 0.275111
16 36 0.214563
16 37 0.135665
16 38 0.044149
16 39 -0.052795
16 40 -0.146596
16 41 -0.230269
16 42 -0.298082
16 43 -0.347887
16 44 -0.379522
16 45 -0.396148
16 46 -0.401577
16 47 -0.401130
16 48 -0.398659
16 49 -0.397657
16 50 -0.398678
16 51 -0.401171
16 52 -0.401635
16 53 -0.396232
16 54 -0.379623
16 55 -0.348019
16 56 -0.298230
16 57 -0.230449
16 58 -0.146790
16 59 -0.053019
16 60 0.043919
16 61 0.135410
16 62 0.214305
16 63 0.274831
16 64 0.315117
16 65 0.336172
16 66 0.342707
16 67 0.340699
16 68 0.336856
16 69 0.335901
16 70 0.340344
16 71 0.349138
16 72 0.359020
16 73 0.364754
16 74 0.361635
16 75 0.345604
16 76 0.315856
16 77 0.272595
16 78 0.220316
16 79 0.161554
16 80 0.103901
16 81 0.047998
16 82 0.002233
16 83 -0.037223
16 84 -0.062319
16 85 -0.080397
16 86 -0.085962
16 87 -0.084489
16 88 -0.078967
16 89 -0.063265
16 90 -0.056895
16 91 -0.034561
16 92 -0.031244
16 93 -0.013832
16 94 -0.006879
16 95 -0.006220
16 96 0.009656
16 97 -0.002621
16 98 0.011173
16 99 0.000000

17 0 0.000000
17 1 0.006113
17 2 -0.013442
17 3 0.002100
17 4 -0.020356
17 5 -0.023747
17 6 -0.031686
17 7 -0.053481
17 8 -0.054690
17 9 -0.075351
17 10 -0.074942
17 11 -0.080155
17 12 -0.071752
17 13 -0.055365
17 14 -0.030608
17 15 0.007495
17 16 0.050599
17 17 0.104625
17 18 0.159352
17 19 0.217425
17 20 0.269642
17 21 0.315529
17 22 0.348579
17 23 0.368265
17 24 0.372824
17 25 0.365036
17 26 0.348433
17 27 0.328937
17 28 0.311866
17 29 0.301698
17 30 0.299760
17 31 0.304555
17 32 0.311035
17 33 0.312664
17 34 0.301995
17 35 0.273601
17 36 0.224268
17 37 0.155099
17 38 0.069954
17 39 -0.023860
17 40 -0.118664
17 41 -0.206179
17 42 -0.280758
17 43 -0.338300
17 44 -0.378598
17 45 -0.402896
17 46 -0.415353
17 47 -0.419738
17 48 -0.420703
17 49 -0.420487
17 50 -0.420722
17 51 -0.419773
17 52 -0.415411
17 53 -0.402969
17 54 -0.378698
17 55 -0.338413
17 56 -0.280902
17 57 -0.206333
17 58 -0.118847
17 59 -0.024047
17 60 0.069743
17 61 0.154891
17 62 0.224038
17 63 0.273377
17 64 0.301747
17 65 0.312416
17 66 0.310760
17 67 0.304276
17 68 0.299456
17 69 0.301383
17 70 0.311538
17 71 0.328569
17 72 0.348083
17 73 0.364553
17 74 0.372457
17 75 0.367528
17 76 0.348230
17 77 0.314305
17 78 0.269397
17 79 0.215395
17 80 0.159297
17 81 0.101509
17 82 0.050646
17 83 0.003410
17 84 -0.031098
17 85 -0.059330
17 86 -0.074464
17 87 -0.081502
17 88 -0.082415
17 89 -0.071158
17 90 -0.067427
17 91 -0.045112
17 92 -0.042190
17 93 -0.022108
17 94 -0.014211
17 95 -0.012324
17 96 0.007029
17 97 -0.007238
17 98 0.008901
17 99 0.000000

18 0 0.000000
18 1 0.000469
18 2 -0.026570
18 3 -0.009560
18 4 -0.036019
18 5 -0.041073
18 6 -0.047242
18 7 -0.069112
18 8 -0.065733
18 9 -0.081495
18 10 -0.073639
18 11 -0.069755
18 12 -0.051476
18 13 -0.024671
18 14 0.009521
18 15 0.055441
18 16 0.103575
18 17 0.159352
18 18 0.212212
18 19 0.265059
18 20 0.309281
18 21 0.345279
18 22 0.367542
18 23 0.376298
18 24 0.370506
18 25 0.353109
18 26 0.328026
18 27 0.301054
18 28 0.278080
18 29 0.263639
18 30 0.260015
18 31 0.265754
18 32 0.276599
18 33 0.285317
18 34 0.284460
18 35 0.266849
18 36 0.228653
18 37 0.168784
18 38 0.090780
18 39 0.000274
18 40 -0.094319
18 41 -0.185464
18 42 -0.265749
18 43 -0.331254
18 44 -0.379585
18 45 -0.412250
18 46 -0.431383
18 47 -0.441452
18 48 -0.445438
18 49 -0.446693
18 50 -0.445452
18 51 -0.441485
18 52 -0.431427
18 53 -0.412318
18 54 -0.379663
18 55 -0.331359
18 56 -0.265862
18 57 -0.185606
18 58 -0.094463
18 59 0.000105
18 60 0.090614
18 61 0.168595
18 62 0.228470
18 63 0.266640
18 64 0.284251
18 65 0.285073
18 66 0.276347
18 67 0.265455
18 68 0.259702
18 69 0.263265
18 70 0.277691
18 71 0.300562
18 72 0.327537
18 73 0.352407
18 74 0.369898
18 75 0.375221
18 76 0.366832
18 77 0.343577
18 78 0.308553
18 79 0.262423
18 80 0.211577
18 81 0.155555
18 82 0.103024
18 83 0.050698
18 84 0.008586
18 85 -0.029130
18 86 -0.054224
18 87 -0.071201
18 88 -0.080639
18 89 -0.076479
18 90 -0.077980
18 91 -0.058227
18 92 -0.057822
18 93 -0.036225
18 94 -0.028681
18 95 -0.025057
18 96 -0.001809
18 97 -0.017413
18 98 0.003536
18 99 0.000000

19 0 0.000000
19 1 -0.002994
19 2 -0.042155
19 3 -0.023234
19 4 -0.053321
19 5 -0.059717
19 6 -0.061874
19 7 -0.081553
19 8 -0.070890
19 9 -0.078833
19 10 -0.061215
19 11 -0.046403
19 12 -0.017490
19 13 0.019461
19 14 0.061681
19 15 0.113096
19 16 0.163217
19 17 0.217425
19 18 0.265059
19 19 0.309803
19 20 0.343703
19 21 0.368489
19 22 0.379444
19 23 0.377897
19 24 0.363005
19 25 0.338150
19 26 0.306797
19 27 0.274924
19 28 0.247940
19 29 0.230989
19 30 0.226236
19 31 0.233269
19 32 0.247608
19 33 0.262783
19 34 0.270256
19 35 0.262846
19 36 0.234691
19 37 0.184356
19 38 0.113182
19 39 0.027032
19 40 -0.067209
19 41 -0.160674
19 42 -0.246665
19 43 -0.319076
19 44 -0.375905
19 45 -0.416254
19 46 -0.442885
19 47 -0.458101
19 48 -0.465968
19 49 -0.468017
19 50 -0.465979
19 51 -0.458121
19 52 -0.442922
19 53 -0.416298
19 54 -0.375972
19 55 -0.319148
19 56 -0.246765
19 57 -0.160775
19 58 -0.067339
19 59 0.026906
19 60 0.113027
19 61 0.184206
19 62 0.234506
19 63 0.262658
19 64 0.270020
19 65 0.262528
19 66 0.247290
19 67 0.232911
19 68 0.225801
19 69 0.230488
19 70 0.247355
19 71 0.274214
19 72 0.306018
19 73 0.337120
19 74 0.362006
19 75 0.376378
19 76 0.378255
19 77 0.366255
19 78 0.342452
19 79 0.306611
19 80 0.263945
19 81 0.213168
19 82 0.162371
19 83 0.108145
19 84 0.060848
19 85 0.015198
19 86 -0.019489
19 87 -0.047120
19 88 -0.066796
19 89 -0.072272
19 90 -0.081828
19 91 -0.067738
19 92 -0.072593
19 93 -0.051537
19 94 -0.046309
19 95 -0.041161
19 96 -0.013849
19 97 -0.031274
19 98 -0.001060
19 99 0.000000

20 0 0.000000
20 1 -0.003155
20 2 -0.057998
20 3 -0.037603
20 4 -0.070131
20 5 -0.078036
20 6 -0.074238
20 7 -0.090038
20 8 -0.070319
20 9 -0.068664
20 10 -0.040312
20 11 -0.014269
20 12 0.024572
20 13 0.069973
20 14 0.117742
20 15 0.171511
20 16 0.220309
20 17 0.269642
20 18 0.309281
20 19 0.343703
20 20 0.366044
20 21 0.379105
20 22 0.379298
20 23 0.368527
20 24 0.346477
20 25 0.316185
20 26 0.281076
20 27 0.246293
20 28 0.217368
20 29 0.198887
20 30 0.193857
20 31 0.201699
20 32 0.219149
20 33 0.239233
20 34 0.254186
20 35 0.255326
20 36 0.236862
20 37 0.195072
20 38 0.131319
20 39 0.049270
20 40 -0.043357
20 41 -0.139150
20 42 -0.229497
20 43 -0.309093
20 44 -0.373364
20 45 -0.422107
20 46 -0.455456
20 47 -0.476760
20 48 -0.487755
20 49 -0.491499
20 50 -0.487767
20 51 -0.476789
20 52 -0.455495
20 53 -0.422171
20 54 -0.373437
20 55 -0.309199
20 56 -0.229611
20 57 -0.139303
20 58 -0.043516
20 59 0.049068
20 60 0.131110
20 61 0.194811
20 62 0.236585
20 63 0.254979
20 64 0.253804
20 65 0.238757
20 66 0.218614
20 67 0.201046
20 68 0.193124
20 69 0.198004
20 70 0.216391
20 71 0.245108
20 72 0.279815
20 73 0.314595
20 74 0.344928
20 75 0.366398
20 76 0.377551
20 77 0.376283
20 78 0.364320
20 79 0.340063
20 80 0.307913
20 81 0.265234
20 82 0.219589
20 83 0.166861
20 84 0.117588
20 85 0.066525
20 86 0.023935
20 87 -0.013749
20 88 -0.044026
20 89 -0.060534
20 90 -0.079996
20 91 -0.074024
20 92 -0.086378
20 93 -0.067689
20 94 -0.066712
20 95 -0.059804
20 96 -0.028959
20 97 -0.047744
20 98 -0.004229
20 99 0.000000

21 0 0.000000
21 1 0.004008
21 2 -0.068494
21 3 -0.046487
21 4 -0.079167
21 5 -0.088452
21 6 -0.077040
21 7 -0.087716
21 8 -0.058232
21 9 -0.046421
21 10 -0.007818
21 11 0.028332
21 12 0.075059
21 13 0.126228
21 14 0.176376
21 15 0.229241
21 16 0.273595
21 17 0.315529
21 18 0.345279
21 19 0.368489
21 20 0.379105
21 21 0.381285
21 22 0.372006
21 23 0.354076
21 24 0.326940
21 25 0.293776
21 26 0.257001
21 27 0.221621
21 28 0.192111
21 29 0.173490
21 30 0.168260
21 31 0.177089
21 32 0.196456
21 33 0.220787
21 34 0.241422
21 35 0.250470
21 36 0.240174
21 37 0.207055
21 38 0.149945
21 39 0.073019
21 40 -0.018212
21 41 -0.114844
21 42 -0.209733
21 43 -0.295089
21 44 -0.367342
21 45 -0.423341
21 46 -0.464314
21 47 -0.490749
21 48 -0.505915
21 49 -0.510371
21 50 -0.505938
21 51 -0.490790
21 52 -0.464386
21 53 -0.423430
21 54 -0.367472
21 55 -0.295237
21 56 -0.209933
21 57 -0.115063
21 58 -0.018491
21 59 0.072719
21 60 0.149573
21 61 0.206651
21 62 0.239680
21 63 0.249923
21 64 0.240760
21 65 0.220045
21 66 0.195575
21 67 0.176102
21 68 0.167118
21 69 0.172212
21 70 0.190677
21 71 0.220000
21 72 0.255271
21 73 0.291753
21 74 0.324974
21 75 0.351595
21 76 0.369992
21 77 0.378300
21 78 0.377387
21 79 0.365010
21 80 0.344321
21 81 0.311741
21 82 0.273793
21 83 0.225734
21 84 0.177681
21 85 0.124321
21 86 0.076322
21 87 0.030390
21 88 -0.009628
21 89 -0.037250
21 90 -0.067362
21 91 -0.071080
21 92 -0.092528
21 93 -0.077889
21 94 -0.083110
21 95 -0.074535
21 96 -0.041722
21 97 -0.061975
21 98 -0.001873
21 99 0.000000

22 0 0.000000
22 1 0.020063
22 2 -0.068967
22 3 -0.045356
22 4 -0.074914
22 5 -0.085573
22 6 -0.065712
22 7 -0.071125
22 8 -0.032820
22 9 -0.012174
22 10 0.034303
22 11 0.077566
22 12 0.128646
22 13 0.181702
22 14 0.230462
22 15 0.278909
22 16 0.316062
22 17 0.348579
22 18 0.367542
22 19 0.379444
22 20 0.379298
22 21 0.372006
22 22 0.355408
22 23 0.332409
22 24 0.302720
22 25 0.268717
22 26 0.232588
22 27 0.198053
22 28 0.169603
22 29 0.151281
22 30 0.146514
22 31 0.155570
22 32 0.176575
22 33 0.203476
22 34 0.229122
22 35 0.244208
22 36 0.241805
22 37 0.215988
22 38 0.166120
22 39 0.093638
22 40 0.005162
22 41 -0.092640
22 42 -0.190441
22 43 -0.282019
22 44 -0.360766
22 45 -0.424853
22 46 -0.472201
22 47 -0.504877
22 48 -0.523061
22 49 -0.529410
22 50 -0.523101
22 51 -0.504965
22 52 -0.472327
22 53 -0.425037
22 54 -0.360989
22 55 -0.282314
22 56 -0.190775
22 57 -0.093059
22 58 0.004701
22 59 0.093080
22 60 0.165511
22 61 0.215267
22 62 0.241017
22 63 0.243284
22 64 0.228109
22 65 0.202306
22 66 0.175300
22 67 0.154125
22 68 0.144962
22 69 0.149549
22 70 0.167785
22 71 0.196036
22 72 0.230565
22 73 0.266433
22 74 0.300646
22 75 0.329898
22 76 0.353579
22 77 0.369332
22 78 0.378164
22 79 0.376708
22 80 0.367625
22 81 0.345997
22 82 0.317720
22 83 0.276954
22 84 0.233458
22 85 0.181321
22 86 0.131465
22 87 0.080422
22 88 0.033268
22 89 -0.003717
22 90 -0.043328
22 91 -0.056645
22 92 -0.087288
22 93 -0.077506
22 94 -0.090244
22 95 -0.079980
22 96 -0.047803
22 97 -0.069441
22 98 0.008069
22 99 0.000000

23 0 0.000000
23 1 0.046115
23 2 -0.054717
23 3 -0.029097
23 4 -0.051288
23 5 -0.062942
23 6 -0.034446
23 7 -0.035234
23 8 0.009592
23 9 0.036303
23 10 0.086787
23 11 0.132898
23 12 0.183773
23 13 0.234315
23 14 0.277697
23 15 0.318563
23 16 0.346233
23 17 0.368265
23 18 0.376298
23 19 0.377897
23 20 0.368527
23 21 0.354076
23 22 0.332409
23 23 0.307005
23 24 0.276879
23 25 0.244421
23 26 0.210471
23 27 0.178620
23 28 0.151967
23 29 0.135075
23 30 0.130540
23 31 0.140144
23 32 0.161584
23 33 0.190772
23 34 0.219649
23 35 0.240469
23 36 0.244267
23 37 0.226058
23 38 0.182301
23 39 0.115410
23 40 0.029092
23 41 -0.068164
23 42 -0.169344
23 43 -0.265325
23 44 -0.351289
23 45 -0.421832
23 46 -0.476631
23 47 -0.514107
23 48 -0.536605
23 49 -0.543481
23 50 -0.536673
23 51 -0.514236
23 52 -0.476839
23 53 -0.422099
23 54 -0.351648
23 55 -0.265744
23 56 -0.169866
23 57 -0.068747
23 58 0.028394
23 59 0.114651
23 60 0.181415
23 61 0.225104
23 62 0.243173
23 63 0.239295
23 64 0.218324
23 65 0.189360
23 66 0.160025
23 67 0.138508
23 68 0.128783
23 69 0.133257
23 70 0.150092
23 71 0.176692
23 72 0.208615
23 73 0.242481
23 74 0.275285
23 75 0.305174
23 76 0.331444
23 77 0.352464
23 78 0.368659
23 79 0.376588
23 80 0.377967
23 81 0.367333
23 82 0.349560
23 83 0.318150
23 84 0.282017
23 85 0.234765
23 86 0.186998
23 87 0.135005
23 88 0.084566
23 89 0.041606
23 90 -0.004745
23 91 -0.025968
23 92 -0.064569
23 93 -0.059678
23 94 -0.080726
23 95 -0.069089
23 96 -0.041326
23 97 -0.064707
23 98 0.027766
23 99 0.000000

24 0 0.000000
24 1 0.080547
24 2 -0.023818
24 3 0.004267
24 4 -0.005845
24 5 -0.017813
24 6 0.018857
24 7 0.021371
24 8 0.069423
24 9 0.098303
24 10 0.147986
24 11 0.191813
24 12 0.237474
24 13 0.280826
24 14 0.315032
24 15 0.345397
24 16 0.361939
24 17 0.372824
24 18 0.370506
24 19 0.363005
24 20 0.346477
24 21 0.326940
24 22 0.302720
24 23 0.276879
24 24 0.248545
24 25 0.218998
24 26 0.188947
24 27 0.160471
24 28 0.136854
24 29 0.121387
24 30 0.117800
24 31 0.127162
24 32 0.149205
24 33 0.179170
24 34 0.211161
24 35 0.235907
24 36 0.246044
24 37 0.233890
24 38 0.197097
24 39 0.134773
24 40 0.052211
24 41 -0.045171
24 42 -0.147739
24 43 -0.248840
24 44 -0.340040
24 45 -0.418066
24 46 -0.478525
24 47 -0.522145
24 48 -0.547320
24 49 -0.556256
24 50 -0.547407
24 51 -0.522329
24 52 -0.478789
24 53 -0.418439
24 54 -0.340490
24 55 -0.249409
24 56 -0.148380
24 57 -0.045937
24 58 0.051380
24 59 0.133814
24 60 0.196079
24 61 0.232741
24 62 0.244841
24 63 0.234577
24 64 0.209787
24 65 0.177687
24 66 0.147707
24 67 0.125593
24 68 0.116271
24 69 0.119839
24 70 0.135436
24 71 0.159077
24 72 0.187838
24 73 0.217904
24 74 0.248020
24 75 0.276213
24 76 0.303129
24 77 0.326748
24 78 0.348170
24 79 0.363196
24 80 0.373667
24 81 0.373146
24 82 0.366261
24 83 0.345480
24 84 0.319273
24 85 0.280319
24 86 0.238944
24 87 0.190706
24 88 0.141896
24 89 0.097583
24 90 0.048720
24 91 0.022690
24 92 -0.021300
24 93 -0.020546
24 94 -0.049990
24 95 -0.037590
24 96 -0.018789
24 97 -0.044396
24 98 0.056900
24 99 0.000000

25 0 0.000000
25 1 0.119868
25 2 0.022805
25 3 0.053835
25 4 0.060429
25 5 0.049323
25 6 0.093381
25 7 0.097809
25 8 0.145583
25 9 0.172629
25 10 0.216706
25 11 0.253369
25 12 0.289147
25 13 0.321294
25 14 0.343115
25 15 0.360913
25 16 0.365213
25 17 0.365036
25 18 0.353109
25 19 0.338150
25 20 0.316185
25 21 0.293776
25 22 0.268717
25 23 0.244421
25 24 0.218998
25 25 0.193848
25 26 0.168178
25 27 0.144205
25 28 0.123617
25 29 0.110476
25 30 0.107337
25 31 0.117066
25 32 0.138602
25 33 0.169637
25 34 0.203115
25 35 0.232045
25 36 0.246791
25 37 0.241395
25 38 0.210165
25 39 0.153842
25 40 0.074061
25 41 -0.021403
25 42 -0.126168
25 43 -0.230111
25 44 -0.327531
25 45 -0.410850
25 46 -0.478294
25 47 -0.526060
25 48 -0.555534
25 49 -0.564693
25 50 -0.555632
25 51 -0.526246
25 52 -0.478589
25 53 -0.411225
25 54 -0.328021
25 55 -0.230669
25 56 -0.126843
25 57 -0.022130
25 58 0.073222
25 59 0.152972
25 60 0.209194
25 61 0.240414
25 62 0.245727
25 63 0.230997
25 64 0.202015
25 65 0.168594
25 66 0.137561
25 67 0.116140
25 68 0.106493
25 69 0.109810
25 70 0.123141
25 71 0.143943
25 72 0.168266
25 73 0.194106
25 74 0.219868
25 75 0.245225
25 76 0.270572
25 77 0.294972
25 78 0.319112
25 79 0.339317
25 80 0.356886
25 81 0.365469
25 82 0.369007
25 83 0.359687
25 84 0.345125
25 85 0.317475
25 86 0.286288
25 87 0.246484
25 88 0.204253
25 89 0.163672
25 90 0.117004
25 91 0.089972
25 92 0.043747
25 93 0.041491
25 94 0.003979
25 95 0.016061
25 96 0.021004
25 97 -0.007458
25 98 0.093304
25 99 0.000000

26 0 0.000000
26 1 0.158655
26 2 0.080667
26 3 0.114746
26 4 0.141806
26 5 0.133052
26 6 0.183601
26 7 0.188851
26 8 0.233408
26 9 0.255264
26 10 0.289936
26 11 0.315567
26 12 0.338065
26 13 0.356090
26 14 0.363553
26 15 0.367527
26 16 0.359363
26 17 0.348433
26 18 0.328026
26 19 0.306797
26 20 0.281076
26 21 0.257001
26 22 0.232588
26 23 0.210471
26 24 0.188947
26 25 0.168178
26 26 0.147554
26 27 0.127677
26 28 0.110762
26 29 0.099320
26 30 0.097309
26 31 0.106444
26 32 0.128040
26 33 0.158700
26 34 0.194108
26 35 0.225425
26 36 0.245403
26 37 0.245008
26 38 0.220540
26 39 0.168809
26 40 0.093717
26 41 -0.000925
26 42 -0.105495
26 43 -0.213358
26 44 -0.314488
26 45 -0.404434
26 46 -0.476478
26 47 -0.530064
26 48 -0.561644
26 49 -0.572989
26 50 -0.561720
26 51 -0.530225
26 52 -0.476702
26 53 -0.404751
26 54 -0.314850
26 55 -0.213811
26 56 -0.105970
26 57 -0.001478
26 58 0.093173
26 59 0.168206
26 60 0.219982
26 61 0.244419
26 62 0.244896
