0 0 0.000000
0 1 0.000000
0 2 0.000000
0 3 0.000000
0 4 0.000000
0 5 0.000000
0 6 0.000000
0 7 0.000000
0 8 0.000000
0 9 0.000000
0 10 0.000000
0 11 0.000000
0 12 0.000000
0 13 0.000000
0 14 0.000000
0 15 0.000000
0 16 0.000000
0 17 0.000000
0 18 0.000000
0 19 0.000000
0 20 0.000000
0 21 0.000000
0 22 0.000000
0 23 0.000000
0 24 0.000000
0 25 0.000000
0 26 0.000000
0 27 0.000000
0 28 0.000000
0 29 0.000000
0 30 0.000000
0 31 0.000000
0 32 0.000000
0 33 0.000000
0 34 0.000000
0 35 0.000000
0 36 0.000000
0 37 0.000000
0 38 0.000000
0 39 0.000000
0 40 0.000000
0 41 0.000000
0 42 0.000000
0 43 0.000000
0 44 0.000000
0 45 0.000000
0 46 0.000000
0 47 0.000000
0 48 0.000000
0 49 0.000000
0 50 0.000000
0 51 0.000000
0 52 0.000000
0 53 0.000000
0 54 0.000000
0 55 0.000000
0 56 0.000000
0 57 0.000000
0 58 0.000000
0 59 0.000000
0 60 0.000000
0 61 0.000000
0 62 0.000000
0 63 0.000000
0 64 0.000000
0 65 0.000000
0 66 0.000000
0 67 0.000000
0 68 0.000000
0 69 0.000000
0 70 0.000000
0 71 0.000000
0 72 0.000000
0 73 0.000000
0 74 0.000000
0 75 0.000000
0 76 0.000000
0 77 0.000000
0 78 0.000000
0 79 0.000000
0 80 0.000000
0 81 0.000000
0 82 0.000000
0 83 0.000000
0 84 0.000000
0 85 0.000000
0 86 0.000000
0 87 0.000000
0 88 0.000000
0 89 0.000000
0 90 0.000000
0 91 0.000000
0 92 0.000000
0 93 0.000000
0 94 0.000000
0 95 0.000000
0 96 0.000000
0 97 0.000000
0 98 0.000000
0 99 0.000000

1 0 0.000000
1 1 -0.052442
1 2 -0.140541
1 3 -0.126205
1 4 -0.183679
1 5 -0.181632
1 6 -0.191108
1 7 -0.194063
1 8 -0.185766
1 9 -0.186225
1 10 -0.178568
1 11 -0.178006
1 12 -0.174310
1 13 -0.173025
1 14 -0.169770
1 15 -0.165498
1 16 -0.159018
1 17 -0.150235
1 18 -0.139499
1 19 -0.126595
1 20 -0.112310
1 21 -0.096227
1 22 -0.079070
1 23 -0.060311
1 24 -0.040697
1 25 -0.019918
1 26 0.001088
1 27 0.022302
1 28 0.042706
1 29 0.062147
1 30 0.079791
1 31 0.095563
1 32 0.108936
1 33 0.119967
1 34 0.128395
1 35 0.134382
1 36 0.137875
1 37 0.139140
1 38 0.138310
1 39 0.135757
1 40 0.131758
1 41 0.126756
1 42 0.121097
1 43 0.115235
1 44 0.109509
1 45 0.104320
1 46 0.099938
1 47 0.096661
1 48 0.094637
1 49 0.094025
1 50 0.094824
1 51 0.097034
1 52 0.100498
1 53 0.105066
1 54 0.110444
1 55 0.116355
1 56 0.122409
1 57 0.128248
1 58 0.133443
1 59 0.137612
1 60 0.140355
1 61 0.141330
1 62 0.140245
1 63 0.136848
1 64 0.131010
1 65 0.122588
1 66 0.111641
1 67 0.098118
1 68 0.082306
1 69 0.064268
1 70 0.044583
1 71 0.023442
1 72 0.001702
1 73 -0.020444
1 74 -0.042051
1 75 -0.063151
1 76 -0.082907
1 77 -0.101628
1 78 -0.118515
1 79 -0.133906
1 80 -0.146849
1 81 -0.157527
1 82 -0.165043
1 83 -0.169694
1 84 -0.171426
1 85 -0.170870
1 86 -0.169736
1 87 -0.167741
1 88 -0.169372
1 89 -0.169490
1 90 -0.177603
1 91 -0.178447
1 92 -0.188275
1 93 -0.185523
1 94 -0.177592
1 95 -0.177050
1 96 -0.119993
1 97 -0.134139
1 98 -0.038803
1 99 0.000000

2 0 0.000000
2 1 -0.140541
2 2 -0.175146
2 3 -0.179337
2 4 -0.235772
2 5 -0.226133
2 6 -0.247327
2 7 -0.248034
2 8 -0.251276
2 9 -0.257305
2 10 -0.259534
2 11 -0.266526
2 12 -0.269948
2 13 -0.274251
2 14 -0.275172
2 15 -0.274480
2 16 -0.271003
2 17 -0.265765
2 18 -0.258754
2 19 -0.250403
2 20 -0.240551
2 21 -0.228952
2 22 -0.215172
2 23 -0.198819
2 24 -0.179764
2 25 -0.158071
2 26 -0.134211
2 27 -0.108728
2 28 -0.082408
2 29 -0.055894
2 30 -0.029891
2 31 -0.004890
2 32 0.018605
2 33 0.040242
2 34 0.059681
2 35 0.076681
2 36 0.091076
2 37 0.102786
2 38 0.111874
2 39 0.118456
2 40 0.122809
2 41 0.125200
2 42 0.126046
2 43 0.125682
2 44 0.124569
2 45 0.123032
2 46 0.121486
2 47 0.120159
2 48 0.119344
2 49 0.119109
2 50 0.119574
2 51 0.120619
2 52 0.122181
2 53 0.123964
2 54 0.125748
2 55 0.127110
2 56 0.127738
2 57 0.127159
2 58 0.125054
2 59 0.120984
2 60 0.114712
2 61 0.105917
2 62 0.094532
2 63 0.080426
2 64 0.063746
2 65 0.044559
2 66 0.023198
2 67 -0.000136
2 68 -0.024966
2 69 -0.050971
2 70 -0.077498
2 71 -0.104045
2 72 -0.129771
2 73 -0.154083
2 74 -0.176200
2 75 -0.195782
2 76 -0.212499
2 77 -0.226500
2 78 -0.237929
2 79 -0.247109
2 80 -0.254169
2 81 -0.259036
2 82 -0.261546
2 83 -0.261230
2 84 -0.258331
2 85 -0.252529
2 86 -0.245836
2 87 -0.237635
2 88 -0.232815
2 89 -0.227614
2 90 -0.229963
2 91 -0.230555
2 92 -0.235512
2 93 -0.241146
2 94 -0.227032
2 95 -0.238488
2 96 -0.181769
2 97 -0.180012
2 98 -0.130555
2 99 0.000000

3 0 0.000000
3 1 -0.126205
3 2 -0.179337
3 3 -0.170825
3 4 -0.231390
3 5 -0.216258
3 6 -0.230993
3 7 -0.228695
3 8 -0.223598
3 9 -0.226692
3 10 -0.222832
3 11 -0.227204
3 12 -0.227140
3 13 -0.229572
3 14 -0.228826
3 15 -0.227124
3 16 -0.223251
3 17 -0.217908
3 18 -0.211483
3 19 -0.203747
3 20 -0.194969
3 21 -0.184099
3 22 -0.171116
3 23 -0.154886
3 24 -0.135743
3 25 -0.113204
3 26 -0.088256
3 27 -0.061074
3 28 -0.032937
3 29 -0.004217
3 30 0.023971
3 31 0.051345
3 32 0.077064
3 33 0.100939
3 34 0.122338
3 35 0.141151
3 36 0.156969
3 37 0.169853
3 38 0.179675
3 39 0.186723
3 40 0.191131
3 41 0.193375
3 42 0.193759
3 43 0.192856
3 44 0.191030
3 45 0.188853
3 46 0.186637
3 47 0.184849
3 48 0.183651
3 49 0.183321
3 50 0.183807
3 51 0.185161
3 52 0.187109
3 53 0.189486
3 54 0.191832
3 55 0.193827
3 56 0.194912
3 57 0.194707
3 58 0.192662
3 59 0.188438
3 60 0.181606
3 61 0.171962
3 62 0.159302
3 63 0.143628
3 64 0.125023
3 65 0.103685
3 66 0.079954
3 67 0.054131
3 68 0.026758
3 69 -0.001803
3 70 -0.030758
3 71 -0.059636
3 72 -0.087348
3 73 -0.113412
3 74 -0.136704
3 75 -0.157136
3 76 -0.174009
3 77 -0.187929
3 78 -0.198682
3 79 -0.207210
3 80 -0.213246
3 81 -0.217356
3 82 -0.218916
3 83 -0.218003
3 84 -0.214507
3 85 -0.208483
3 86 -0.202144
3 87 -0.194643
3 88 -0.192382
3 89 -0.189391
3 90 -0.197771
3 91 -0.201706
3 92 -0.215678
3 93 -0.224673
3 94 -0.217911
3 95 -0.234299
3 96 -0.173474
3 97 -0.184383
3 98 -0.113189
3 99 0.000000

4 0 0.000000
4 1 -0.183679
4 2 -0.235772
4 3 -0.231390
4 4 -0.308852
4 5 -0.286530
4 6 -0.310940
4 7 -0.305330
4 8 -0.303613
4 9 -0.307454
4 10 -0.305668
4 11 -0.312653
4 12 -0.314842
4 13 -0.320070
4 14 -0.321399
4 15 -0.322098
4 16 -0.320145
4 17 -0.317230
4 18 -0.313087
4 19 -0.308216
4 20 -0.302081
4 21 -0.294030
4 22 -0.283136
4 23 -0.268514
4 24 -0.249741
4 25 -0.226645
4 26 -0.199738
4 27 -0.169593
4 28 -0.137228
4 29 -0.103422
4 30 -0.069134
4 31 -0.035013
4 32 -0.001805
4 33 0.029940
4 34 0.059635
4 35 0.086800
4 36 0.111052
4 37 0.132086
4 38 0.149828
4 39 0.164231
4 40 0.175539
4 41 0.183930
4 42 0.189876
4 43 0.193688
4 44 0.195945
4 45 0.196981
4 46 0.197357
4 47 0.197306
4 48 0.197251
4 49 0.197229
4 50 0.197442
4 51 0.197687
4 52 0.197932
4 53 0.197750
4 54 0.196917
4 55 0.194859
4 56 0.191262
4 57 0.185521
4 58 0.177356
4 59 0.166255
4 60 0.152087
4 61 0.134538
4 62 0.113733
4 63 0.089630
4 64 0.062654
4 65 0.033006
4 66 0.001344
4 67 -0.032005
4 68 -0.066250
4 69 -0.100979
4 70 -0.135231
4 71 -0.168426
4 72 -0.199398
4 73 -0.227495
4 74 -0.251679
4 75 -0.271704
4 76 -0.287227
4 77 -0.298753
4 78 -0.306685
4 79 -0.311807
4 80 -0.314538
4 81 -0.315030
4 82 -0.313258
4 83 -0.308623
4 84 -0.301666
4 85 -0.291737
4 86 -0.282086
4 87 -0.271246
4 88 -0.267091
4 89 -0.262951
4 90 -0.271783
4 91 -0.278049
4 92 -0.292392
4 93 -0.307402
4 94 -0.293735
4 95 -0.318202
4 96 -0.238987
4 97 -0.247055
4 98 -0.168664
4 99 0.000000

5 0 0.000000
5 1 -0.181632
5 2 -0.226133
5 3 -0.216258
5 4 -0.286530
5 5 -0.256474
5 6 -0.273159
5 7 -0.261290
5 8 -0.252827
5 9 -0.252607
5 10 -0.246420
5 11 -0.251092
5 12 -0.251093
5 13 -0.255301
5 14 -0.256231
5 15 -0.257344
5 16 -0.256942
5 17 -0.256448
5 18 -0.256139
5 19 -0.255892
5 20 -0.255565
5 21 -0.253656
5 22 -0.249469
5 23 -0.241269
5 24 -0.228858
5 25 -0.211378
5 26 -0.189623
5 27 -0.163658
5 28 -0.134800
5 29 -0.103426
5 30 -0.070774
5 31 -0.037168
5 32 -0.003641
5 33 0.029498
5 34 0.061329
5 35 0.091537
5 36 0.119351
5 37 0.144590
5 38 0.166761
5 39 0.185936
5 40 0.201928
5 41 0.215056
5 42 0.225362
5 43 0.233335
5 44 0.239142
5 45 0.243337
5 46 0.246095
5 47 0.247912
5 48 0.248850
5 49 0.249247
5 50 0.248972
5 51 0.248156
5 52 0.246463
5 53 0.243829
5 54 0.239762
5 55 0.234080
5 56 0.226241
5 57 0.216059
5 58 0.203071
5 59 0.187193
5 60 0.168158
5 61 0.146073
5 62 0.120958
5 63 0.093162
5 64 0.063023
5 65 0.031072
5 66 -0.002127
5 67 -0.036018
5 68 -0.069919
5 69 -0.103313
5 70 -0.135338
5 71 -0.165420
5 72 -0.192438
5 73 -0.215855
5 74 -0.234622
5 75 -0.248771
5 76 -0.257937
5 77 -0.263115
5 78 -0.264675
5 79 -0.264031
5 80 -0.261442
5 81 -0.257649
5 82 -0.252243
5 83 -0.245056
5 84 -0.236174
5 85 -0.225229
5 86 -0.215374
5 87 -0.205165
5 88 -0.203225
5 89 -0.202040
5 90 -0.216504
5 91 -0.228486
5 92 -0.251627
5 93 -0.274389
5 94 -0.269973
5 95 -0.302475
5 96 -0.229225
5 97 -0.243129
5 98 -0.166843
5 99 0.000000

6 0 0.000000
6 1 -0.191108
6 2 -0.247327
6 3 -0.230993
6 4 -0.310940
6 5 -0.273159
6 6 -0.291348
6 7 -0.273935
6 8 -0.262454
6 9 -0.258551
6 10 -0.248835
6 11 -0.251283
6 12 -0.248927
6 13 -0.252217
6 14 -0.252314
6 15 -0.253930
6 16 -0.254424
6 17 -0.256190
6 18 -0.258746
6 19 -0.262660
6 20 -0.267017
6 21 -0.270727
6 22 -0.272304
6 23 -0.270249
6 24 -0.263654
6 25 -0.251846
6 26 -0.235052
6 27 -0.213526
6 28 -0.188140
6 29 -0.159461
6 30 -0.128361
6 31 -0.095370
6 32 -0.061214
6 33 -0.026462
6 34 0.008205
6 35 0.042126
6 36 0.074711
6 37 0.105344
6 38 0.133671
6 39 0.159261
6 40 0.182054
6 41 0.201818
6 42 0.218741
6 43 0.232744
6 44 0.244179
6 45 0.253048
6 46 0.259769
6 47 0.264324
6 48 0.267089
6 49 0.267946
6 50 0.267152
6 51 0.264446
6 52 0.259953
6 53 0.253288
6 54 0.244480
6 55 0.233090
6 56 0.219144
6 57 0.202251
6 58 0.182535
6 59 0.159744
6 60 0.134181
6 61 0.105802
6 62 0.075151
6 63 0.042414
6 64 0.008378
6 65 -0.026619
6 66 -0.061672
6 67 -0.096456
6 68 -0.130063
6 69 -0.162230
6 70 -0.191978
6 71 -0.218968
6 72 -0.242065
6 73 -0.260916
6 74 -0.274586
6 75 -0.283236
6 76 -0.286780
6 77 -0.286275
6 78 -0.282517
6 79 -0.276836
6 80 -0.269988
6 81 -0.262389
6 82 -0.254161
6 83 -0.244564
6 84 -0.234348
6 85 -0.222416
6 86 -0.212908
6 87 -0.203441
6 88 -0.204020
6 89 -0.205754
6 90 -0.224878
6 91 -0.241835
6 92 -0.269640
6 93 -0.298669
6 94 -0.293738
6 95 -0.333511
6 96 -0.248722
6 97 -0.269570
6 98 -0.174789
6 99 0.000000

7 0 0.000000
7 1 -0.194063
7 2 -0.248034
7 3 -0.228695
7 4 -0.305330
7 5 -0.261290
7 6 -0.273935
7 7 -0.249926
7 8 -0.232098
7 9 -0.222624
7 10 -0.207549
7 11 -0.205883
7 12 -0.199931
7 13 -0.200667
7 14 -0.199090
7 15 -0.199921
7 16 -0.200869
7 17 -0.204028
7 18 -0.209457
7 19 -0.217215
7 20 -0.226847
7 21 -0.236602
7 22 -0.245292
7 23 -0.250701
7 24 -0.252109
7 25 -0.248164
7 26 -0.239254
7 27 -0.225027
7 28 -0.206517
7 29 -0.183750
7 30 -0.157769
7 31 -0.128613
7 32 -0.097222
7 33 -0.063729
7 34 -0.029114
7 35 0.006317
7 36 0.041556
7 37 0.076255
7 38 0.109521
7 39 0.141117
7 40 0.170338
7 41 0.197110
7 42 0.220906
7 43 0.241805
7 44 0.259424
7 45 0.273968
7 46 0.285146
7 47 0.293233
7 48 0.297972
7 49 0.299647
7 50 0.297991
7 51 0.293270
7 52 0.285199
7 53 0.274031
7 54 0.259496
7 55 0.241873
7 56 0.220969
7 57 0.197146
7 58 0.170349
7 59 0.141058
7 60 0.109402
7 61 0.075994
7 62 0.041170
7 63 0.005659
7 64 -0.030019
7 65 -0.065129
7 66 -0.099091
7 67 -0.131336
7 68 -0.161322
7 69 -0.188676
7 70 -0.212779
7 71 -0.233289
7 72 -0.249387
7 73 -0.260824
7 74 -0.266911
7 75 -0.268029
7 76 -0.264262
7 77 -0.256990
7 78 -0.247054
7 79 -0.236154
7 80 -0.224901
7 81 -0.214061
7 82 -0.203428
7 83 -0.192577
7 84 -0.181910
7 85 -0.170606
7 86 -0.162695
7 87 -0.155884
7 88 -0.160494
7 89 -0.167160
7 90 -0.192841
7 91 -0.216652
7 92 -0.252335
7 93 -0.288704
7 94 -0.290073
7 95 -0.335819
7 96 -0.252324
7 97 -0.276469
7 98 -0.177898
7 99 0.000000

8 0 0.000000
8 1 -0.185766
8 2 -0.251276
8 3 -0.223598
8 4 -0.303613
8 5 -0.252827
8 6 -0.262454
8 7 -0.232098
8 8 -0.208274
8 9 -0.192775
8 10 -0.171318
8 11 -0.164472
8 12 -0.153218
8 13 -0.150151
8 14 -0.145036
8 15 -0.143858
8 16 -0.143390
8 17 -0.146682
8 18 -0.153070
8 19 -0.163325
8 20 -0.176361
8 21 -0.190918
8 22 -0.205195
8 23 -0.217271
8 24 -0.225817
8 25 -0.229645
8 26 -0.228548
8 27 -0.222280
8 28 -0.211308
8 29 -0.195752
8 30 -0.176111
8 31 -0.152541
8 32 -0.125453
8 33 -0.095166
8 34 -0.062168
8 35 -0.027071
8 36 0.009536
8 37 0.046838
8 38 0.084265
8 39 0.120948
8 40 0.156419
8 41 0.189829
8 42 0.220841
8 43 0.248669
8 44 0.273125
8 45 0.293530
8 46 0.309859
8 47 0.321558
8 48 0.328760
8 49 0.331045
8 50 0.328695
8 51 0.321422
8 52 0.309654
8 53 0.293244
8 54 0.272760
8 55 0.248199
8 56 0.220274
8 57 0.189123
8 58 0.155586
8 59 0.119920
8 60 0.083063
8 61 0.045347
8 62 0.007786
8 63 -0.029264
8 64 -0.064774
8 65 -0.098473
8 66 -0.129440
8 67 -0.157634
8 68 -0.182308
8 69 -0.203628
8 70 -0.220869
8 71 -0.234194
8 72 -0.242757
8 73 -0.246740
8 74 -0.245512
8 75 -0.239774
8 76 -0.229736
8 77 -0.216937
8 78 -0.202399
8 79 -0.187765
8 80 -0.173889
8 81 -0.161252
8 82 -0.150007
8 83 -0.139245
8 84 -0.129940
8 85 -0.120582
8 86 -0.116063
8 87 -0.113100
8 88 -0.123152
8 89 -0.135413
8 90 -0.168047
8 91 -0.198434
8 92 -0.240875
8 93 -0.283593
8 94 -0.288242
8 95 -0.340052
8 96 -0.251369
8 97 -0.284150
8 98 -0.168829
8 99 0.000000

9 0 0.000000
9 1 -0.186225
9 2 -0.257305
9 3 -0.226692
9 4 -0.307454
9 5 -0.252607
9 6 -0.258551
9 7 -0.222624
9 8 -0.192775
9 9 -0.170912
9 10 -0.142973
9 11 -0.130109
9 12 -0.113289
9 13 -0.105415
9 14 -0.096370
9 15 -0.092049
9 16 -0.089539
9 17 -0.091562
9 18 -0.097913
9 19 -0.108960
9 20 -0.124119
9 21 -0.141694
9 22 -0.160312
9 23 -0.177553
9 24 -0.192386
9 25 -0.203045
9 26 -0.209519
9 27 -0.210937
9 28 -0.207923
9 29 -0.199958
9 30 -0.187703
9 31 -0.170664
9 32 -0.149441
9 33 -0.123699
9 34 -0.094190
9 35 -0.060903
9 36 -0.024831
9 37 0.013743
9 38 0.053662
9 39 0.094469
9 40 0.134920
9 41 0.174477
9 42 0.211870
9 43 0.246573
9 44 0.277380
9 45 0.303890
9 46 0.325069
9 47 0.340745
9 48 0.350141
9 49 0.353387
9 50 0.350020
9 51 0.340500
9 52 0.324696
9 53 0.303382
9 54 0.276729
9 55 0.245765
9 56 0.210896
9 57 0.173307
9 58 0.133549
9 59 0.092839
9 60 0.051773
9 61 0.011491
9 62 -0.027439
9 63 -0.064050
9 64 -0.097866
9 65 -0.128204
9 66 -0.154772
9 67 -0.177276
9 68 -0.195605
9 69 -0.209777
9 70 -0.219655
9 71 -0.225327
9 72 -0.226457
9 73 -0.223220
9 74 -0.215384
9 75 -0.203689
9 76 -0.188582
9 77 -0.171643
9 78 -0.153924
9 79 -0.137110
9 80 -0.121912
9 81 -0.108910
9 82 -0.098049
9 83 -0.088620
9 84 -0.081424
9 85 -0.075177
9 86 -0.074679
9 87 -0.076683
9 88 -0.092631
9 89 -0.111334
9 90 -0.151010
9 91 -0.188153
9 92 -0.237185
9 93 -0.285328
9 94 -0.293708
9 95 -0.348966
9 96 -0.257798
9 97 -0.293906
9 98 -0.168501
9 99 0.000000

10 0 0.000000
10 1 -0.178568
10 2 -0.259534
10 3 -0.222832
10 4 -0.305668
10 5 -0.246420
10 6 -0.248835
10 7 -0.207549
10 8 -0.171318
10 9 -0.142973
10 10 -0.107727
10 11 -0.088373
10 12 -0.064828
10 13 -0.051507
10 14 -0.037208
10 15 -0.028954
10 16 -0.022879
10 17 -0.022525
10 18 -0.026969
10 19 -0.037258
10 20 -0.052314
10 21 -0.071035
10 22 -0.091653
10 23 -0.112200
10 24 -0.131209
10 25 -0.147201
10 26 -0.159638
10 27 -0.167836
10 28 -0.171834
10 29 -0.171277
10 30 -0.166202
10 31 -0.156293
10 32 -0.141472
10 33 -0.121619
10 34 -0.096763
10 35 -0.067207
10 36 -0.033239
10 37 0.004378
10 38 0.045098
10 39 0.087773
10 40 0.131658
10 41 0.175311
10 42 0.217871
10 43 0.257753
10 44 0.294124
10 45 0.325458
10 46 0.351144
10 47 0.369924
10 48 0.381587
10 49 0.385310
10 50 0.381392
10 51 0.369530
10 52 0.350551
10 53 0.324652
10 54 0.293110
10 55 0.256500
10 56 0.216389
10 57 0.173550
10 58 0.129634
10 59 0.085405
10 60 0.042411
10 61 0.001236
10 62 -0.036801
10 63 -0.071410
10 64 -0.101571
10 65 -0.127375
10 66 -0.148152
10 67 -0.164402
10 68 -0.175733
10 69 -0.182905
10 70 -0.185551
10 71 -0.184413
10 72 -0.178976
10 73 -0.169963
10 74 -0.157004
10 75 -0.141226
10 76 -0.122943
10 77 -0.103885
10 78 -0.084970
10 79 -0.067804
10 80 -0.053064
10 81 -0.041110
10 82 -0.032105
10 83 -0.025033
10 84 -0.021222
10 85 -0.018885
10 86 -0.023579
10 87 -0.031164
10 88 -0.053934
10 89 -0.079332
10 90 -0.126475
10 91 -0.170119
10 92 -0.225666
10 93 -0.278758
10 94 -0.290566
10 95 -0.349652
10 96 -0.255229
10 97 -0.297908
10 98 -0.159457
10 99 0.000000

11 0 0.000000
11 1 -0.178006
11 2 -0.266526
11 3 -0.227204
11 4 -0.312653
11 5 -0.251092
11 6 -0.251283
11 7 -0.205883
11 8 -0.164472
11 9 -0.130109
11 10 -0.088373
11 11 -0.062473
11 12 -0.032716
11 13 -0.013682
11 14 0.005555
11 15 0.018164
11 16 0.027801
11 17 0.031327
11 18 0.029359
11 19 0.021227
11 20 0.007527
11 21 -0.010356
11 22 -0.031204
11 23 -0.052747
11 24 -0.073985
11 25 -0.093000
11 26 -0.109608
11 27 -0.122555
11 28 -0.132187
11 29 -0.137510
11 30 -0.138876
11 31 -0.135264
11 32 -0.126925
11 33 -0.112946
11 34 -0.093715
11 35 -0.068683
11 36 -0.038594
11 37 -0.003383
11 38 0.035777
11 39 0.078481
11 40 0.123145
11 41 0.168975
11 42 0.214079
11 43 0.257445
11 44 0.297081
11 45 0.332029
11 46 0.360483
11 47 0.381834
11 48 0.394741
11 49 0.399186
11 50 0.394483
11 51 0.381315
11 52 0.359701
11 53 0.330978
11 54 0.295755
11 55 0.255830
11 56 0.212170
11 57 0.166742
11 58 0.120588
11 59 0.075538
11 60 0.032454
11 61 -0.007200
11 62 -0.042892
11 63 -0.073663
11 64 -0.099366
11 65 -0.119600
11 66 -0.134580
11 67 -0.144425
11 68 -0.149554
11 69 -0.150395
11 70 -0.147272
11 71 -0.140640
11 72 -0.130561
11 73 -0.117520
11 74 -0.101590
11 75 -0.083667
11 76 -0.064300
11 77 -0.044948
11 78 -0.026544
11 79 -0.010437
11 80 0.002775
11 81 0.012813
11 82 0.019522
11 83 0.023773
11 84 0.024161
11 85 0.022274
11 86 0.012558
11 87 -0.000825
11 88 -0.029960
11 89 -0.061927
11 90 -0.115560
11 91 -0.164925
11 92 -0.225506
11 93 -0.282080
11 94 -0.295882
11 95 -0.356783
11 96 -0.258961
11 97 -0.304931
11 98 -0.156751
11 99 0.000000

12 0 0.000000
12 1 -0.174310
12 2 -0.269948
12 3 -0.227140
12 4 -0.314842
12 5 -0.251093
12 6 -0.248927
12 7 -0.199931
12 8 -0.153218
12 9 -0.113289
12 10 -0.064828
12 11 -0.032716
12 12 0.003532
12 13 0.027945
12 14 0.052359
12 15 0.069012
12 16 0.082544
12 17 0.089218
12 18 0.090459
12 19 0.085049
12 20 0.074067
12 21 0.058275
12 22 0.039166
12 23 0.018411
12 24 -0.002691
12 25 -0.022693
12 26 -0.040976
12 27 -0.056664
12 28 -0.069567
12 29 -0.079075
12 30 -0.084936
12 31 -0.086551
12 32 -0.083462
12 33 -0.075194
12 34 -0.061300
12 35 -0.041705
12 36 -0.016231
12 37 0.014603
12 38 0.050555
12 39 0.090464
12 40 0.133634
12 41 0.178328
12 42 0.223490
12 43 0.267007
12 44 0.307696
12 45 0.343396
12 46 0.373136
12 47 0.395087
12 48 0.408830
12 49 0.413188
12 50 0.408521
12 51 0.394464
12 52 0.372204
12 53 0.342141
12 54 0.306128
12 55 0.265098
12 56 0.221258
12 57 0.175723
12 58 0.130685
12 59 0.087084
12 60 0.046787
12 61 0.010299
12 62 -0.021018
12 63 -0.047216
12 64 -0.067480
12 65 -0.082425
12 66 -0.091695
12 67 -0.096348
12 68 -0.096267
12 69 -0.092682
12 70 -0.085405
12 71 -0.075572
12 72 -0.062784
12 73 -0.048098
12 74 -0.031174
12 75 -0.013306
12 76 0.005385
12 77 0.023287
12 78 0.039885
12 79 0.053856
12 80 0.064822
12 81 0.072542
12 82 0.076689
12 83 0.078156
12 84 0.075005
12 85 0.069067
12 86 0.054154
12 87 0.035174
12 88 -0.000497
12 89 -0.038668
12 90 -0.098775
12 91 -0.153236
12 92 -0.218685
12 93 -0.278138
12 94 -0.294010
12 95 -0.356731
12 96 -0.256421
12 97 -0.306645
12 98 -0.150375
12 99 0.000000

13 0 0.000000
13 1 -0.173025
13 2 -0.274251
13 3 -0.229572
13 4 -0.320070
13 5 -0.255301
13 6 -0.252217
13 7 -0.200667
13 8 -0.150151
13 9 -0.105415
13 10 -0.051507
13 11 -0.013682
13 12 0.027945
13 13 0.057281
13 14 0.085792
13 15 0.105993
13 16 0.122439
13 17 0.131927
13 18 0.135783
13 19 0.133260
13 20 0.125075
13 21 0.112263
13 22 0.095728
13 23 0.077369
13 24 0.057873
13 25 0.039049
13 26 0.020977
13 27 0.005049
13 28 -0.009083
13 29 -0.020215
13 30 -0.028702
13 31 -0.033280
13 32 -0.034148
13 33 -0.030037
13 34 -0.021160
13 35 -0.006497
13 36 0.013443
13 37 0.039194
13 38 0.069742
13 39 0.105025
13 40 0.143454
13 41 0.184408
13 42 0.225807
13 43 0.266659
13 44 0.304648
13 45 0.338742
13 46 0.366758
13 47 0.388024
13 48 0.400877
13 49 0.405336
13 50 0.400527
13 51 0.387325
13 52 0.365707
13 53 0.337338
13 54 0.302890
13 55 0.264538
13 56 0.223325
13 57 0.181540
13 58 0.140210
13 59 0.101348
13 60 0.065649
13 61 0.034572
13 62 0.008316
13 63 -0.012338
13 64 -0.027689
13 65 -0.037608
13 66 -0.042743
13 67 -0.043440
13 68 -0.040422
13 69 -0.034226
13 70 -0.025352
13 71 -0.014309
13 72 -0.001283
13 73 0.013202
13 74 0.029020
13 75 0.045381
13 76 0.061897
13 77 0.077484
13 78 0.091541
13 79 0.103184
13 80 0.111935
13 81 0.117699
13 82 0.119856
13 83 0.119139
13 84 0.113237
13 85 0.103804
13 86 0.084538
13 87 0.060464
13 88 0.019281
13 89 -0.024393
13 90 -0.089567
13 91 -0.148051
13 92 -0.216643
13 93 -0.277737
13 94 -0.294184
13 95 -0.357611
13 96 -0.254714
13 97 -0.307698
13 98 -0.145793
13 99 0.000000

14 0 0.000000
14 1 -0.169770
14 2 -0.275172
14 3 -0.228826
14 4 -0.321399
14 5 -0.256231
14 6 -0.252314
14 7 -0.199090
14 8 -0.145036
14 9 -0.096370
14 10 -0.037208
14 11 0.005555
14 12 0.052359
14 13 0.085792
14 14 0.118026
14 15 0.140790
14 16 0.159616
14 17 0.170923
14 18 0.176972
14 19 0.176661
14 20 0.171313
14 21 0.161412
14 22 0.148179
14 23 0.132850
14 24 0.116404
14 25 0.100036
14 26 0.084249
14 27 0.069854
14 28 0.057028
14 29 0.046313
14 30 0.037917
14 31 0.032321
14 32 0.029973
14 33 0.031299
14 34 0.036903
14 35 0.046952
14 36 0.061950
14 37 0.081561
14 38 0.105948
14 39 0.134136
14 40 0.165843
14 41 0.199476
14 42 0.234365
14 43 0.268477
14 44 0.300969
14 45 0.329686
14 46 0.353937
14 47 0.371827
14 48 0.383164
14 49 0.386642
14 50 0.382804
14 51 0.371103
14 52 0.352858
14 53 0.328238
14 54 0.299172
14 55 0.266301
14 56 0.231842
14 57 0.196555
14 58 0.162570
14 59 0.130421
14 60 0.101852
14 61 0.076928
14 62 0.056856
14 63 0.041136
14 64 0.030446
14 65 0.023787
14 66 0.021481
14 67 0.022241
14 68 0.026315
14 69 0.032389
14 70 0.040879
14 71 0.050595
14 72 0.062134
14 73 0.074363
14 74 0.087831
14 75 0.101288
14 76 0.114996
14 77 0.127624
14 78 0.139151
14 79 0.148545
14 80 0.155602
14 81 0.159985
14 82 0.160870
14 83 0.158689
14 84 0.150615
14 85 0.138307
14 86 0.115020
14 87 0.086412
14 88 0.039983
14 89 -0.008460
14 90 -0.078269
14 91 -0.139780
14 92 -0.210964
14 93 -0.272744
14 94 -0.289576
14 95 -0.353165
14 96 -0.248757
14 97 -0.304317
14 98 -0.139049
14 99 0.000000

15 0 0.000000
15 1 -0.165498
15 2 -0.274480
15 3 -0.227124
15 4 -0.322098
15 5 -0.257344
15 6 -0.253930
15 7 -0.199921
15 8 -0.143858
15 9 -0.092049
15 10 -0.028954
15 11 0.018164
15 12 0.069012
15 13 0.105993
15 14 0.140790
15 15 0.165394
15 16 0.185303
15 17 0.197559
15 18 0.204505
15 19 0.205666
15 20 0.202162
15 21 0.194886
15 22 0.184518
15 23 0.172599
15 24 0.159430
15 25 0.146622
15 26 0.133998
15 27 0.122932
15 28 0.112848
15 29 0.104904
15 30 0.098381
15 31 0.094391
15 32 0.092304
15 33 0.093276
15 34 0.096780
15 35 0.103913
15 36 0.114060
15 37 0.128053
15 38 0.144973
15 39 0.165246
15 40 0.187544
15 41 0.211894
15 42 0.236606
15 43 0.261443
15 44 0.284515
15 45 0.305547
15 46 0.322708
15 47 0.335951
15 48 0.343775
15 49 0.346594
15 50 0.343424
15 51 0.335251
15 52 0.321658
15 53 0.304149
15 54 0.282772
15 55 0.259350
15 56 0.234170
15 57 0.209097
15 58 0.184399
15 59 0.161703
15 60 0.141056
15 61 0.123648
15 62 0.109201
15 63 0.098381
15 64 0.090612
15 65 0.086096
15 66 0.084141
15 67 0.084669
15 68 0.087124
15 69 0.091340
15 70 0.097044
15 71 0.104033
15 72 0.112254
15 73 0.121372
15 74 0.131366
15 75 0.141694
15 76 0.152218
15 77 0.162283
15 78 0.171593
15 79 0.179621
15 80 0.185777
15 81 0.189857
15 82 0.190418
15 83 0.187723
15 84 0.178336
15 85 0.163835
15 86 0.137320
15 87 0.104762
15 88 0.054077
15 89 0.001657
15 90 -0.071381
15 91 -0.134831
15 92 -0.206909
15 93 -0.268292
15 94 -0.284130
15 95 -0.347061
15 96 -0.241119
15 97 -0.298580
15 98 -0.131253
15 99 0.000000

16 0 0.000000
16 1 -0.159018
16 2 -0.271003
16 3 -0.223251
16 4 -0.320145
16 5 -0.256942
16 6 -0.254424
16 7 -0.200869
16 8 -0.143390
16 9 -0.089539
16 10 -0.022879
16 11 0.027801
16 12 0.082544
16 13 0.122439
16 14 0.159616
16 15 0.185303
16 16 0.205864
16 17 0.218064
16 18 0.225265
16 19 0.226790
16 20 0.224541
16 21 0.218967
16 22 0.211230
16 23 0.202216
16 24 0.192642
16 25 0.183421
16 26 0.174912
16 27 0.167762
16 28 0.162021
16 29 0.157952
16 30 0.155459
16 31 0.154515
16 32 0.155128
16 33 0.157142
16 34 0.160813
16 35 0.165874
16 36 0.172751
16 37 0.180956
16 38 0.190922
16 39 0.201849
16 40 0.214098
16 41 0.226579
16 42 0.239600
16 43 0.251880
16 44 0.263739
16 45 0.273828
16 46 0.282569
16 47 0.288679
16 48 0.292775
16 49 0.293747
16 50 0.292466
16 51 0.288057
16 52 0.281646
16 53 0.272588
16 54 0.262208
16 55 0.250028
16 56 0.237467
16 57 0.224110
16 58 0.211350
16 59 0.198725
16 60 0.187498
16 61 0.177060
16 62 0.168477
16 63 0.160935
16 64 0.155309
16 65 0.150619
16 66 0.147681
16 67 0.145482
16 68 0.144935
16 69 0.145078
16 70 0.146939
16 71 0.149543
16 72 0.153895
16 73 0.158901
16 74 0.165413
16 75 0.172258
16 76 0.180089
16 77 0.187806
16 78 0.195756
16 79 0.203000
16 80 0.209213
16 81 0.213639
16 82 0.214622
16 83 0.211872
16 84 0.201552
16 85 0.185125
16 86 0.155548
16 87 0.119394
16 88 0.064750
16 89 0.009123
16 90 -0.066482
16 91 -0.130660
16 92 -0.202737
16 93 -0.262423
16 94 -0.276725
16 95 -0.337913
16 96 -0.231078
16 97 -0.289777
16 98 -0.121578
16 99 0.000000

17 0 0.000000
17 1 -0.150235
17 2 -0.265765
17 3 -0.217908
17 4 -0.317230
17 5 -0.256448
17 6 -0.256190
17 7 -0.204028
17 8 -0.146682
17 9 -0.091562
17 10 -0.022525
17 11 0.031327
17 12 0.089218
17 13 0.131927
17 14 0.170923
17 15 0.197559
17 16 0.218064
17 17 0.229812
17 18 0.236283
17 19 0.237553
17 20 0.235429
17 21 0.230956
17 22 0.224818
17 23 0.218380
17 24 0.211652
17 25 0.206117
17 26 0.201350
17 27 0.198725
17 28 0.197381
17 29 0.198351
17 30 0.200367
17 31 0.204139
17 32 0.208225
17 33 0.213240
17 34 0.217831
17 35 0.222691
17 36 0.226626
17 37 0.230423
17 38 0.232995
17 39 0.235207
17 40 0.236063
17 41 0.236548
17 42 0.235776
17 43 0.234883
17 44 0.233071
17 45 0.231581
17 46 0.229628
17 47 0.228463
17 48 0.227218
17 49 0.227058
17 50 0.226968
17 51 0.227964
17 52 0.228879
17 53 0.230587
17 54 0.231832
17 55 0.233399
17 56 0.234053
17 57 0.234570
17 58 0.233843
17 59 0.232695
17 60 0.230214
17 61 0.227252
17 62 0.223100
17 63 0.218574
17 64 0.213158
17 65 0.207605
17 66 0.201656
17 67 0.196017
17 68 0.190722
17 69 0.186364
17 70 0.183144
17 71 0.181353
17 72 0.181155
17 73 0.182453
17 74 0.185319
17 75 0.189441
17 76 0.194855
17 77 0.201230
17 78 0.208376
17 79 0.215880
17 80 0.222731
17 81 0.228308
17 82 0.230083
17 83 0.227688
17 84 0.216582
17 85 0.198376
17 86 0.165939
17 87 0.126446
17 88 0.068489
17 89 0.010342
17 90 -0.066563
17 91 -0.130386
17 92 -0.200811
17 93 -0.257687
17 94 -0.269082
17 95 -0.327647
17 96 -0.219596
17 97 -0.279144
17 98 -0.110106
17 99 0.000000

18 0 0.000000
18 1 -0.139499
18 2 -0.258754
18 3 -0.211483
18 4 -0.313087
18 5 -0.256139
18 6 -0.258746
18 7 -0.209457
18 8 -0.153070
18 9 -0.097913
18 10 -0.026969
18 11 0.029359
18 12 0.090459
18 13 0.135783
18 14 0.176972
18 15 0.204505
18 16 0.225265
18 17 0.236283
18 18 0.242038
18 19 0.242426
18 20 0.240183
18 21 0.235962
18 22 0.231128
18 23 0.226385
18 24 0.222340
18 25 0.219691
18 26 0.218729
18 27 0.219964
18 28 0.223371
18 29 0.228918
18 30 0.236175
18 31 0.244464
18 32 0.253163
18 33 0.261213
18 34 0.268175
18 35 0.272936
18 36 0.275483
18 37 0.274819
18 38 0.271433
18 39 0.264543
18 40 0.255184
18 41 0.242884
18 42 0.229223
18 43 0.214028
18 44 0.199277
18 45 0.184905
18 46 0.172986
18 47 0.163267
18 48 0.157569
18 49 0.155174
18 50 0.157396
18 51 0.162916
18 52 0.172470
18 53 0.184207
18 54 0.198424
18 55 0.212985
18 56 0.228037
18 57 0.241490
18 58 0.253648
18 59 0.262752
18 60 0.269473
18 61 0.272496
18 62 0.272898
18 63 0.269767
18 64 0.264531
18 65 0.256589
18 66 0.247665
18 67 0.237367
18 68 0.227587
18 69 0.217916
18 70 0.210134
18 71 0.203515
18 72 0.199480
18 73 0.196935
18 74 0.196993
18 75 0.198489
18 76 0.202381
18 77 0.207651
18 78 0.214812
18 79 0.222766
18 80 0.230782
18 81 0.237443
18 82 0.240097
18 83 0.237699
18 84 0.225565
18 85 0.205199
18 86 0.169714
18 87 0.126917
18 88 0.065912
18 89 0.005975
18 90 -0.071404
18 91 -0.133572
18 92 -0.201256
18 93 -0.253876
18 94 -0.261647
18 95 -0.316300
18 96 -0.207256
18 97 -0.266905
18 98 -0.097362
18 99 0.000000

19 0 0.000000
19 1 -0.126595
19 2 -0.250403
19 3 -0.203747
19 4 -0.308216
19 5 -0.255892
19 6 -0.262660
19 7 -0.217215
19 8 -0.163325
19 9 -0.108960
19 10 -0.037258
19 11 0.021227
19 12 0.085049
19 13 0.133260
19 14 0.176661
19 15 0.205666
19 16 0.226790
19 17 0.237553
19 18 0.242426
19 19 0.242099
19 20 0.239204
19 21 0.235152
19 22 0.230832
19 23 0.227608
19 24 0.225304
19 25 0.225353
19 26 0.227115
19 27 0.232020
19 28 0.238968
19 29 0.248956
19 30 0.260208
19 31 0.273081
19 32 0.285274
19 33 0.296787
19 34 0.305263
19 35 0.310817
19 36 0.311437
19 37 0.307685
19 38 0.298114
19 39 0.283929
19 40 0.264377
19 41 0.241423
19 42 0.215011
19 43 0.187784
19 44 0.160148
19 45 0.135063
19 46 0.112926
19 47 0.096481
19 48 0.085588
19 49 0.082275
19 50 0.085493
19 51 0.096293
19 52 0.112644
19 53 0.134690
19 54 0.159682
19 55 0.187226
19 56 0.214362
19 57 0.240668
19 58 0.263523
19 59 0.282920
19 60 0.296967
19 61 0.306269
19 62 0.309777
19 63 0.308653
19 64 0.302620
19 65 0.293221
19 66 0.280802
19 67 0.267035
19 68 0.252615
19 69 0.238944
19 70 0.226648
19 71 0.216475
19 72 0.208712
19 73 0.203463
19 74 0.200827
19 75 0.200687
19 76 0.203167
19 77 0.208144
19 78 0.215344
19 79 0.224253
19 80 0.233211
19 81 0.241021
19 82 0.244026
19 83 0.241320
19 84 0.227553
19 85 0.204710
19 86 0.165939
19 87 0.119951
19 88 0.056381
19 89 -0.004619
19 90 -0.081273
19 91 -0.140675
19 92 -0.204105
19 93 -0.251415
19 94 -0.254368
19 95 -0.304379
19 96 -0.193930
19 97 -0.253553
19 98 -0.083196
19 99 0.000000

20 0 0.000000
20 1 -0.112310
20 2 -0.240551
20 3 -0.194969
20 4 -0.302081
20 5 -0.255565
20 6 -0.267017
20 7 -0.226847
20 8 -0.176361
20 9 -0.124119
20 10 -0.052314
20 11 0.007527
20 12 0.074067
20 13 0.125075
20 14 0.171313
20 15 0.202162
20 16 0.224541
20 17 0.235429
20 18 0.240183
20 19 0.239204
20 20 0.236131
20 21 0.231941
20 22 0.228379
20 23 0.226068
20 24 0.225592
20 25 0.227426
20 26 0.231798
20 27 0.239062
20 28 0.249168
20 29 0.261862
20 30 0.276535
20 31 0.292000
20 32 0.307180
20 33 0.320229
20 34 0.330136
20 35 0.334976
20 36 0.334350
20 37 0.326725
20 38 0.312643
20 39 0.291258
20 40 0.264213
20 41 0.231489
20 42 0.195802
20 43 0.157843
20 44 0.121050
20 45 0.086370
20 46 0.057325
20 47 0.034456
20 48 0.020658
20 49 0.015469
20 50 0.020642
20 51 0.034417
20 52 0.057278
20 53 0.086293
20 54 0.120974
20 55 0.157725
20 56 0.195692
20 57 0.231311
20 58 0.264037
20 59 0.290953
20 60 0.312301
20 61 0.326123
20 62 0.333594
20 63 0.333702
20 64 0.328457
20 65 0.317583
20 66 0.303678
20 67 0.286848
20 68 0.269856
20 69 0.252662
20 70 0.237665
20 71 0.224230
20 72 0.214127
20 73 0.206206
20 74 0.201859
20 75 0.199927
20 76 0.201659
20 77 0.206039
20 78 0.213613
20 79 0.222950
20 80 0.232764
20 81 0.240905
20 82 0.243791
20 83 0.239833
20 84 0.223891
20 85 0.197924
20 86 0.155708
20 87 0.106587
20 88 0.040946
20 89 -0.020281
20 90 -0.095198
20 91 -0.150562
20 92 -0.208678
20 93 -0.249445
20 94 -0.247046
20 95 -0.291472
20 96 -0.179912
20 97 -0.239028
20 98 -0.068407
20 99 0.000000

21 0 0.000000
21 1 -0.096227
21 2 -0.228952
21 3 -0.184099
21 4 -0.294030
21 5 -0.253656
21 6 -0.270727
21 7 -0.236602
21 8 -0.190918
21 9 -0.141694
21 10 -0.071035
21 11 -0.010356
21 12 0.058275
21 13 0.112263
21 14 0.161412
21 15 0.194886
21 16 0.218967
21 17 0.230956
21 18 0.235962
21 19 0.235152
21 20 0.231941
21 21 0.228185
21 22 0.225074
21 23 0.224047
21 24 0.224748
21 25 0.228505
21 26 0.234362
21 27 0.243726
21 28 0.255214
21 29 0.269859
21 30 0.285528
21 31 0.302487
21 32 0.317876
21 33 0.331448
21 34 0.340175
21 35 0.343953
21 36 0.340224
21 37 0.329587
21 38 0.310364
21 39 0.284176
21 40 0.250397
21 41 0.211772
21 42 0.168668
21 43 0.124761
21 44 0.081022
21 45 0.041510
21 46 0.007124
21 47 -0.018450
21 48 -0.035119
21 49 -0.040252
21 50 -0.035073
21 51 -0.018354
21 52 0.007264
21 53 0.041700
21 54 0.081256
21 55 0.125040
21 56 0.168987
21 57 0.212113
21 58 0.250760
21 59 0.284501
21 60 0.310656
21 61 0.329701
21 62 0.340171
21 63 0.343448
21 64 0.339229
21 65 0.329576
21 66 0.315082
21 67 0.298054
21 68 0.279478
21 69 0.261275
21 70 0.244226
21 71 0.229394
21 72 0.217115
21 73 0.207739
21 74 0.201462
21 75 0.198474
21 76 0.199017
21 77 0.203176
21 78 0.210492
21 79 0.220253
21 80 0.230051
21 81 0.238135
21 82 0.239882
21 83 0.234142
21 84 0.215217
21 85 0.185895
21 86 0.140073
21 87 0.088219
21 88 0.021150
21 89 -0.039344
21 90 -0.111346
21 91 -0.161596
21 92 -0.213213
21 93 -0.246714
21 94 -0.238267
21 95 -0.276907
21 96 -0.164248
21 97 -0.223110
21 98 -0.052565
21 99 0.000000

22 0 0.000000
22 1 -0.079070
22 2 -0.215172
22 3 -0.171116
22 4 -0.283136
22 5 -0.249469
22 6 -0.272304
22 7 -0.245292
22 8 -0.205195
22 9 -0.160312
22 10 -0.091653
22 11 -0.031204
22 12 0.039166
22 13 0.095728
22 14 0.148179
22 15 0.184518
22 16 0.211230
22 17 0.224818
22 18 0.231128
22 19 0.230832
22 20 0.228379
22 21 0.225074
22 22 0.223112
22 23 0.223052
22 24 0.225440
22 25 0.230389
22 26 0.237907
22 27 0.247993
22 28 0.260473
22 29 0.274850
22 30 0.290495
22 31 0.305986
22 32 0.320231
22 33 0.331090
22 34 0.337570
22 35 0.337485
22 36 0.330615
22 37 0.315327
22 38 0.292573
22 39 0.261572
22 40 0.224553
22 41 0.181630
22 42 0.136148
22 43 0.088888
22 44 0.043870
22 45 0.002018
22 46 -0.032655
22 47 -0.059751
22 48 -0.075981
22 49 -0.082048
22 50 -0.075882
22 51 -0.059562
22 52 -0.032358
22 53 0.002396
22 54 0.044362
22 55 0.089444
22 56 0.136823
22 57 0.182332
22 58 0.225359
22 59 0.262328
22 60 0.293376
22 61 0.315922
22 62 0.331114
22 63 0.337478
22 64 0.337173
22 65 0.329685
22 66 0.317934
22 67 0.301936
22 68 0.284836
22 69 0.266524
22 70 0.249743
22 71 0.233797
22 72 0.220821
22 73 0.209716
22 74 0.202341
22 75 0.197704
22 76 0.197468
22 77 0.200640
22 78 0.207756
22 79 0.216986
22 80 0.226463
22 81 0.233385
22 82 0.233488
22 83 0.224992
22 84 0.202784
22 85 0.169699
22 86 0.120559
22 87 0.066366
22 88 -0.001230
22 89 -0.060001
22 90 -0.127968
22 91 -0.172036
22 92 -0.216365
22 93 -0.241902
22 94 -0.227346
22 95 -0.259947
22 96 -0.146957
22 97 -0.205495
22 98 -0.036353
22 99 0.000000

23 0 0.000000
23 1 -0.060311
23 2 -0.198819
23 3 -0.154886
23 4 -0.268514
23 5 -0.241269
23 6 -0.270249
23 7 -0.250701
23 8 -0.217271
23 9 -0.177553
23 10 -0.112200
23 11 -0.052747
23 12 0.018411
23 13 0.077369
23 14 0.132850
23 15 0.172599
23 16 0.202216
23 17 0.218380
23 18 0.226385
23 19 0.227608
23 20 0.226068
23 21 0.224047
23 22 0.223052
23 23 0.224628
23 24 0.228171
23 25 0.234775
23 26 0.242925
23 27 0.253777
23 28 0.265456
23 29 0.278974
23 30 0.291920
23 31 0.304778
23 32 0.314576
23 33 0.321451
23 34 0.322383
23 35 0.317803
23 36 0.305289
23 37 0.286113
23 38 0.258792
23 39 0.225630
23 40 0.186072
23 41 0.143352
23 42 0.097604
23 43 0.052681
23 44 0.008994
23 45 -0.029471
23 46 -0.062553
23 47 -0.086680
23 48 -0.102433
23 49 -0.107098
23 50 -0.102304
23 51 -0.086419
23 52 -0.062165
23 53 -0.028951
23 54 0.009637
23 55 0.053447
23 56 0.098483
23 57 0.144324
23 58 0.187128
23 59 0.226702
23 60 0.259874
23 61 0.287045
23 62 0.306066
23 63 0.318118
23 64 0.322229
23 65 0.320309
23 66 0.312437
23 67 0.300881
23 68 0.286289
23 69 0.270655
23 70 0.254609
23 71 0.239452
23 72 0.225623
23 73 0.213931
23 74 0.204898
23 75 0.199253
23 76 0.197486
23 77 0.199949
23 78 0.205958
23 79 0.214576
23 80 0.222664
23 81 0.228072
23 82 0.225506
23 83 0.213974
23 84 0.187910
23 85 0.151276
23 86 0.099011
23 87 0.043321
23 88 -0.023946
23 89 -0.079854
23 90 -0.142754
23 91 -0.179775
23 92 -0.216143
23 93 -0.233517
23 94 -0.212813
23 95 -0.239791
23 96 -0.127093
23 97 -0.185869
23 98 -0.019240
23 99 0.000000

24 0 0.000000
24 1 -0.040697
24 2 -0.179764
24 3 -0.135743
24 4 -0.249741
24 5 -0.228858
24 6 -0.263654
24 7 -0.252109
24 8 -0.225817
24 9 -0.192386
24 10 -0.131209
24 11 -0.073985
24 12 -0.002691
24 13 0.057873
24 14 0.116404
24 15 0.159430
24 16 0.192642
24 17 0.211652
24 18 0.222340
24 19 0.225304
24 20 0.225592
24 21 0.224748
24 22 0.225440
24 23 0.228171
24 24 0.233427
24 25 0.240822
24 26 0.249939
24 27 0.260149
24 28 0.270943
24 29 0.281447
24 30 0.291088
24 31 0.298445
24 32 0.302899
24 33 0.302620
24 34 0.297390
24 35 0.285519
24 36 0.267739
24 37 0.242934
24 38 0.212975
24 39 0.177365
24 40 0.138915
24 41 0.097506
24 42 0.056506
24 43 0.015838
24 44 -0.020979
24 45 -0.054303
24 46 -0.080827
24 47 -0.101433
24 48 -0.113286
24 49 -0.117929
24 50 -0.113135
24 51 -0.101142
24 52 -0.080376
24 53 -0.053725
24 54 -0.020235
24 55 0.016687
24 56 0.057520
24 57 0.098579
24 58 0.140129
24 59 0.178543
24 60 0.214218
24 61 0.243956
24 62 0.268654
24 63 0.285877
24 64 0.297310
24 65 0.301429
24 66 0.300725
24 67 0.294365
24 68 0.285271
24 69 0.272783
24 70 0.259751
24 71 0.245341
24 72 0.232191
24 73 0.219463
24 74 0.209755
24 75 0.202443
24 76 0.199735
24 77 0.200682
24 78 0.205788
24 79 0.212799
24 80 0.219349
24 81 0.222183
24 82 0.216717
24 83 0.201400
24 84 0.171619
24 85 0.131385
24 86 0.076750
24 87 0.020231
24 88 -0.045548
24 89 -0.097642
24 90 -0.154469
24 91 -0.183790
24 92 -0.211839
24 93 -0.221001
24 94 -0.194586
24 95 -0.216313
24 96 -0.105076
24 97 -0.164279
24 98 -0.001941
24 99 0.000000

25 0 0.000000
25 1 -0.019918
25 2 -0.158071
25 3 -0.113204
25 4 -0.226645
25 5 -0.211378
25 6 -0.251846
25 7 -0.248164
25 8 -0.229645
25 9 -0.203045
25 10 -0.147201
25 11 -0.093000
25 12 -0.022693
25 13 0.039049
25 14 0.100036
25 15 0.146622
25 16 0.183421
25 17 0.206117
25 18 0.219691
25 19 0.225353
25 20 0.227426
25 21 0.228505
25 22 0.230389
25 23 0.234775
25 24 0.240822
25 25 0.249337
25 26 0.258099
25 27 0.267815
25 28 0.275916
25 29 0.283294
25 30 0.287288
25 31 0.288844
25 32 0.285281
25 33 0.277709
25 34 0.263774
25 35 0.245161
25 36 0.220220
25 37 0.191466
25 38 0.157966
25 39 0.122892
25 40 0.085654
25 41 0.049654
25 42 0.014175
25 43 -0.017542
25 44 -0.046648
25 45 -0.070255
25 46 -0.090005
25 47 -0.103342
25 48 -0.112282
25 49 -0.114469
25 50 -0.112129
25 51 -0.103034
25 52 -0.089550
25 53 -0.069643
25 54 -0.045897
25 55 -0.016647
25 56 0.015194
25 57 0.050777
25 58 0.086860
25 59 0.124109
25 60 0.159174
25 61 0.192494
25 62 0.221047
25 63 0.245458
25 64 0.263518
25 65 0.276352
25 66 0.282802
25 67 0.284449
25 68 0.281004
25 69 0.274144
25 70 0.264095
25 71 0.252379
25 72 0.239628
25 73 0.227322
25 74 0.216491
25 75 0.208561
25 76 0.204309
25 77 0.204348
25 78 0.207708
25 79 0.213246
25 80 0.217215
25 81 0.217337
25 82 0.208059
25 83 0.188999
25 84 0.155164
25 85 0.111926
25 86 0.055332
25 87 -0.000934
25 88 -0.064392
25 89 -0.111611
25 90 -0.161702
25 91 -0.182848
25 92 -0.202503
25 93 -0.203768
25 94 -0.172163
25 95 -0.189442
25 96 -0.080636
25 97 -0.140863
25 98 0.015846
25 99 0.000000

26 0 0.000000
26 1 0.001088
26 2 -0.134211
26 3 -0.088256
26 4 -0.199738
26 5 -0.189623
26 6 -0.235052
26 7 -0.239254
26 8 -0.228548
26 9 -0.209519
26 10 -0.159638
26 11 -0.109608
26 12 -0.040976
26 13 0.020977
26 14 0.084249
26 15 0.133998
26 16 0.174912
26 17 0.201350
26 18 0.218729
26 19 0.227115
26 20 0.231798
26 21 0.234362
26 22 0.237907
26 23 0.242925
26 24 0.249939
26 25 0.258099
26 26 0.266565
26 27 0.273992
26 28 0.279465
26 29 0.281673
26 30 0.280185
26 31 0.273778
26 32 0.262673
26 33 0.245801
26 34 0.224266
26 35 0.197364
26 36 0.167244
26 37 0.133605
26 38 0.099421
26 39 0.064443
26 40 0.031904
26 41 0.001066
26 42 -0.025154
26 43 -0.048331
26 44 -0.066107
26 45 -0.080849
26 46 -0.090593
26 47 -0.098113
26 48 -0.101439
26 49 -0.103271
26 50 -0.101287
26 51 -0.097820
26 52 -0.090139
26 53 -0.080271
26 54 -0.065361
26 55 -0.047490
26 56 -0.024152
26 57 0.002107
26 58 0.033071
26 59 0.065539
26 60 0.100551
26 61 0.134453
26 62 0.167930
26 63 0.197396
26 64 0.223772
26 65 0.244056
26 66 0.259819
26 67 0.268838
26 68 0.273360
26 69 0.271807
26 70 0.266940
26 71 0.257707
26 72 0.247302
26 73 0.235222
