0 0 0.000000
0 1 0.000000
0 2 0.000000
0 3 0.000000
0 4 0.000000
0 5 0.000000
0 6 0.000000
0 7 0.000000
0 8 0.000000
0 9 0.000000
0 10 0.000000
0 11 0.000000
0 12 0.000000
0 13 0.000000
0 14 0.000000
0 15 0.000000
0 16 0.000000
0 17 0.000000
0 18 0.000000
0 19 0.000000
0 20 0.000000
0 21 0.000000
0 22 0.000000
0 23 0.000000
0 24 0.000000
0 25 0.000000
0 26 0.000000
0 27 0.000000
0 28 0.000000
0 29 0.000000
0 30 0.000000
0 31 0.000000
0 32 0.000000
0 33 0.000000
0 34 0.000000
0 35 0.000000
0 36 0.000000
0 37 0.000000
0 38 0.000000
0 39 0.000000
0 40 0.000000
0 41 0.000000
0 42 0.000000
0 43 0.000000
0 44 0.000000
0 45 0.000000
0 46 0.000000
0 47 0.000000
0 48 0.000000
0 49 0.000000
0 50 0.000000
0 51 0.000000
0 52 0.000000
0 53 0.000000
0 54 0.000000
0 55 0.000000
0 56 0.000000
0 57 0.000000
0 58 0.000000
0 59 0.000000
0 60 0.000000
0 61 0.000000
0 62 0.000000
0 63 0.000000
0 64 0.000000
0 65 0.000000
0 66 0.000000
0 67 0.000000
0 68 0.000000
0 69 0.000000
0 70 0.000000
0 71 0.000000
0 72 0.000000
0 73 0.000000
0 74 0.000000
0 75 0.000000
0 76 0.000000
0 77 0.000000
0 78 0.000000
0 79 0.000000
0 80 0.000000
0 81 0.000000
0 82 0.000000
0 83 0.000000
0 84 0.000000
0 85 0.000000
0 86 0.000000
0 87 0.000000
0 88 0.000000
0 89 0.000000
0 90 0.000000
0 91 0.000000
0 92 0.000000
0 93 0.000000
0 94 0.000000
0 95 0.000000
0 96 0.000000
0 97 0.000000
0 98 0.000000
0 99 0.000000

1 0 0.000000
1 1 0.006851
1 2 0.003051
1 3 0.004279
1 4 0.007763
1 5 0.005156
1 6 0.011881
1 7 0.009357
1 8 0.013852
1 9 0.012054
1 10 0.010531
1 11 0.007978
1 12 0.002070
1 13 0.000628
1 14 -0.000807
1 15 0.007393
1 16 0.022046
1 17 0.048476
1 18 0.082890
1 19 0.123982
1 20 0.165489
1 21 0.201708
1 22 0.225995
1 23 0.233487
1 24 0.221383
1 25 0.189867
1 26 0.141896
1 27 0.082701
1 28 0.018775
1 29 -0.043218
1 30 -0.097475
1 31 -0.139794
1 32 -0.167948
1 33 -0.181673
1 34 -0.182358
1 35 -0.172530
1 36 -0.155290
1 37 -0.133776
1 38 -0.110779
1 39 -0.088472
1 40 -0.068344
1 41 -0.051211
1 42 -0.037349
1 43 -0.026629
1 44 -0.018690
1 45 -0.013054
1 46 -0.009247
1 47 -0.006844
1 48 -0.005535
1 49 -0.005119
1 50 -0.005536
1 51 -0.006845
1 52 -0.009249
1 53 -0.013057
1 54 -0.018694
1 55 -0.026632
1 56 -0.037352
1 57 -0.051213
1 58 -0.068345
1 59 -0.088471
1 60 -0.110776
1 61 -0.133771
1 62 -0.155282
1 63 -0.172519
1 64 -0.182345
1 65 -0.181657
1 66 -0.167932
1 67 -0.139777
1 68 -0.097459
1 69 -0.043201
1 70 0.018792
1 71 0.082721
1 72 0.141921
1 73 0.189892
1 74 0.221414
1 75 0.233501
1 76 0.226025
1 77 0.201661
1 78 0.165538
1 79 0.123774
1 80 0.083081
1 81 0.047921
1 82 0.022674
1 83 0.006253
1 84 0.000570
1 85 -0.001081
1 86 0.003955
1 87 0.006585
1 88 0.011616
1 89 0.012743
1 90 0.012518
1 91 0.013072
1 92 0.008039
1 93 0.010094
1 94 0.003797
1 95 0.006156
1 96 0.003270
1 97 0.002018
1 98 0.005730
1 99 0.000000

2 0 0.000000
2 1 0.003051
2 2 -0.005789
2 3 -0.001361
2 4 -0.005539
2 5 -0.004088
2 6 -0.002198
2 7 -0.003089
2 8 0.000872
2 9 -0.002835
2 10 -0.004295
2 11 -0.013606
2 12 -0.025467
2 13 -0.040667
2 14 -0.056945
2 15 -0.067578
2 16 -0.070129
2 17 -0.057273
2 18 -0.028239
2 19 0.018304
2 20 0.077728
2 21 0.143779
2 22 0.207243
2 23 0.259035
2 24 0.291232
2 25 0.298945
2 26 0.280975
2 27 0.239938
2 28 0.181542
2 29 0.113397
2 30 0.043608
2 31 -0.020534
2 32 -0.073503
2 33 -0.112056
2 34 -0.135254
2 35 -0.144145
2 36 -0.141157
2 37 -0.129477
2 38 -0.112408
2 39 -0.092938
2 40 -0.073423
2 41 -0.055509
2 42 -0.040128
2 43 -0.027654
2 44 -0.018027
2 45 -0.010962
2 46 -0.006041
2 47 -0.002871
2 48 -0.001108
2 49 -0.000551
2 50 -0.001114
2 51 -0.002883
2 52 -0.006059
2 53 -0.010986
2 54 -0.018057
2 55 -0.027689
2 56 -0.040169
2 57 -0.055556
2 58 -0.073474
2 59 -0.092994
2 60 -0.112468
2 61 -0.129541
2 62 -0.141226
2 63 -0.144218
2 64 -0.135333
2 65 -0.112141
2 66 -0.073595
2 67 -0.020633
2 68 0.043504
2 69 0.113290
2 70 0.181434
2 71 0.239831
2 72 0.280872
2 73 0.298840
2 74 0.291126
2 75 0.258897
2 76 0.207107
2 77 0.143538
2 78 0.077557
2 79 0.017849
2 80 -0.028374
2 81 -0.058085
2 82 -0.070101
2 83 -0.068792
2 84 -0.056808
2 85 -0.041858
2 86 -0.025865
2 87 -0.013671
2 88 -0.006194
2 89 -0.000912
2 90 -0.002249
2 91 -0.000290
2 92 -0.004385
2 93 -0.003481
2 94 -0.004713
2 95 -0.005928
2 96 -0.001658
2 97 -0.005757
2 98 0.002013
2 99 0.000000

3 0 0.000000
3 1 0.004279
3 2 -0.001361
3 3 0.001021
3 4 0.001735
3 5 0.000947
3 6 0.006414
3 7 0.005062
3 8 0.010415
3 9 0.008566
3 10 0.007597
3 11 0.001736
3 12 -0.009171
3 13 -0.020637
3 14 -0.035439
3 15 -0.043062
3 16 -0.044034
3 17 -0.028853
3 18 0.002022
3 19 0.050866
3 20 0.112409
3 21 0.180289
3 22 0.244457
3 23 0.295082
3 24 0.323402
3 25 0.324012
3 26 0.295604
3 27 0.241239
3 28 0.167562
3 29 0.083496
3 30 -0.001412
3 31 -0.078505
3 32 -0.141215
3 33 -0.185675
3 34 -0.210833
3 35 -0.218038
3 36 -0.210393
3 37 -0.191916
3 38 -0.166832
3 39 -0.138943
3 40 -0.111301
3 41 -0.086011
3 42 -0.064311
3 43 -0.046659
3 44 -0.032999
3 45 -0.022911
3 46 -0.015863
3 47 -0.011285
3 48 -0.008742
3 49 -0.007923
3 50 -0.008745
3 51 -0.011290
3 52 -0.015871
3 53 -0.022922
3 54 -0.033012
3 55 -0.046674
3 56 -0.064329
3 57 -0.086030
3 58 -0.111322
3 59 -0.138964
3 60 -0.166856
3 61 -0.191940
3 62 -0.210419
3 63 -0.218066
3 64 -0.210864
3 65 -0.185710
3 66 -0.141255
3 67 -0.078549
3 68 -0.001459
3 69 0.083450
3 70 0.167522
3 71 0.241208
3 72 0.295587
3 73 0.324004
3 74 0.323412
3 75 0.295074
3 76 0.244487
3 77 0.180212
3 78 0.112492
3 79 0.050593
3 80 0.002306
3 81 -0.029548
3 82 -0.043301
3 83 -0.044404
3 84 -0.034157
3 85 -0.022406
3 86 -0.007939
3 87 0.000662
3 88 0.007415
3 89 0.009683
3 90 0.008094
3 91 0.008564
3 92 0.003190
3 93 0.004655
3 94 0.000034
3 95 0.000951
3 96 0.000659
3 97 -0.001622
3 98 0.003285
3 99 0.000000

4 0 0.000000
4 1 0.007763
4 2 -0.005539
4 3 0.001735
4 4 -0.003770
4 5 -0.002748
4 6 0.000111
4 7 -0.004266
4 8 0.000549
4 9 -0.007237
4 10 -0.009496
4 11 -0.021370
4 12 -0.034726
4 13 -0.050103
4 14 -0.066087
4 15 -0.073180
4 16 -0.070295
4 17 -0.047352
4 18 -0.004451
4 19 0.060868
4 20 0.142544
4 21 0.233049
4 22 0.320349
4 23 0.392378
4 24 0.438016
4 25 0.449872
4 26 0.425328
4 27 0.367040
4 28 0.282239
4 29 0.181264
4 30 0.075694
4 31 -0.023559
4 32 -0.107747
4 33 -0.171239
4 34 -0.211753
4 35 -0.230075
4 36 -0.229283
4 37 -0.213876
4 38 -0.188800
4 39 -0.158755
4 40 -0.127615
4 41 -0.098255
4 42 -0.072439
4 43 -0.051041
4 44 -0.034181
4 45 -0.021566
4 46 -0.012617
4 47 -0.006765
4 48 -0.003470
4 49 -0.002423
4 50 -0.003478
4 51 -0.006781
4 52 -0.012642
4 53 -0.021599
4 54 -0.034223
4 55 -0.051091
4 56 -0.072497
4 57 -0.098322
4 58 -0.127691
4 59 -0.158839
4 60 -0.188894
4 61 -0.213981
4 62 -0.229399
4 63 -0.230206
4 64 -0.211899
4 65 -0.171405
4 66 -0.107933
4 67 -0.023767
4 68 0.075467
4 69 0.181018
4 70 0.281980
4 71 0.366770
4 72 0.425051
4 73 0.449582
4 74 0.437724
4 75 0.392040
4 76 0.320040
4 77 0.232594
4 78 0.142271
4 79 0.060173
4 80 -0.004514
4 81 -0.048493
4 82 -0.069925
4 83 -0.074892
4 84 -0.065398
4 85 -0.051860
4 86 -0.034834
4 87 -0.021581
4 88 -0.012331
4 89 -0.004453
4 90 -0.005295
4 91 0.000142
4 92 -0.005150
4 93 -0.001427
4 94 -0.003693
4 95 -0.004622
4 96 0.000986
4 97 -0.005839
4 98 0.006209
4 99 0.000000

5 0 0.000000
5 1 0.005156
5 2 -0.004088
5 3 0.000947
5 4 -0.002748
5 5 -0.002103
5 6 -0.000057
5 7 -0.004512
5 8 -0.001967
5 9 -0.010337
5 10 -0.015176
5 11 -0.027675
5 12 -0.042872
5 13 -0.058406
5 14 -0.075330
5 15 -0.082479
5 16 -0.080380
5 17 -0.057928
5 18 -0.015773
5 19 0.049477
5 20 0.131945
5 21 0.224741
5 22 0.315840
5 23 0.392959
5 24 0.444211
5 25 0.461203
5 26 0.440184
5 27 0.382904
5 28 0.296052
5 29 0.189990
5 30 0.076810
5 31 -0.031629
5 32 -0.125455
5 33 -0.197884
5 34 -0.245721
5 35 -0.269112
5 36 -0.270924
5 37 -0.255725
5 38 -0.228866
5 39 -0.195537
5 40 -0.160237
5 41 -0.126334
5 42 -0.096089
5 43 -0.070639
5 44 -0.050351
5 45 -0.034956
5 46 -0.023943
5 47 -0.016642
5 48 -0.012530
5 49 -0.011193
5 50 -0.012535
5 51 -0.016652
5 52 -0.023957
5 53 -0.034975
5 54 -0.050375
5 55 -0.070667
5 56 -0.096122
5 57 -0.126371
5 58 -0.160279
5 59 -0.195583
5 60 -0.228919
5 61 -0.255784
5 62 -0.270993
5 63 -0.269190
5 64 -0.245813
5 65 -0.197991
5 66 -0.125581
5 67 -0.031771
5 68 0.076650
5 69 0.189817
5 70 0.295868
5 71 0.382713
5 72 0.439990
5 73 0.460998
5 74 0.444012
5 75 0.392715
5 76 0.315647
5 77 0.224393
5 78 0.131842
5 79 0.048896
5 80 -0.015561
5 81 -0.058967
5 82 -0.079561
5 83 -0.084154
5 84 -0.073949
5 85 -0.060263
5 86 -0.041996
5 87 -0.028204
5 88 -0.016785
5 89 -0.008172
5 90 -0.006605
5 91 -0.000964
5 92 -0.004530
5 93 -0.001126
5 94 -0.003019
5 95 -0.003590
5 96 0.000172
5 97 -0.004506
5 98 0.003917
5 99 0.000000

6 0 0.000000
6 1 0.011881
6 2 -0.002198
6 3 0.006414
6 4 0.000111
6 5 -0.000057
6 6 0.001811
6 7 -0.007181
6 8 -0.004214
6 9 -0.017119
6 10 -0.021359
6 11 -0.034680
6 12 -0.046659
6 13 -0.057380
6 14 -0.066798
6 15 -0.064691
6 16 -0.052710
6 17 -0.020449
6 18 0.030189
6 19 0.102427
6 20 0.190100
6 21 0.286775
6 22 0.380760
6 23 0.460154
6 24 0.513089
6 25 0.530888
6 26 0.509260
6 27 0.449330
6 28 0.357347
6 29 0.243528
6 30 0.120286
6 31 0.000150
6 32 -0.106007
6 33 -0.190361
6 34 -0.248700
6 35 -0.280466
6 36 -0.288067
6 37 -0.276051
6 38 -0.249948
6 39 -0.215451
6 40 -0.177557
6 41 -0.140270
6 42 -0.106294
6 43 -0.077240
6 44 -0.053682
6 45 -0.035591
6 46 -0.022452
6 47 -0.013691
6 48 -0.008683
6 49 -0.007080
6 50 -0.008692
6 51 -0.013709
6 52 -0.022480
6 53 -0.035629
6 54 -0.053728
6 55 -0.077297
6 56 -0.106359
6 57 -0.140347
6 58 -0.177643
6 59 -0.215549
6 60 -0.250057
6 61 -0.276175
6 62 -0.288206
6 63 -0.280624
6 64 -0.248879
6 65 -0.190566
6 66 -0.106237
6 67 -0.000108
6 68 0.120003
6 69 0.243220
6 70 0.357020
6 71 0.448982
6 72 0.508899
6 73 0.530500
6 74 0.512700
6 75 0.459699
6 76 0.380361
6 77 0.286187
6 78 0.189792
6 79 0.101567
6 80 0.030222
6 81 -0.021815
6 82 -0.052038
6 83 -0.066713
6 84 -0.065626
6 85 -0.059439
6 86 -0.046360
6 87 -0.034828
6 88 -0.024519
6 89 -0.013533
6 90 -0.011836
6 91 -0.001733
6 92 -0.005971
6 93 0.001088
6 94 -0.000995
6 95 -0.001180
6 96 0.004953
6 97 -0.003102
6 98 0.010308
6 99 0.000000

7 0 0.000000
7 1 0.009357
7 2 -0.003089
7 3 0.005062
7 4 -0.004266
7 5 -0.004512
7 6 -0.007181
7 7 -0.018637
7 8 -0.020148
7 9 -0.036491
7 10 -0.043995
7 11 -0.058522
7 12 -0.070115
7 13 -0.077544
7 14 -0.082075
7 15 -0.073344
7 16 -0.054975
7 17 -0.017100
7 18 0.036963
7 19 0.110498
7 20 0.197412
7 21 0.292343
7 22 0.384612
7 23 0.463413
7 24 0.517400
7 25 0.537897
7 26 0.519953
7 27 0.463692
7 28 0.374206
7 29 0.260812
7 30 0.135394
7 31 0.010551
7 32 -0.102359
7 33 -0.194595
7 34 -0.260982
7 35 -0.299952
7 36 -0.313245
7 37 -0.304920
7 38 -0.280489
7 39 -0.245751
7 40 -0.206167
7 41 -0.166131
7 42 -0.128915
7 43 -0.096461
7 44 -0.069764
7 45 -0.048913
7 46 -0.033623
7 47 -0.023270
7 48 -0.017354
7 49 -0.015412
7 50 -0.017364
7 51 -0.023291
7 52 -0.033655
7 53 -0.048954
7 54 -0.069816
7 55 -0.096523
7 56 -0.128989
7 57 -0.166214
7 58 -0.206263
7 59 -0.245858
7 60 -0.280610
7 61 -0.305055
7 62 -0.313398
7 63 -0.300124
7 64 -0.261178
7 65 -0.194815
7 66 -0.102606
7 67 0.010280
7 68 0.135098
7 69 0.260496
7 70 0.373870
7 71 0.463339
7 72 0.519586
7 73 0.537503
7 74 0.517008
7 75 0.462951
7 76 0.384222
7 77 0.291741
7 78 0.197135
7 79 0.109595
7 80 0.037058
7 81 -0.018572
7 82 -0.054197
7 83 -0.075569
7 84 -0.080759
7 85 -0.079924
7 86 -0.069663
7 87 -0.059063
7 88 -0.047031
7 89 -0.033363
7 90 -0.027677
7 91 -0.014240
7 92 -0.014477
7 93 -0.005833
7 94 -0.004269
7 95 -0.004763
7 96 0.003647
7 97 -0.003851
7 98 0.008301
7 99 0.000000

8 0 0.000000
8 1 0.013852
8 2 0.000872
8 3 0.010415
8 4 0.000549
8 5 -0.001967
8 6 -0.004214
8 7 -0.020148
8 8 -0.021119
8 9 -0.040081
8 10 -0.045818
8 11 -0.057913
8 12 -0.063583
8 13 -0.062624
8 14 -0.056876
8 15 -0.036995
8 16 -0.008740
8 17 0.036530
8 18 0.093857
8 19 0.166398
8 20 0.248319
8 21 0.335731
8 22 0.419653
8 23 0.491132
8 24 0.540155
8 25 0.558638
8 26 0.541389
8 27 0.487551
8 28 0.400892
8 29 0.289332
8 30 0.163753
8 31 0.036207
8 32 -0.081806
8 33 -0.181002
8 34 -0.255221
8 35 -0.301957
8 36 -0.321972
8 37 -0.318771
8 38 -0.297457
8 39 -0.263931
8 40 -0.223802
8 41 -0.181985
8 42 -0.142110
8 43 -0.106692
8 44 -0.076979
8 45 -0.053475
8 46 -0.035944
8 47 -0.024005
8 48 -0.017068
8 49 -0.014834
8 50 -0.017080
8 51 -0.024030
8 52 -0.035980
8 53 -0.053525
8 54 -0.077040
8 55 -0.106767
8 56 -0.142196
8 57 -0.182086
8 58 -0.223915
8 59 -0.264060
8 60 -0.297600
8 61 -0.318933
8 62 -0.322152
8 63 -0.302160
8 64 -0.255446
8 65 -0.181253
8 66 -0.082080
8 67 0.035908
8 68 0.163436
8 69 0.288996
8 70 0.400545
8 71 0.487188
8 72 0.541022
8 73 0.558245
8 74 0.539777
8 75 0.490684
8 76 0.419303
8 77 0.335151
8 78 0.248114
8 79 0.165495
8 80 0.094048
8 81 0.034995
8 82 -0.007861
8 83 -0.039372
8 84 -0.055518
8 85 -0.065211
8 86 -0.063324
8 87 -0.058440
8 88 -0.049659
8 89 -0.036057
8 90 -0.030573
8 91 -0.013691
8 92 -0.014169
8 93 -0.001509
8 94 -0.000635
8 95 0.000597
8 96 0.009109
8 97 0.000285
8 98 0.013280
8 99 0.000000

9 0 0.000000
9 1 0.012054
9 2 -0.002835
9 3 0.008566
9 4 -0.007237
9 5 -0.010337
9 6 -0.017119
9 7 -0.036491
9 8 -0.040081
9 9 -0.061008
9 10 -0.066268
9 11 -0.075357
9 12 -0.075255
9 13 -0.065539
9 14 -0.049523
9 15 -0.018658
9 16 0.018935
9 17 0.070676
9 18 0.129944
9 19 0.199820
9 20 0.274817
9 21 0.352735
9 22 0.426524
9 23 0.489449
9 24 0.533108
9 25 0.550306
9 26 0.535660
9 27 0.487323
9 28 0.407411
9 29 0.302135
9 30 0.180819
9 31 0.054629
9 32 -0.065261
9 33 -0.169102
9 34 -0.249951
9 35 -0.304109
9 36 -0.331347
9 37 -0.334176
9 38 -0.317250
9 39 -0.286132
9 40 -0.246656
9 41 -0.203913
9 42 -0.162119
9 43 -0.124097
9 44 -0.091677
9 45 -0.065532
9 46 -0.045843
9 47 -0.032204
9 48 -0.024294
9 49 -0.021671
9 50 -0.024312
9 51 -0.032240
9 52 -0.045898
9 53 -0.065605
9 54 -0.091769
9 55 -0.124206
9 56 -0.162248
9 57 -0.204059
9 58 -0.246824
9 59 -0.286319
9 60 -0.317461
9 61 -0.334408
9 62 -0.331607
9 63 -0.304394
9 64 -0.250266
9 65 -0.169443
9 66 -0.065631
9 67 0.054236
9 68 0.180404
9 69 0.301704
9 70 0.406966
9 71 0.486864
9 72 0.535193
9 73 0.549812
9 74 0.532629
9 75 0.488892
9 76 0.426077
9 77 0.352025
9 78 0.274514
9 79 0.198727
9 80 0.130008
9 81 0.068828
9 82 0.019621
9 83 -0.021529
9 84 -0.048479
9 85 -0.068857
9 86 -0.075527
9 87 -0.076803
9 88 -0.070968
9 89 -0.057744
9 90 -0.050694
9 91 -0.030565
9 92 -0.027632
9 93 -0.011658
9 94 -0.006390
9 95 -0.004983
9 96 0.008511
9 97 -0.001890
9 98 0.012489
9 99 0.000000

10 0 0.000000
10 1 0.010531
10 2 -0.004295
10 3 0.007597
10 4 -0.009496
10 5 -0.015176
10 6 -0.021359
10 7 -0.043995
10 8 -0.045818
10 9 -0.066268
10 10 -0.067219
10 11 -0.070313
10 12 -0.061690
10 13 -0.041531
10 14 -0.014574
10 15 0.026687
10 16 0.071956
10 17 0.127504
10 18 0.185330
10 19 0.248619
10 20 0.312501
10 21 0.376657
10 22 0.436269
10 23 0.487055
10 24 0.522555
10 25 0.536657
10 26 0.524011
10 27 0.481718
10 28 0.410203
10 29 0.313577
10 30 0.199355
10 31 0.077277
10 32 -0.042015
10 33 -0.148740
10 34 -0.235112
10 35 -0.296447
10 36 -0.331190
10 37 -0.340927
10 38 -0.329396
10 39 -0.301912
10 40 -0.264080
10 41 -0.221391
10 42 -0.178259
10 43 -0.138170
10 44 -0.103198
10 45 -0.074617
10 46 -0.052681
10 47 -0.037415
10 48 -0.028392
10 49 -0.025470
10 50 -0.028408
10 51 -0.037449
10 52 -0.052730
10 53 -0.074684
10 54 -0.103280
10 55 -0.138270
10 56 -0.178373
10 57 -0.221524
10 58 -0.264229
10 59 -0.302080
10 60 -0.329581
10 61 -0.341134
10 62 -0.331416
10 63 -0.296698
10 64 -0.235381
10 65 -0.149033
10 66 -0.042323
10 67 0.076953
10 68 0.199025
10 69 0.313238
10 70 0.409865
10 71 0.481372
10 72 0.523670
10 73 0.536292
10 74 0.522221
10 75 0.486636
10 76 0.435986
10 77 0.376081
10 78 0.312374
10 79 0.247616
10 80 0.185556
10 81 0.125647
10 82 0.072750
10 83 0.023672
10 84 -0.013509
10 85 -0.045140
10 86 -0.062106
10 87 -0.072062
10 88 -0.072431
10 89 -0.062634
10 90 -0.057633
10 91 -0.036046
10 92 -0.033447
10 93 -0.013589
10 94 -0.008359
10 95 -0.004604
10 96 0.009639
10 97 -0.001131
10 98 0.012297
10 99 0.000000

11 0 0.000000
11 1 0.007978
11 2 -0.013606
11 3 0.001736
11 4 -0.021370
11 5 -0.027675
11 6 -0.034680
11 7 -0.058522
11 8 -0.057913
11 9 -0.075357
11 10 -0.070313
11 11 -0.065317
11 12 -0.046971
11 13 -0.015794
11 14 0.021739
11 15 0.072259
11 16 0.123513
11 17 0.180912
11 18 0.235350
11 19 0.290311
11 20 0.341606
11 21 0.390841
11 22 0.435357
11 23 0.473384
11 24 0.500390
11 25 0.511524
11 26 0.501490
11 27 0.466519
11 28 0.405206
11 29 0.319584
11 30 0.214990
11 31 0.099636
11 32 -0.016838
11 33 -0.124627
11 34 -0.215481
11 35 -0.283501
11 36 -0.326026
11 37 -0.343270
11 38 -0.338212
11 39 -0.315383
11 40 -0.280391
11 41 -0.238604
11 42 -0.195008
11 43 -0.153282
11 44 -0.116232
11 45 -0.085285
11 46 -0.061317
11 47 -0.044318
11 48 -0.034314
11 49 -0.030958
11 50 -0.034338
11 51 -0.044363
11 52 -0.061386
11 53 -0.085375
11 54 -0.116347
11 55 -0.153417
11 56 -0.195167
11 57 -0.238783
11 58 -0.280595
11 59 -0.315606
11 60 -0.338462
11 61 -0.343541
11 62 -0.326326
11 63 -0.283822
11 64 -0.215831
11 65 -0.124995
11 66 -0.017229
11 67 0.099233
11 68 0.214571
11 69 0.319157
11 70 0.404766
11 71 0.466064
11 72 0.501024
11 73 0.511015
11 74 0.499890
11 75 0.472763
11 76 0.434851
11 77 0.389973
11 78 0.341180
11 79 0.288883
11 80 0.235169
11 81 0.178447
11 82 0.123766
11 83 0.068443
11 84 0.022147
11 85 -0.020370
11 86 -0.048118
11 87 -0.068089
11 88 -0.076362
11 89 -0.072267
11 90 -0.070788
11 91 -0.049796
11 92 -0.047492
11 93 -0.025151
11 94 -0.017807
11 95 -0.013381
11 96 0.006482
11 97 -0.007397
11 98 0.010642
11 99 0.000000

12 0 0.000000
12 1 0.002070
12 2 -0.025467
12 3 -0.009171
12 4 -0.034726
12 5 -0.042872
12 6 -0.046659
12 7 -0.070115
12 8 -0.063583
12 9 -0.075255
12 10 -0.061690
12 11 -0.046971
12 12 -0.018437
12 13 0.022887
12 14 0.068913
12 15 0.125610
12 16 0.179288
12 17 0.234898
12 18 0.282706
12 19 0.326696
12 20 0.363490
12 21 0.396490
12 22 0.425097
12 23 0.449827
12 24 0.468068
12 25 0.476132
12 26 0.468973
12 27 0.441917
12 28 0.391957
12 29 0.318865
12 30 0.225882
12 31 0.119285
12 32 0.007721
12 33 -0.099481
12 34 -0.193479
12 35 -0.267577
12 36 -0.317646
12 37 -0.342836
12 38 -0.344816
12 39 -0.327628
12 40 -0.296255
12 41 -0.256342
12 42 -0.212829
12 43 -0.170124
12 44 -0.131179
12 45 -0.098212
12 46 -0.072135
12 47 -0.053587
12 48 -0.042431
12 49 -0.038802
12 50 -0.042449
12 51 -0.053623
12 52 -0.072186
12 53 -0.098282
12 54 -0.131263
12 55 -0.170227
12 56 -0.212945
12 57 -0.256476
12 58 -0.296401
12 59 -0.327793
12 60 -0.344993
12 61 -0.343034
12 62 -0.317856
12 63 -0.267808
12 64 -0.193721
12 65 -0.099742
12 66 0.007454
12 67 0.119005
12 68 0.225598
12 69 0.318565
12 70 0.391648
12 71 0.441576
12 72 0.468613
12 73 0.475700
12 74 0.467628
12 75 0.449216
12 76 0.424583
12 77 0.395532
12 78 0.362973
12 79 0.325051
12 80 0.282343
12 81 0.232082
12 82 0.179286
12 83 0.121362
12 84 0.069097
12 85 0.017925
12 86 -0.019608
12 87 -0.049888
12 88 -0.067541
12 89 -0.071494
12 90 -0.076451
12 91 -0.058757
12 92 -0.060047
12 93 -0.036287
12 94 -0.030393
12 95 -0.023835
12 96 -0.001468
12 97 -0.016096
12 98 0.005175
12 99 0.000000

13 0 0.000000
13 1 0.000628
13 2 -0.040667
13 3 -0.020637
13 4 -0.050103
13 5 -0.058406
13 6 -0.057380
13 7 -0.077544
13 8 -0.062624
13 9 -0.065539
13 10 -0.041531
13 11 -0.015794
13 12 0.022887
13 13 0.073153
13 14 0.125413
13 15 0.185350
13 16 0.238336
13 17 0.289346
13 18 0.328392
13 19 0.360174
13 20 0.382058
13 21 0.399098
13 22 0.412380
13 23 0.424503
13 24 0.434470
13 25 0.439823
13 26 0.435693
13 27 0.416838
13 28 0.378629
13 29 0.318911
13 30 0.238607
13 31 0.142247
13 32 0.037007
13 33 -0.068123
13 34 -0.164269
13 35 -0.243657
13 36 -0.301192
13 37 -0.334441
13 38 -0.344195
13 39 -0.333317
13 40 -0.306632
13 41 -0.269306
13 42 -0.226821
13 43 -0.183564
13 44 -0.143354
13 45 -0.108460
13 46 -0.080642
13 47 -0.060428
13 48 -0.048365
13 49 -0.044264
13 50 -0.048385
13 51 -0.060466
13 52 -0.080701
13 53 -0.108534
13 54 -0.143450
13 55 -0.183673
13 56 -0.226951
13 57 -0.269449
13 58 -0.306797
13 59 -0.333495
13 60 -0.344397
13 61 -0.334656
13 62 -0.301434
13 63 -0.243915
13 64 -0.164554
13 65 -0.068423
13 66 0.036679
13 67 0.141902
13 68 0.238230
13 69 0.318503
13 70 0.378172
13 71 0.416320
13 72 0.435105
13 73 0.439115
13 74 0.433697
13 75 0.423490
13 76 0.411411
13 77 0.397588
13 78 0.380967
13 79 0.357836
13 80 0.327374
13 81 0.285748
13 82 0.237679
13 83 0.180354
13 84 0.125120
13 85 0.067683
13 86 0.021698
13 87 -0.018777
13 88 -0.046842
13 89 -0.061038
13 90 -0.074964
13 91 -0.063838
13 92 -0.071206
13 93 -0.048708
13 94 -0.045419
13 95 -0.038267
13 96 -0.011261
13 97 -0.029394
13 98 0.002497
13 99 0.000000

14 0 0.000000
14 1 -0.000807
14 2 -0.056945
14 3 -0.035439
14 4 -0.066087
14 5 -0.075330
14 6 -0.066798
14 7 -0.082075
14 8 -0.056876
14 9 -0.049523
14 10 -0.014574
14 11 0.021739
14 12 0.068913
14 13 0.125413
14 14 0.180483
14 15 0.239897
14 16 0.288685
14 17 0.332236
14 18 0.360717
14 19 0.379590
14 20 0.386935
14 21 0.389069
14 22 0.388465
14 23 0.389298
14 24 0.392039
14 25 0.395195
14 26 0.394320
14 27 0.383583
14 28 0.357213
14 29 0.311071
14 30 0.244179
14 31 0.158971
14 32 0.061420
14 33 -0.040429
14 34 -0.137405
14 35 -0.221331
14 36 -0.285689
14 37 -0.327088
14 38 -0.344739
14 39 -0.340924
14 40 -0.319446
14 41 -0.285662
14 42 -0.244676
14 43 -0.201665
14 44 -0.160384
14 45 -0.124095
14 46 -0.094465
14 47 -0.072931
14 48 -0.059744
14 49 -0.055440
14 50 -0.059757
14 51 -0.072958
14 52 -0.094504
14 53 -0.124149
14 54 -0.160447
14 55 -0.201744
14 56 -0.244764
14 57 -0.285768
14 58 -0.319560
14 59 -0.341061
14 60 -0.344888
14 61 -0.327265
14 62 -0.285883
14 63 -0.221560
14 64 -0.137656
14 65 -0.040720
14 66 0.061099
14 67 0.158600
14 68 0.243762
14 69 0.310578
14 70 0.356644
14 71 0.382897
14 72 0.393527
14 73 0.394219
14 74 0.390959
14 75 0.387907
14 76 0.387095
14 77 0.387083
14 78 0.385396
14 79 0.376738
14 80 0.359303
14 81 0.328207
14 82 0.287820
14 83 0.234727
14 84 0.180376
14 85 0.120222
14 86 0.068568
14 87 0.019599
14 88 -0.018371
14 89 -0.043549
14 90 -0.067994
14 91 -0.065745
14 92 -0.081729
14 93 -0.062294
14 94 -0.064437
14 95 -0.055869
14 96 -0.026388
14 97 -0.045845
14 98 -0.001910
14 99 0.000000

15 0 0.000000
15 1 0.007393
15 2 -0.067578
15 3 -0.043062
15 4 -0.073180
15 5 -0.082479
15 6 -0.064691
15 7 -0.073344
15 8 -0.036995
15 9 -0.018658
15 10 0.026687
15 11 0.072259
15 12 0.125610
15 13 0.185350
15 14 0.239897
15 15 0.295529
15 16 0.337387
15 17 0.371657
15 18 0.388851
15 19 0.395270
15 20 0.389442
15 21 0.378690
15 22 0.366307
15 23 0.357763
15 24 0.354519
15 25 0.356123
15 26 0.358393
15 27 0.355393
15 28 0.340215
15 29 0.307350
15 30 0.253743
15 31 0.180219
15 32 0.091017
15 33 -0.006397
15 34 -0.103332
15 35 -0.190770
15 36 -0.261591
15 37 -0.310768
15 38 -0.336721
15 39 -0.340223
15 40 -0.324864
15 41 -0.295114
15 42 -0.256620
15 43 -0.214209
15 44 -0.172653
15 45 -0.135042
15 46 -0.104154
15 47 -0.081140
15 48 -0.067224
15 49 -0.062424
15 50 -0.067240
15 51 -0.081168
15 52 -0.104201
15 53 -0.135101
15 54 -0.172731
15 55 -0.214300
15 56 -0.256735
15 57 -0.295243
15 58 -0.325023
15 59 -0.340402
15 60 -0.336940
15 61 -0.311015
15 62 -0.261890
15 63 -0.191109
15 64 -0.103734
15 65 -0.006852
15 66 0.090484
15 67 0.179613
15 68 0.253035
15 69 0.306537
15 70 0.339266
15 71 0.354290
15 72 0.357129
15 73 0.354642
15 74 0.352904
15 75 0.355813
15 76 0.364392
15 77 0.376157
15 78 0.387449
15 79 0.391996
15 80 0.387223
15 81 0.367501
15 82 0.336710
15 83 0.290694
15 84 0.240524
15 85 0.181044
15 86 0.126665
15 87 0.071415
15 88 0.024762
15 89 -0.011332
15 90 -0.047030
15 91 -0.055531
15 92 -0.082009
15 93 -0.067968
15 94 -0.077668
15 95 -0.068663
15 96 -0.037640
15 97 -0.060028
15 98 0.001257
15 99 0.000000

16 0 0.000000
16 1 0.022046
16 2 -0.070129
16 3 -0.044034
16 4 -0.070295
16 5 -0.080380
16 6 -0.052710
16 7 -0.054975
16 8 -0.008740
16 9 0.018935
16 10 0.071956
16 11 0.123513
16 12 0.179288
16 13 0.238336
16 14 0.288685
16 15 0.337387
16 16 0.370117
16 17 0.393990
16 18 0.400053
16 19 0.395259
16 20 0.378441
16 21 0.357402
16 22 0.335942
16 23 0.320223
16 24 0.312590
16 25 0.313263
16 26 0.318669
16 27 0.322684
16 28 0.317945
16 29 0.297493
16 30 0.256903
16 31 0.195002
16 32 0.114855
16 33 0.022580
16 34 -0.073104
16 35 -0.163312
16 36 -0.239652
16 37 -0.296467
16 38 -0.330434
16 39 -0.341820
16 40 -0.332801
16 41 -0.308036
16 42 -0.272372
16 43 -0.231514
16 44 -0.189841
16 45 -0.151663
16 46 -0.119419
16 47 -0.095479
16 48 -0.080545
16 49 -0.075670
16 50 -0.080565
16 51 -0.095522
16 52 -0.119481
16 53 -0.151752
16 54 -0.189949
16 55 -0.231655
16 56 -0.272536
16 57 -0.308242
16 58 -0.333038
16 59 -0.342113
16 60 -0.330770
16 61 -0.296874
16 62 -0.240118
16 63 -0.163867
16 64 -0.073735
16 65 0.021843
16 66 0.114023
16 67 0.194042
16 68 0.255821
16 69 0.296252
16 70 0.316554
16 71 0.321100
16 72 0.316929
16 73 0.311294
16 74 0.310530
16 75 0.317852
16 76 0.333712
16 77 0.354618
16 78 0.376393
16 79 0.392042
16 80 0.398779
16 81 0.390342
16 82 0.370300
16 83 0.333567
16 84 0.290647
16 85 0.235400
16 86 0.181980
16 87 0.123900
16 88 0.071482
16 89 0.026565
16 90 -0.018985
16 91 -0.037953
16 92 -0.074955
16 93 -0.066950
16 94 -0.085585
16 95 -0.075533
16 96 -0.045753
16 97 -0.069635
16 98 0.009311
16 99 0.000000

17 0 0.000000
17 1 0.048476
17 2 -0.057273
17 3 -0.028853
17 4 -0.047352
17 5 -0.057928
17 6 -0.020449
17 7 -0.017100
17 8 0.036530
17 9 0.070676
17 10 0.127504
17 11 0.180912
17 12 0.234898
17 13 0.289346
17 14 0.332236
17 15 0.371657
17 16 0.393990
17 17 0.407411
17 18 0.403400
17 19 0.389493
17 20 0.364418
17 21 0.336217
17 22 0.308588
17 23 0.288201
17 24 0.277748
17 25 0.278293
17 26 0.286604
17 27 0.296982
17 28 0.301497
17 29 0.292582
17 30 0.264163
17 31 0.213860
17 32 0.142886
17 33 0.056688
17 34 -0.037021
17 35 -0.128763
17 36 -0.210078
17 37 -0.273705
17 38 -0.315815
17 39 -0.334885
17 40 -0.332960
17 41 -0.313363
17 42 -0.281550
17 43 -0.242441
17 44 -0.201610
17 45 -0.162853
17 46 -0.130018
17 47 -0.104901
17 48 -0.089535
17 49 -0.084154
17 50 -0.089571
17 51 -0.104972
17 52 -0.130130
17 53 -0.162999
17 54 -0.201806
17 55 -0.242675
17 56 -0.281843
17 57 -0.313703
17 58 -0.333374
17 59 -0.335359
17 60 -0.316380
17 61 -0.274347
17 62 -0.210830
17 63 -0.129608
17 64 -0.037991
17 65 0.055610
17 66 0.141669
17 67 0.212521
17 68 0.262672
17 69 0.290952
17 70 0.299712
17 71 0.295052
17 72 0.284555
17 73 0.276101
17 74 0.275562
17 75 0.285835
17 76 0.306536
17 77 0.333777
17 78 0.362966
17 79 0.387053
17 80 0.403211
17 81 0.405006
17 82 0.395691
17 83 0.369408
17 84 0.335867
17 85 0.287865
17 86 0.238916
17 87 0.181808
17 88 0.127304
17 89 0.076819
17 90 0.024144
17 91 -0.003694
17 92 -0.050005
17 93 -0.048204
17 94 -0.076541
17 95 -0.065855
17 96 -0.040753
17 97 -0.066921
17 98 0.028634
17 99 0.000000

18 0 0.000000
18 1 0.082890
18 2 -0.028239
18 3 0.002022
18 4 -0.004451
18 5 -0.015773
18 6 0.030189
18 7 0.036963
18 8 0.093857
18 9 0.129944
18 10 0.185330
18 11 0.235350
18 12 0.282706
18 13 0.328392
18 14 0.360717
18 15 0.388851
18 16 0.400053
18 17 0.403400
18 18 0.390807
18 19 0.370034
18 20 0.339574
18 21 0.307165
18 22 0.276249
18 23 0.253403
18 24 0.241719
18 25 0.242647
18 26 0.253754
18 27 0.269506
18 28 0.282243
18 29 0.283523
18 30 0.266590
18 31 0.227281
18 32 0.165858
18 33 0.086090
18 34 -0.004449
18 35 -0.097020
18 36 -0.182059
18 37 -0.252178
18 38 -0.301693
18 39 -0.328827
18 40 -0.333819
18 41 -0.320296
18 42 -0.292414
18 43 -0.256122
18 44 -0.216147
18 45 -0.177777
18 46 -0.144143
18 47 -0.118634
18 48 -0.102408
18 49 -0.097136
18 50 -0.102468
18 51 -0.118758
18 52 -0.144324
18 53 -0.178029
18 54 -0.216459
18 55 -0.256516
18 56 -0.292874
18 57 -0.320850
18 58 -0.334451
18 59 -0.329569
18 60 -0.302525
18 61 -0.253135
18 62 -0.183118
18 63 -0.098213
18 64 -0.005749
18 65 0.084654
18 66 0.164318
18 67 0.225611
18 68 0.264826
18 69 0.281646
18 70 0.280302
18 71 0.267486
18 72 0.251751
18 73 0.240614
18 74 0.239879
18 75 0.251533
18 76 0.274923
18 77 0.305604
18 78 0.339252
18 79 0.368828
18 80 0.392062
18 81 0.402424
18 82 0.403231
18 83 0.387842
18 84 0.365315
18 85 0.327264
18 86 0.286457
18 87 0.234713
18 88 0.182916
18 89 0.131665
18 90 0.076441
18 91 0.043347
18 92 -0.009103
18 93 -0.012088
18 94 -0.049590
18 95 -0.038031
18 96 -0.021741
18 97 -0.049704
18 98 0.056720
18 99 0.000000

19 0 0.000000
19 1 0.123982
19 2 0.018304
19 3 0.050866
19 4 0.060868
19 5 0.049477
19 6 0.102427
19 7 0.110498
19 8 0.166398
19 9 0.199820
19 10 0.248619
19 11 0.290311
19 12 0.326696
19 13 0.360174
19 14 0.379590
19 15 0.395270
19 16 0.395259
19 17 0.389493
19 18 0.370034
19 19 0.344794
19 20 0.311594
19 21 0.277806
19 22 0.246062
19 23 0.222886
19 24 0.211202
19 25 0.213173
19 26 0.226719
19 27 0.247202
19 28 0.266856
19 29 0.277394
19 30 0.270841
19 31 0.242358
19 32 0.190318
19 33 0.117887
19 34 0.031130
19 35 -0.060793
19 36 -0.148886
19 37 -0.224198
19 38 -0.281002
19 39 -0.315466
19 40 -0.327945
19 41 -0.320236
19 42 -0.297280
19 43 -0.263697
19 44 -0.225661
19 45 -0.187455
19 46 -0.153993
19 47 -0.127656
19 48 -0.111375
19 49 -0.105575
19 50 -0.111458
19 51 -0.127820
19 52 -0.154245
19 53 -0.187786
19 54 -0.226088
19 55 -0.264205
19 56 -0.297894
19 57 -0.320933
19 58 -0.328758
19 59 -0.316369
19 60 -0.282027
19 61 -0.225313
19 62 -0.150122
19 63 -0.062111
19 64 0.029705
19 65 0.116403
19 66 0.188753
19 67 0.240767
19 68 0.269214
19 69 0.275788
19 70 0.265284
19 71 0.245717
19 72 0.225387
19 73 0.211996
19 74 0.210380
19 75 0.222206
19 76 0.246087
19 77 0.277699
19 78 0.312828
19 79 0.345097
19 80 0.372761
19 81 0.389711
19 82 0.399325
19 83 0.394562
19 84 0.383795
19 85 0.357671
19 86 0.328044
19 87 0.285755
19 88 0.241404
19 89 0.194506
19 90 0.141796
19 91 0.107736
19 92 0.052956
19 93 0.046902
19 94 0.001154
19 95 0.012975
19 96 0.015786
19 97 -0.014550
19 98 0.093868
19 99 0.000000

20 0 0.000000
20 1 0.165489
20 2 0.077728
20 3 0.112409
20 4 0.142544
20 5 0.131945
20 6 0.190100
20 7 0.197412
20 8 0.248319
20 9 0.274817
20 10 0.312501
20 11 0.341606
20 12 0.363490
20 13 0.382058
20 14 0.386935
20 15 0.389442
20 16 0.378441
20 17 0.364418
20 18 0.339574
20 19 0.311594
20 20 0.277678
20 21 0.244374
20 22 0.213620
20 23 0.191330
20 24 0.180541
20 25 0.183548
20 26 0.199221
20 27 0.223277
20 28 0.248822
20 29 0.267126
20 30 0.270217
20 31 0.251686
20 32 0.209317
20 33 0.144319
20 34 0.062598
20 35 -0.028047
20 36 -0.117625
20 37 -0.197688
20 38 -0.260539
20 39 -0.302527
20 40 -0.321791
20 41 -0.320703
20 42 -0.302328
20 43 -0.272575
20 44 -0.236179
20 45 -0.199280
20 46 -0.165537
20 47 -0.139389
20 48 -0.122388
20 49 -0.116910
20 50 -0.122484
20 51 -0.139585
20 52 -0.165824
20 53 -0.199671
20 54 -0.236657
20 55 -0.273161
20 56 -0.302996
20 57 -0.321482
20 58 -0.322646
20 59 -0.303489
20 60 -0.261565
20 61 -0.198808
20 62 -0.118787
20 63 -0.029274
20 64 0.061369
20 65 0.143070
20 66 0.208118
20 67 0.250528
20 68 0.269174
20 69 0.266193
20 70 0.248089
20 71 0.222732
20 72 0.198991
20 73 0.183556
20 74 0.181027
20 75 0.191972
20 76 0.215005
20 77 0.245497
20 78 0.280031
20 79 0.312657
20 80 0.342715
20 81 0.364402
20 82 0.381612
20 83 0.386890
20 84 0.388282
20 85 0.375487
20 86 0.359591
20 87 0.330352
20 88 0.297905
20 89 0.260361
20 90 0.215317
20 91 0.184885
20 92 0.131977
20 93 0.124934
20 94 0.072460
20 95 0.083815
20 96 0.068855
20 97 0.036133
20 98 0.134948
20 99 0.000000

21 0 0.000000
21 1 0.201708
21 2 0.143779
21 3 0.180289
21 4 0.233049
21 5 0.224741
21 6 0.286775
21 7 0.292343
21 8 0.335731
21 9 0.352735
21 10 0.376657
21 11 0.390841
21 12 0.396490
21 13 0.399098
21 14 0.389069
21 15 0.378690
21 16 0.357402
21 17 0.336217
21 18 0.307165
21 19 0.277806
21 20 0.244374
21 21 0.212815
21 22 0.183916
21 23 0.163313
21 24 0.153545
21 25 0.157570
21 26 0.174518
21 27 0.201335
21 28 0.231265
21 29 0.256366
21 30 0.267749
21 31 0.258900
21 32 0.225683
21 33 0.168937
21 34 0.092581
21 35 0.004801
21 36 -0.085669
21 37 -0.168812
21 38 -0.237502
21 39 -0.285758
21 40 -0.312259
21 41 -0.317013
21 42 -0.304196
21 43 -0.277736
21 44 -0.244183
21 45 -0.208031
21 46 -0.175194
21 47 -0.148507
21 48 -0.131849
21 49 -0.125771
21 50 -0.131935
21 51 -0.148672
21 52 -0.175448
21 53 -0.208355
21 54 -0.244596
21 55 -0.278206
21 56 -0.304749
21 57 -0.317608
21 58 -0.312924
21 59 -0.286442
21 60 -0.238234
21 61 -0.169529
21 62 -0.086396
21 63 0.004139
21 64 0.091963
21 65 0.168444
21 66 0.225299
21 67 0.258704
21 68 0.267729
21 69 0.256593
21 70 0.231736
21 71 0.202089
21 72 0.175584
21 73 0.158882
21 74 0.155240
21 75 0.165024
21 76 0.186130
21 77 0.214410
21 78 0.246760
21 79 0.278272
21 80 0.309027
21 81 0.334014
21 82 0.357456
21 83 0.371929
21 84 0.385106
21 85 0.386119
21 86 0.385224
21 87 0.371293
21 88 0.353717
21 89 0.329147
21 90 0.295569
21 91 0.272295
21 92 0.224519
21 93 0.217895
21 94 0.160013
21 95 0.169517
21 96 0.133259
21 97 0.098090
21 98 0.174963
21 99 0.000000

22 0 0.000000
22 1 0.225995
22 2 0.207243
22 3 0.244457
22 4 0.320349
22 5 0.315840
22 6 0.380760
22 7 0.384612
22 8 0.419653
22 9 0.426524
22 10 0.436269
22 11 0.435357
22 12 0.425097
22 13 0.412380
22 14 0.388465
22 15 0.366307
22 16 0.335942
22 17 0.308588
22 18 0.276249
22 19 0.246062
22 20 0.213620
22 21 0.183916
22 22 0.157030
22 23 0.137780
22 24 0.128763
22 25 0.132851
22 26 0.150231
22 27 0.178197
22 28 0.211301
22 29 0.241364
22 30 0.260123
22 31 0.259617
22 32 0.235585
22 33 0.186657
22 34 0.116750
22 35 0.032070
22 36 -0.057642
22 37 -0.143597
22 38 -0.216543
22 39 -0.271284
22 40 -0.303850
22 41 -0.315272
22 42 -0.307201
22 43 -0.285268
22 44 -0.253863
22 45 -0.219818
22 46 -0.187095
22 47 -0.161167
22 48 -0.143870
22 49 -0.138343
22 50 -0.143916
22 51 -0.161264
22 52 -0.187226
22 53 -0.219998
22 54 -0.254061
22 55 -0.285507
22 56 -0.307436
22 57 -0.315531
22 58 -0.304076
22 59 -0.271510
22 60 -0.216698
22 61 -0.143713
22 62 -0.057639
22 63 0.032162
22 64 0.117015
22 65 0.187063
22 66 0.236212
22 67 0.260425
22 68 0.261179
22 69 0.242613
22 70 0.212795
22 71 0.179838
22 72 0.152075
22 73 0.134676
22 74 0.130711
22 75 0.139299
22 76 0.158604
22 77 0.184207
22 78 0.214055
22 79 0.243691
22 80 0.274453
22 81 0.301699
22 82 0.330405
22 83 0.352984
22 84 0.377144
22 85 0.391420
22 86 0.405547
22 87 0.407499
22 88 0.405972
22 89 0.396066
22 90 0.375925
22 91 0.361744
22 92 0.321058
22 93 0.315470
22 94 0.253371
22 95 0.259523
22 96 0.200147
22 97 0.163215
22 98 0.207084
22 99 0.000000

23 0 0.000000
23 1 0.233487
23 2 0.259035
23 3 0.295082
23 4 0.392378
23 5 0.392959
23 6 0.460154
23 7 0.463413
23 8 0.491132
23 9 0.489449
23 10 0.487055
23 11 0.473384
23 12 0.449827
23 13 0.424503
23 14 0.389298
23 15 0.357763
23 16 0.320223
23 17 0.288201
23 18 0.253403
23 19 0.222886
23 20 0.191330
23 21 0.163313
23 22 0.137780
23 23 0.119376
23 24 0.110046
23 25 0.113367
23 26 0.129616
23 27 0.157535
23 28 0.191825
23 29 0.225608
23 30 0.249829
23 31 0.257012
23 32 0.240922
23 33 0.200203
23 34 0.136344
23 35 0.056081
23 36 -0.032825
23 37 -0.119901
23 38 -0.197213
23 39 -0.256912
23 40 -0.296182
23 41 -0.313106
23 42 -0.310950
23 43 -0.292614
23 44 -0.264820
23 45 -0.231966
23 46 -0.200871
23 47 -0.174637
23 48 -0.158114
23 49 -0.151869
23 50 -0.158102
23 51 -0.174603
23 52 -0.200827
23 53 -0.231885
23 54 -0.264723
23 55 -0.292457
23 56 -0.310764
23 57 -0.312834
23 58 -0.295863
23 59 -0.256475
23 60 -0.196702
23 61 -0.119238
23 62 -0.032058
23 63 0.057033
23 64 0.137424
23 65 0.201481
23 66 0.242328
23 67 0.258592
23 68 0.251492
23 69 0.227362
23 70 0.193561
23 71 0.159187
23 72 0.131078
23 73 0.114418
23 74 0.110675
23 75 0.118998
23 76 0.136770
23 77 0.160267
23 78 0.187644
23 79 0.215537
23 80 0.245850
23 81 0.274761
23 82 0.307532
23 83 0.336834
23 84 0.370199
23 85 0.395990
23 86 0.423357
23 87 0.439731
23 88 0.453020
23 89 0.457033
23 90 0.449825
23 91 0.444573
23 92 0.411120
23 93 0.406137
23 94 0.340657
23 95 0.342025
23 96 0.259801
23 97 0.222512
23 98 0.225542
23 99 0.000000

24 0 0.000000
24 1 0.221383
24 2 0.291232
24 3 0.323402
24 4 0.438016
24 5 0.444211
24 6 0.513089
24 7 0.517400
24 8 0.540155
24 9 0.533108
24 10 0.522555
24 11 0.500390
24 12 0.468068
24 13 0.434470
24 14 0.392039
24 15 0.354519
24 16 0.312590
24 17 0.277748
24 18 0.241719
24 19 0.211202
24 20 0.180541
24 21 0.153545
24 22 0.128763
24 23 0.110046
24 24 0.099537
24 25 0.100552
24 26 0.114528
24 27 0.140394
24 28 0.174486
24 29 0.209697
24 30 0.238166
24 31 0.251001
24 32 0.242406
24 33 0.208581
24 34 0.151363
24 35 0.074908
24 36 -0.011831
24 37 -0.100403
24 38 -0.180497
24 39 -0.245812
24 40 -0.290390
24 41 -0.313981
24 42 -0.316604
24 43 -0.303446
24 44 -0.278228
24 45 -0.248316
24 46 -0.217716
24 47 -0.192891
24 48 -0.175802
24 49 -0.170402
24 50 -0.175727
24 51 -0.192746
24 52 -0.217483
24 53 -0.248017
24 54 -0.277825
24 55 -0.302975
24 56 -0.316012
24 57 -0.313317
24 58 -0.289590
24 59 -0.244936
24 60 -0.179476
24 61 -0.099308
24 62 -0.010592
24 63 0.076205
24 64 0.152775
24 65 0.209999
24 66 0.243859
24 67 0.252352
24 68 0.239405
24 69 0.210646
24 70 0.175099
24 71 0.140422
24 72 0.113917
24 73 0.098904
24 74 0.096902
24 75 0.105680
24 76 0.123138
24 77 0.145132
24 78 0.170910
24 79 0.197261
24 80 0.227212
24 81 0.257033
24 82 0.292693
24 83 0.326686
24 84 0.366780
24 85 0.401011
24 86 0.438342
24 87 0.465694
24 88 0.490483
24 89 0.505386
24 90 0.508469
24 91 0.510091
24 92 0.482531
24 93 0.477002
24 94 0.408930
24 95 0.404667
24 96 0.302322
24 97 0.267004
24 98 0.225999
24 99 0.000000

25 0 0.000000
25 1 0.189867
25 2 0.298945
25 3 0.324012
25 4 0.449872
25 5 0.461203
25 6 0.530888
25 7 0.537897
25 8 0.558638
25 9 0.550306
25 10 0.536657
25 11 0.511524
25 12 0.476132
25 13 0.439823
25 14 0.395195
25 15 0.356123
25 16 0.313263
25 17 0.278293
25 18 0.242647
25 19 0.213173
25 20 0.183548
25 21 0.157570
25 22 0.132851
25 23 0.113367
25 24 0.100552
25 25 0.098553
25 26 0.108664
25 27 0.131444
25 28 0.163223
25 29 0.198633
25 30 0.229011
25 31 0.246575
25 32 0.243464
25 33 0.216446
25 34 0.164525
25 35 0.092735
25 36 0.007324
25 37 -0.081298
25 38 -0.164985
25 39 -0.234370
25 40 -0.285438
25 41 -0.314328
25 42 -0.323372
25 43 -0.314176
25 44 -0.293476
25 45 -0.265269
25 46 -0.237174
25 47 -0.212341
25 48 -0.196588
25 49 -0.190367
25 50 -0.196486
25 51 -0.212127
25 52 -0.236868
25 53 -0.264843
25 54 -0.292970
25 55 -0.313549
25 56 -0.322682
25 57 -0.313522
25 58 -0.284596
25 59 -0.233433
25 60 -0.164050
25 61 -0.080309
25 62 0.008248
25 63 0.093636
25 64 0.165259
25 65 0.217026
25 66 0.243714
25 67 0.246467
25 68 0.228335
25 69 0.197310
25 70 0.161024
25 71 0.128212
25 72 0.104194
25 73 0.092538
25 74 0.092950
25 75 0.103535
25 76 0.121265
25 77 0.142823
25 78 0.167349
25 79 0.192591
25 80 0.221708
25 81 0.251601
25 82 0.288237
25 83 0.324390
25 84 0.367680
25 85 0.406274
25 86 0.448832
25 87 0.482248
25 88 0.513470
25 89 0.534576
25 90 0.543645
25 91 0.548804
25 92 0.524758
25 93 0.517277
25 94 0.447539
25 95 0.437707
25 96 0.320225
25 97 0.289924
25 98 0.206840
25 99 0.000000

26 0 0.000000
26 1 0.141896
26 2 0.280975
26 3 0.295604
26 4 0.425328
26 5 0.440184
26 6 0.509260
26 7 0.519953
26 8 0.541389
26 9 0.535660
26 10 0.524011
26 11 0.501490
26 12 0.468973
26 13 0.435693
26 14 0.394320
26 15 0.358393
26 16 0.318669
26 17 0.286604
26 18 0.253754
26 19 0.226719
26 20 0.199221
26 21 0.174518
26 22 0.150231
26 23 0.129616
26 24 0.114528
26 25 0.108664
26 26 0.114601
26 27 0.132814
26 28 0.161547
26 29 0.195065
26 30 0.226452
26 31 0.246457
26 32 0.248327
26 33 0.226160
26 34 0.179857
26 35 0.111308
26 36 0.028345
26 37 -0.061474
26 38 -0.147225
26 39 -0.221979
26 40 -0.277990
26 41 -0.313890
26 42 -0.327942
26 43 -0.324809
26 44 -0.307252
26 45 -0.283039
26 46 -0.255946
26 47 -0.233362
26 48 -0.217193
26 49 -0.212231
26 50 -0.217117
26 51 -0.233224
26 52 -0.255728
26 53 -0.282783
26 54 -0.306927
26 55 -0.324482
26 56 -0.327572
26 57 -0.313573
26 58 -0.277680
26 59 -0.221796
26 60 -0.147126
26 61 -0.061605
26 62 0.028014
26 63 0.110603
26 64 0.178785
26 65 0.224515
26 66 0.246082
