0 0 0.000000
0 1 0.000000
0 2 0.000000
0 3 0.000000
0 4 0.000000
0 5 0.000000
0 6 0.000000
0 7 0.000000
0 8 0.000000
0 9 0.000000
0 10 0.000000
0 11 0.000000
0 12 0.000000
0 13 0.000000
0 14 0.000000
0 15 0.000000
0 16 0.000000
0 17 0.000000
0 18 0.000000
0 19 0.000000
0 20 0.000000
0 21 0.000000
0 22 0.000000
0 23 0.000000
0 24 0.000000
0 25 0.000000
0 26 0.000000
0 27 0.000000
0 28 0.000000
0 29 0.000000
0 30 0.000000
0 31 0.000000
0 32 0.000000
0 33 0.000000
0 34 0.000000
0 35 0.000000
0 36 0.000000
0 37 0.000000
0 38 0.000000
0 39 0.000000
0 40 0.000000
0 41 0.000000
0 42 0.000000
0 43 0.000000
0 44 0.000000
0 45 0.000000
0 46 0.000000
0 47 0.000000
0 48 0.000000
0 49 0.000000
0 50 0.000000
0 51 0.000000
0 52 0.000000
0 53 0.000000
0 54 0.000000
0 55 0.000000
0 56 0.000000
0 57 0.000000
0 58 0.000000
0 59 0.000000
0 60 0.000000
0 61 0.000000
0 62 0.000000
0 63 0.000000
0 64 0.000000
0 65 0.000000
0 66 0.000000
0 67 0.000000
0 68 0.000000
0 69 0.000000
0 70 0.000000
0 71 0.000000
0 72 0.000000
0 73 0.000000
0 74 0.000000
0 75 0.000000
0 76 0.000000
0 77 0.000000
0 78 0.000000
0 79 0.000000
0 80 0.000000
0 81 0.000000
0 82 0.000000
0 83 0.000000
0 84 0.000000
0 85 0.000000
0 86 0.000000
0 87 0.000000
0 88 0.000000
0 89 0.000000
0 90 0.000000
0 91 0.000000
0 92 0.000000
0 93 0.000000
0 94 0.000000
0 95 0.000000
0 96 0.000000
0 97 0.000000
0 98 0.000000
0 99 0.000000

1 0 0.000000
1 1 0.000983
1 2 0.004388
1 3 0.003709
1 4 0.003259
1 5 0.004584
1 6 0.002172
1 7 0.004222
1 8 0.003220
1 9 0.006157
1 10 0.008172
1 11 0.012582
1 12 0.017620
1 13 0.023097
1 14 0.029377
1 15 0.034411
1 16 0.039415
1 17 0.042518
1 18 0.045015
1 19 0.046309
1 20 0.047494
1 21 0.049053
1 22 0.051619
1 23 0.055888
1 24 0.061711
1 25 0.069268
1 26 0.077556
1 27 0.086084
1 28 0.093341
1 29 0.098545
1 30 0.100274
1 31 0.098007
1 32 0.090939
1 33 0.079181
1 34 0.062742
1 35 0.042388
1 36 0.018779
1 37 -0.006932
1 38 -0.033803
1 39 -0.060669
1 40 -0.086683
1 41 -0.110959
1 42 -0.132973
1 43 -0.152237
1 44 -0.168585
1 45 -0.181867
1 46 -0.192163
1 47 -0.199498
1 48 -0.204025
1 49 -0.205771
1 50 -0.204823
1 51 -0.201114
1 52 -0.194625
1 53 -0.185212
1 54 -0.172821
1 55 -0.157353
1 56 -0.138865
1 57 -0.117472
1 58 -0.093499
1 59 -0.067414
1 60 -0.039888
1 61 -0.011774
1 62 0.015966
1 63 0.042219
1 64 0.065952
1 65 0.086063
1 66 0.101797
1 67 0.112409
1 68 0.117779
1 69 0.117799
1 70 0.113185
1 71 0.104511
1 72 0.093213
1 73 0.080257
1 74 0.067341
1 75 0.055286
1 76 0.045403
1 77 0.037876
1 78 0.033118
1 79 0.030624
1 80 0.029796
1 81 0.030018
1 82 0.029932
1 83 0.029733
1 84 0.027690
1 85 0.025282
1 86 0.020944
1 87 0.016647
1 88 0.011986
1 89 0.007409
1 90 0.004930
1 91 0.001563
1 92 0.002335
1 93 0.000422
1 94 0.003262
1 95 0.002242
1 96 0.003328
1 97 0.004079
1 98 0.000137
1 99 0.000000

2 0 0.000000
2 1 0.004388
2 2 0.007972
2 3 0.005881
2 4 0.008875
2 5 0.008573
2 6 0.008954
2 7 0.010267
2 8 0.010585
2 9 0.013604
2 10 0.016315
2 11 0.022476
2 12 0.029401
2 13 0.038945
2 14 0.049285
2 15 0.059837
2 16 0.069705
2 17 0.077172
2 18 0.082170
2 19 0.083489
2 20 0.081799
2 21 0.077009
2 22 0.070187
2 23 0.061901
2 24 0.053038
2 25 0.044046
2 26 0.035197
2 27 0.026424
2 28 0.017419
2 29 0.007777
2 30 -0.002942
2 31 -0.015000
2 32 -0.028462
2 33 -0.043078
2 34 -0.058329
2 35 -0.073465
2 36 -0.087583
2 37 -0.099800
2 38 -0.109283
2 39 -0.115483
2 40 -0.118062
2 41 -0.117123
2 42 -0.112995
2 43 -0.106439
2 44 -0.098310
2 45 -0.089742
2 46 -0.081735
2 47 -0.075360
2 48 -0.071324
2 49 -0.070224
2 50 -0.072153
2 51 -0.077023
2 52 -0.084226
2 53 -0.093043
2 54 -0.102357
2 55 -0.111117
2 56 -0.118088
2 57 -0.122331
2 58 -0.122941
2 59 -0.119506
2 60 -0.111790
2 61 -0.100134
2 62 -0.085050
2 63 -0.067560
2 64 -0.048688
2 65 -0.029763
2 66 -0.011844
2 67 0.003969
2 68 0.017107
2 69 0.027138
2 70 0.034272
2 71 0.038846
2 72 0.041703
2 73 0.043601
2 74 0.045471
2 75 0.047886
2 76 0.051210
2 77 0.055386
2 78 0.059883
2 79 0.064141
2 80 0.066989
2 81 0.068087
2 82 0.066290
2 83 0.062184
2 84 0.055298
2 85 0.046934
2 86 0.037735
2 87 0.028323
2 88 0.020742
2 89 0.013493
2 90 0.009768
2 91 0.006161
2 92 0.005891
2 93 0.005316
2 94 0.006260
2 95 0.007623
2 96 0.005831
2 97 0.008620
2 98 0.003805
2 99 0.000000

3 0 0.000000
3 1 0.003709
3 2 0.005881
3 3 0.004497
3 4 0.005375
3 5 0.006240
3 6 0.004810
3 7 0.007065
3 8 0.006597
3 9 0.010323
3 10 0.013677
3 11 0.020972
3 12 0.030053
3 13 0.041729
3 14 0.055354
3 15 0.068916
3 16 0.082397
3 17 0.093074
3 18 0.101239
3 19 0.105366
3 20 0.106124
3 21 0.103651
3 22 0.098811
3 23 0.092629
3 24 0.085617
3 25 0.078638
3 26 0.071428
3 27 0.064185
3 28 0.055979
3 29 0.046572
3 30 0.034959
3 31 0.021073
3 32 0.004466
3 33 -0.014292
3 34 -0.034850
3 35 -0.056010
3 36 -0.076881
3 37 -0.096072
3 38 -0.112715
3 39 -0.125791
3 40 -0.134971
3 41 -0.139978
3 42 -0.141247
3 43 -0.139259
3 44 -0.135061
3 45 -0.129577
3 46 -0.124052
3 47 -0.119373
3 48 -0.116500
3 49 -0.115837
3 50 -0.117707
3 51 -0.121797
3 52 -0.127697
3 53 -0.134435
3 54 -0.141064
3 55 -0.146280
3 56 -0.149015
3 57 -0.148119
3 58 -0.142896
3 59 -0.132816
3 60 -0.117931
3 61 -0.098598
3 62 -0.075703
3 63 -0.050421
3 64 -0.024195
3 65 0.001411
3 66 0.024977
3 67 0.045185
3 68 0.061290
3 69 0.072761
3 70 0.079915
3 71 0.083134
3 72 0.083652
3 73 0.082349
3 74 0.080703
3 75 0.079342
3 76 0.079150
3 77 0.079934
3 78 0.081502
3 79 0.083004
3 80 0.083359
3 81 0.082027
3 82 0.077679
3 83 0.071160
3 84 0.061449
3 85 0.050805
3 86 0.038865
3 87 0.027713
3 88 0.018170
3 89 0.009909
3 90 0.005575
3 91 0.001370
3 92 0.002014
3 93 0.000725
3 94 0.003779
3 95 0.004171
3 96 0.004694
3 97 0.006905
3 98 0.003164
3 99 0.000000

4 0 0.000000
4 1 0.003259
4 2 0.008875
4 3 0.005375
4 4 0.009234
4 5 0.008907
4 6 0.009076
4 7 0.011406
4 8 0.011671
4 9 0.016817
4 10 0.021197
4 11 0.031412
4 12 0.042937
4 13 0.058754
4 14 0.076126
4 15 0.093847
4 16 0.110700
4 17 0.123622
4 18 0.132589
4 19 0.135402
4 20 0.133125
4 21 0.125455
4 22 0.114112
4 23 0.099998
4 24 0.084631
4 25 0.068871
4 26 0.053331
4 27 0.038120
4 28 0.022926
4 29 0.007274
4 30 -0.009449
4 31 -0.027629
4 32 -0.047435
4 33 -0.068609
4 34 -0.090534
4 35 -0.112289
4 36 -0.132717
4 37 -0.150704
4 38 -0.165151
4 39 -0.175377
4 40 -0.180899
4 41 -0.181872
4 42 -0.178654
4 43 -0.172233
4 44 -0.163619
4 45 -0.154268
4 46 -0.145362
4 47 -0.138276
4 48 -0.133822
4 49 -0.132798
4 50 -0.135254
4 51 -0.141143
4 52 -0.149651
4 53 -0.159945
4 54 -0.170564
4 55 -0.180246
4 56 -0.187357
4 57 -0.190753
4 58 -0.189197
4 59 -0.182206
4 60 -0.169397
4 61 -0.151275
4 62 -0.128459
4 63 -0.102385
4 64 -0.074391
4 65 -0.046365
4 66 -0.019717
4 67 0.003951
4 68 0.023901
4 69 0.039465
4 70 0.051005
4 71 0.058940
4 72 0.064533
4 73 0.068791
4 74 0.073066
4 75 0.078072
4 76 0.084274
4 77 0.091457
4 78 0.098732
4 79 0.105210
4 80 0.109048
4 81 0.109848
4 82 0.105813
4 83 0.098138
4 84 0.086005
4 85 0.071818
4 86 0.056397
4 87 0.041001
4 88 0.028694
4 89 0.017038
4 90 0.011306
4 91 0.005433
4 92 0.005378
4 93 0.004232
4 94 0.006143
4 95 0.008053
4 96 0.005901
4 97 0.010486
4 98 0.002651
4 99 0.000000

5 0 0.000000
5 1 0.004584
5 2 0.008573
5 3 0.006240
5 4 0.008907
5 5 0.009430
5 6 0.009090
5 7 0.011857
5 8 0.012380
5 9 0.017988
5 10 0.023574
5 11 0.035149
5 12 0.049139
5 13 0.067688
5 14 0.088604
5 15 0.109888
5 16 0.130294
5 17 0.146206
5 18 0.157232
5 19 0.161050
5 20 0.158335
5 21 0.149141
5 22 0.134955
5 23 0.117381
5 24 0.097832
5 25 0.077978
5 26 0.058329
5 27 0.039706
5 28 0.021591
5 29 0.004033
5 30 -0.013921
5 31 -0.032304
5 32 -0.051717
5 33 -0.071660
5 34 -0.091993
5 35 -0.111597
5 36 -0.129801
5 37 -0.145294
5 38 -0.157451
5 39 -0.165360
5 40 -0.168983
5 41 -0.168183
5 42 -0.163712
5 43 -0.156198
5 44 -0.146994
5 45 -0.137136
5 46 -0.128127
5 47 -0.120897
5 48 -0.116592
5 49 -0.115587
5 50 -0.118308
5 51 -0.124331
5 52 -0.133264
5 53 -0.143931
5 54 -0.155304
5 55 -0.165781
5 56 -0.174125
5 57 -0.178818
5 58 -0.178949
5 59 -0.173622
5 60 -0.162705
5 61 -0.146286
5 62 -0.125187
5 63 -0.100468
5 64 -0.073658
5 65 -0.046350
5 66 -0.020137
5 67 0.003589
5 68 0.023937
5 69 0.040372
5 70 0.053169
5 71 0.062799
5 72 0.070497
5 73 0.077207
5 74 0.084264
5 75 0.092148
5 76 0.101281
5 77 0.111047
5 78 0.120491
5 79 0.128286
5 80 0.132579
5 81 0.132727
5 82 0.127034
5 83 0.116856
5 84 0.101498
5 85 0.083971
5 86 0.064996
5 87 0.046739
5 88 0.031712
5 89 0.018465
5 90 0.011339
5 91 0.005020
5 92 0.004833
5 93 0.003575
5 94 0.006408
5 95 0.007794
5 96 0.007085
5 97 0.010743
5 98 0.004044
5 99 0.000000

6 0 0.000000
6 1 0.002172
6 2 0.008954
6 3 0.004810
6 4 0.009076
6 5 0.009090
6 6 0.009305
6 7 0.012805
6 8 0.013554
6 9 0.020909
6 10 0.027363
6 11 0.041516
6 12 0.057563
6 13 0.079150
6 14 0.102813
6 15 0.126656
6 16 0.149049
6 17 0.165679
6 18 0.176379
6 19 0.178054
6 20 0.172031
6 21 0.157908
6 22 0.138100
6 23 0.114067
6 24 0.088222
6 25 0.062200
6 26 0.037363
6 27 0.014392
6 28 -0.006661
6 29 -0.026100
6 30 -0.044590
6 31 -0.062720
6 32 -0.080997
6 33 -0.099593
6 34 -0.118340
6 35 -0.136804
6 36 -0.154232
6 37 -0.169923
6 38 -0.183025
6 39 -0.193095
6 40 -0.199665
6 41 -0.202904
6 42 -0.202934
6 43 -0.200548
6 44 -0.196326
6 45 -0.191412
6 46 -0.186499
6 47 -0.182682
6 48 -0.180387
6 49 -0.180313
6 50 -0.182351
6 51 -0.186610
6 52 -0.192362
6 53 -0.199147
6 54 -0.205750
6 55 -0.211365
6 56 -0.214607
6 57 -0.214715
6 58 -0.210563
6 59 -0.201875
6 60 -0.188182
6 61 -0.170013
6 62 -0.147738
6 63 -0.122698
6 64 -0.095906
6 65 -0.069124
6 66 -0.043427
6 67 -0.020308
6 68 -0.000190
6 69 0.016338
6 70 0.029918
6 71 0.040989
6 72 0.050993
6 73 0.060818
6 74 0.071775
6 75 0.084226
6 76 0.098284
6 77 0.113170
6 78 0.127372
6 79 0.139474
6 80 0.146969
6 81 0.149368
6 82 0.144442
6 83 0.134003
6 84 0.117174
6 85 0.097430
6 86 0.075933
6 87 0.054647
6 88 0.037485
6 89 0.021476
6 90 0.013372
6 91 0.005240
6 92 0.004936
6 93 0.003115
6 94 0.005734
6 95 0.007822
6 96 0.005733
6 97 0.011382
6 98 0.001436
6 99 0.000000

7 0 0.000000
7 1 0.004222
7 2 0.010267
7 3 0.007065
7 4 0.011406
7 5 0.011857
7 6 0.012805
7 7 0.016851
7 8 0.018916
7 9 0.027546
7 10 0.036044
7 11 0.052536
7 12 0.071435
7 13 0.096134
7 14 0.122888
7 15 0.149548
7 16 0.173941
7 17 0.191585
7 18 0.201762
7 19 0.201531
7 20 0.191878
7 21 0.172987
7 22 0.147212
7 23 0.116933
7 24 0.084662
7 25 0.053035
7 26 0.023461
7 27 -0.002549
7 28 -0.025131
7 29 -0.044067
7 30 -0.060525
7 31 -0.074878
7 32 -0.088402
7 33 -0.101257
7 34 -0.114186
7 35 -0.126787
7 36 -0.139209
7 37 -0.150668
7 38 -0.161071
7 39 -0.169656
7 40 -0.176494
7 41 -0.181149
7 42 -0.184050
7 43 -0.185140
7 44 -0.185154
7 45 -0.184254
7 46 -0.183277
7 47 -0.182366
7 48 -0.182228
7 49 -0.182785
7 50 -0.184445
7 51 -0.186796
7 52 -0.189884
7 53 -0.192956
7 54 -0.195739
7 55 -0.197258
7 56 -0.197096
7 57 -0.194296
7 58 -0.188568
7 59 -0.179295
7 60 -0.166606
7 61 -0.150492
7 62 -0.131661
7 63 -0.110755
7 64 -0.088916
7 65 -0.067141
7 66 -0.046517
7 67 -0.027819
7 68 -0.011459
7 69 0.002537
7 70 0.014771
7 71 0.026014
7 72 0.037560
7 73 0.050348
7 74 0.065413
7 75 0.082874
7 76 0.102465
7 77 0.122948
7 78 0.142425
7 79 0.158975
7 80 0.169845
7 81 0.174221
7 82 0.169881
7 83 0.158646
7 84 0.139885
7 85 0.117384
7 86 0.092647
7 87 0.068054
7 88 0.047729
7 89 0.029115
7 90 0.018747
7 91 0.009292
7 92 0.007725
7 93 0.005602
7 94 0.007784
7 95 0.009708
7 96 0.007779
7 97 0.012712
7 98 0.003143
7 99 0.000000

8 0 0.000000
8 1 0.003220
8 2 0.010585
8 3 0.006597
8 4 0.011671
8 5 0.012380
8 6 0.013554
8 7 0.018916
8 8 0.021448
8 9 0.032142
8 10 0.041944
8 11 0.060910
8 12 0.081880
8 13 0.108889
8 14 0.137585
8 15 0.165386
8 16 0.190180
8 17 0.206616
8 18 0.214454
8 19 0.210007
8 20 0.195061
8 21 0.169438
8 22 0.136529
8 23 0.098679
8 24 0.059505
8 25 0.021698
8 26 -0.012387
8 27 -0.041352
8 28 -0.064715
8 29 -0.082699
8 30 -0.096216
8 31 -0.106420
8 32 -0.114605
8 33 -0.121930
8 34 -0.129247
8 35 -0.137195
8 36 -0.145918
8 37 -0.155533
8 38 -0.165664
8 39 -0.176196
8 40 -0.186553
8 41 -0.196658
8 42 -0.205964
8 43 -0.214555
8 44 -0.221978
8 45 -0.228471
8 46 -0.233652
8 47 -0.237851
8 48 -0.240713
8 49 -0.242608
8 50 -0.243167
8 51 -0.242753
8 52 -0.240951
8 53 -0.238070
8 54 -0.233622
8 55 -0.227851
8 56 -0.220214
8 57 -0.210946
8 58 -0.199556
8 59 -0.186415
8 60 -0.171249
8 61 -0.154728
8 62 -0.136903
8 63 -0.118781
8 64 -0.100640
8 65 -0.083594
8 66 -0.067782
8 67 -0.053972
8 68 -0.041689
8 69 -0.030956
8 70 -0.020485
8 71 -0.009611
8 72 0.003339
8 73 0.019035
8 74 0.038533
8 75 0.061536
8 76 0.087466
8 77 0.114627
8 78 0.140581
8 79 0.163090
8 80 0.178798
8 81 0.186909
8 82 0.184700
8 83 0.174405
8 84 0.155119
8 85 0.131242
8 86 0.104377
8 87 0.077187
8 88 0.054571
8 89 0.033241
8 90 0.021471
8 91 0.009922
8 92 0.008024
8 93 0.004787
8 94 0.007076
8 95 0.008964
8 96 0.006632
8 97 0.012564
8 98 0.001512
8 99 0.000000

9 0 0.000000
9 1 0.006157
9 2 0.013604
9 3 0.010323
9 4 0.016817
9 5 0.017988
9 6 0.020909
9 7 0.027546
9 8 0.032142
9 9 0.045131
9 10 0.057448
9 11 0.079316
9 12 0.102918
9 13 0.132517
9 14 0.162976
9 15 0.191798
9 16 0.216188
9 17 0.230912
9 18 0.235265
9 19 0.225958
9 20 0.204600
9 21 0.171791
9 22 0.131006
9 23 0.085629
9 24 0.039448
9 25 -0.003799
9 26 -0.041746
9 27 -0.072190
9 28 -0.094993
9 29 -0.109949
9 30 -0.118727
9 31 -0.122389
9 32 -0.123305
9 33 -0.122713
9 34 -0.122664
9 35 -0.123822
9 36 -0.127443
9 37 -0.133415
9 38 -0.142234
9 39 -0.153187
9 40 -0.166275
9 41 -0.180463
9 42 -0.195531
9 43 -0.210345
9 44 -0.224662
9 45 -0.237404
9 46 -0.248445
9 47 -0.256876
9 48 -0.262792
9 49 -0.265538
9 50 -0.265478
9 51 -0.262235
9 52 -0.256418
9 53 -0.247868
9 54 -0.237335
9 55 -0.224772
9 56 -0.210950
9 57 -0.195849
9 58 -0.180195
9 59 -0.163993
9 60 -0.147935
9 61 -0.132107
9 62 -0.117192
9 63 -0.103359
9 64 -0.091186
9 65 -0.080761
9 66 -0.072274
9 67 -0.065414
9 68 -0.059655
9 69 -0.054063
9 70 -0.047356
9 71 -0.038196
9 72 -0.025097
9 73 -0.007103
9 74 0.016421
9 75 0.045071
9 76 0.077666
9 77 0.112118
9 78 0.145351
9 79 0.174649
9 80 0.196172
9 81 0.208784
9 82 0.209566
9 83 0.200683
9 84 0.181362
9 85 0.156155
9 86 0.127087
9 87 0.096972
9 88 0.071339
9 89 0.046847
9 90 0.032359
9 91 0.018474
9 92 0.014545
9 93 0.010231
9 94 0.010991
9 95 0.012674
9 96 0.009227
9 97 0.014714
9 98 0.003551
9 99 0.000000

10 0 0.000000
10 1 0.008172
10 2 0.016315
10 3 0.013677
10 4 0.021197
10 5 0.023574
10 6 0.027363
10 7 0.036044
10 8 0.041944
10 9 0.057448
10 10 0.071651
10 11 0.095862
10 12 0.121251
10 13 0.152073
10 14 0.183000
10 15 0.210853
10 16 0.233197
10 17 0.243992
10 18 0.243246
10 19 0.227114
10 20 0.198185
10 21 0.156862
10 22 0.107768
10 23 0.054327
10 24 0.001464
10 25 -0.047070
10 26 -0.087998
10 27 -0.119387
10 28 -0.140559
10 29 -0.151979
10 30 -0.155144
10 31 -0.152148
10 32 -0.145399
10 33 -0.137352
10 34 -0.130077
10 35 -0.125418
10 36 -0.124416
10 37 -0.127936
10 38 -0.135897
10 39 -0.148299
10 40 -0.164200
10 41 -0.183054
10 42 -0.203429
10 43 -0.224569
10 44 -0.244894
10 45 -0.263729
10 46 -0.279628
10 47 -0.292229
10 48 -0.300435
10 49 -0.304350
10 50 -0.303346
10 51 -0.298035
10 52 -0.288253
10 53 -0.275034
10 54 -0.258551
10 55 -0.240085
10 56 -0.219950
10 57 -0.199479
10 58 -0.178958
10 59 -0.159633
10 60 -0.141653
10 61 -0.126105
10 62 -0.112925
10 63 -0.102961
10 64 -0.095812
10 65 -0.091913
10 66 -0.090301
10 67 -0.090773
10 68 -0.091617
10 69 -0.091924
10 70 -0.089389
10 71 -0.082788
10 72 -0.069954
10 73 -0.050259
10 74 -0.022827
10 75 0.011380
10 76 0.051002
10 77 0.093280
10 78 0.134672
10 79 0.171897
10 80 0.200545
10 81 0.219238
10 82 0.224548
10 83 0.218826
10 84 0.200950
10 85 0.175987
10 86 0.145886
10 87 0.113932
10 88 0.086082
10 89 0.058834
10 90 0.042262
10 91 0.025724
10 92 0.020527
10 93 0.014291
10 94 0.014397
10 95 0.015086
10 96 0.011009
10 97 0.016095
10 98 0.004461
10 99 0.000000

11 0 0.000000
11 1 0.012582
11 2 0.022476
11 3 0.020972
11 4 0.031412
11 5 0.035149
11 6 0.041516
11 7 0.052536
11 8 0.060910
11 9 0.079316
11 10 0.095862
11 11 0.122561
11 12 0.149367
11 13 0.181022
11 14 0.211266
11 15 0.237230
11 16 0.255917
11 17 0.261682
11 18 0.254292
11 19 0.230561
11 20 0.193088
11 21 0.143206
11 22 0.085681
11 23 0.024984
11 24 -0.033891
11 25 -0.086253
11 26 -0.129052
11 27 -0.159707
11 28 -0.178189
11 29 -0.184659
11 30 -0.181652
11 31 -0.171182
11 32 -0.156919
11 33 -0.141239
11 34 -0.127475
11 35 -0.117178
11 36 -0.112472
11 37 -0.113588
11 38 -0.121287
11 39 -0.134590
11 40 -0.153210
11 41 -0.175374
11 42 -0.200235
11 43 -0.225703
11 44 -0.250827
11 45 -0.273604
11 46 -0.293342
11 47 -0.308422
11 48 -0.318646
11 49 -0.322962
11 50 -0.321778
11 51 -0.314661
11 52 -0.302604
11 53 -0.285720
11 54 -0.265441
11 55 -0.242255
11 56 -0.217817
11 57 -0.192777
11 58 -0.168772
11 59 -0.146416
11 60 -0.127118
11 61 -0.111278
11 62 -0.099878
11 63 -0.092921
11 64 -0.090731
11 65 -0.092699
11 66 -0.098242
11 67 -0.105954
11 68 -0.114255
11 69 -0.121022
11 70 -0.124004
11 71 -0.120961
11 72 -0.109894
11 73 -0.089539
11 74 -0.059433
11 75 -0.020351
11 76 0.025681
11 77 0.075719
11 78 0.125438
11 79 0.171186
11 80 0.207848
11 81 0.233708
11 82 0.244869
11 83 0.243530
11 84 0.228429
11 85 0.204660
11 86 0.174425
11 87 0.141041
11 88 0.111158
11 89 0.081021
11 90 0.061768
11 91 0.042162
11 92 0.034387
11 93 0.025879
11 94 0.023468
11 95 0.023010
11 96 0.016346
11 97 0.020585
11 98 0.007575
11 99 0.000000

12 0 0.000000
12 1 0.017620
12 2 0.029401
12 3 0.030053
12 4 0.042937
12 5 0.049139
12 6 0.057563
12 7 0.071435
12 8 0.081880
12 9 0.102918
12 10 0.121251
12 11 0.149367
12 12 0.176582
12 13 0.207297
12 14 0.235376
12 15 0.257294
12 16 0.270723
12 17 0.269457
12 18 0.254260
12 19 0.221649
12 20 0.175380
12 21 0.116700
12 22 0.051538
12 23 -0.015695
12 24 -0.079000
12 25 -0.133954
12 26 -0.176804
12 27 -0.205596
12 28 -0.219934
12 29 -0.220976
12 30 -0.211116
12 31 -0.193592
12 32 -0.171939
12 33 -0.149784
12 34 -0.130107
12 35 -0.115561
12 36 -0.107575
12 37 -0.107273
12 38 -0.114385
12 39 -0.128685
12 40 -0.148629
12 41 -0.173191
12 42 -0.200188
12 43 -0.228382
12 44 -0.255516
12 45 -0.280595
12 46 -0.301676
12 47 -0.318275
12 48 -0.328978
12 49 -0.333933
12 50 -0.332329
12 51 -0.324949
12 52 -0.311566
12 53 -0.293519
12 54 -0.271067
12 55 -0.245965
12 56 -0.218803
12 57 -0.191567
12 58 -0.164977
12 59 -0.141029
12 60 -0.120319
12 61 -0.104589
12 62 -0.094009
12 63 -0.089738
12 64 -0.091164
12 65 -0.098520
12 66 -0.110094
12 67 -0.124971
12 68 -0.140284
12 69 -0.154140
12 70 -0.163007
12 71 -0.164800
12 72 -0.156463
12 73 -0.137008
12 74 -0.105331
12 75 -0.062713
12 76 -0.011014
12 77 0.046128
12 78 0.104155
12 79 0.158706
12 80 0.204200
12 81 0.238407
12 82 0.256895
12 83 0.261699
12 84 0.251088
12 85 0.230370
12 86 0.201496
12 87 0.168172
12 88 0.137242
12 89 0.105045
12 90 0.083612
12 91 0.060988
12 92 0.050942
12 93 0.039451
12 94 0.034926
12 95 0.032100
12 96 0.023293
12 97 0.025609
12 98 0.011288
12 99 0.000000

13 0 0.000000
13 1 0.023097
13 2 0.038945
13 3 0.041729
13 4 0.058754
13 5 0.067688
13 6 0.079150
13 7 0.096134
13 8 0.108889
13 9 0.132517
13 10 0.152073
13 11 0.181022
13 12 0.207297
13 13 0.235915
13 14 0.259947
13 15 0.276404
13 16 0.282690
13 17 0.273304
13 18 0.249055
13 19 0.207363
13 20 0.152126
13 21 0.085578
13 22 0.013681
13 23 -0.058253
13 24 -0.124475
13 25 -0.179883
13 26 -0.221367
13 27 -0.246565
13 28 -0.256103
13 29 -0.250909
13 30 -0.234633
13 31 -0.210268
13 32 -0.182637
13 33 -0.154890
13 34 -0.131159
13 35 -0.113271
13 36 -0.103613
13 37 -0.102152
13 38 -0.109455
13 39 -0.123934
13 40 -0.144918
13 41 -0.169972
13 42 -0.197951
13 43 -0.226275
13 44 -0.253933
13 45 -0.278672
13 46 -0.299948
13 47 -0.316043
13 48 -0.326987
13 49 -0.331630
13 50 -0.330554
13 51 -0.323138
13 52 -0.310458
13 53 -0.292375
13 54 -0.270400
13 55 -0.244841
13 56 -0.217568
13 57 -0.189266
13 58 -0.162028
13 59 -0.136758
13 60 -0.115518
13 61 -0.099129
13 62 -0.089210
13 63 -0.086052
13 64 -0.090306
13 65 -0.101238
13 66 -0.118063
13 67 -0.138710
13 68 -0.160860
13 69 -0.181313
13 70 -0.196803
13 71 -0.203956
13 72 -0.199905
13 73 -0.182611
13 74 -0.151290
13 75 -0.106576
13 76 -0.050888
13 77 0.012345
13 78 0.077802
13 79 0.141004
13 80 0.195532
13 81 0.238886
13 82 0.265882
13 83 0.278303
13 84 0.273905
13 85 0.257865
13 86 0.232027
13 87 0.200024
13 88 0.169181
13 89 0.135529
13 90 0.112260
13 91 0.086587
13 92 0.073793
13 93 0.058931
13 94 0.051073
13 95 0.045542
13 96 0.032738
13 97 0.033158
13 98 0.015428
13 99 0.000000

14 0 0.000000
14 1 0.029377
14 2 0.049285
14 3 0.055354
14 4 0.076126
14 5 0.088604
14 6 0.102813
14 7 0.122888
14 8 0.137585
14 9 0.162976
14 10 0.183000
14 11 0.211266
14 12 0.235376
14 13 0.259947
14 14 0.278498
14 15 0.287598
14 16 0.285655
14 17 0.266928
14 18 0.233483
14 19 0.182644
14 20 0.119542
14 21 0.046261
14 22 -0.030215
14 23 -0.104959
14 24 -0.171511
14 25 -0.225493
14 26 -0.263375
14 27 -0.283850
14 28 -0.287292
14 29 -0.275886
14 30 -0.252991
14 31 -0.222875
14 32 -0.189823
14 33 -0.158129
14 34 -0.131024
14 35 -0.111303
14 36 -0.100108
14 37 -0.098283
14 38 -0.104944
14 39 -0.119445
14 40 -0.139626
14 41 -0.164208
14 42 -0.190638
14 43 -0.217757
14 44 -0.243250
14 45 -0.266489
14 46 -0.285664
14 47 -0.300759
14 48 -0.310460
14 49 -0.315259
14 50 -0.314238
14 51 -0.308272
14 52 -0.296773
14 53 -0.280960
14 54 -0.260594
14 55 -0.237283
14 56 -0.211204
14 57 -0.184394
14 58 -0.157448
14 59 -0.132751
14 60 -0.111128
14 61 -0.094998
14 62 -0.084959
14 63 -0.082892
14 64 -0.088500
14 65 -0.102444
14 66 -0.122897
14 67 -0.148830
14 68 -0.176689
14 69 -0.203922
14 70 -0.225883
14 71 -0.239553
14 72 -0.240717
14 73 -0.227598
14 74 -0.198320
14 75 -0.153880
14 76 -0.096029
14 77 -0.028740
14 78 0.042864
14 79 0.113623
14 80 0.176911
14 81 0.229544
14 82 0.265848
14 83 0.287092
14 84 0.290440
14 85 0.280866
14 86 0.259758
14 87 0.230850
14 88 0.201431
14 89 0.167608
14 90 0.143235
14 91 0.115050
14 92 0.099741
14 93 0.081224
14 94 0.070122
14 95 0.060872
14 96 0.044294
14 97 0.041580
14 98 0.020497
14 99 0.000000

15 0 0.000000
15 1 0.034411
15 2 0.059837
15 3 0.068916
15 4 0.093847
15 5 0.109888
15 6 0.126656
15 7 0.149548
15 8 0.165386
15 9 0.191798
15 10 0.210853
15 11 0.237230
15 12 0.257294
15 13 0.276404
15 14 0.287598
15 15 0.288242
15 16 0.276809
15 17 0.248549
15 18 0.205779
15 19 0.146859
15 20 0.077007
15 21 -0.000816
15 22 -0.079926
15 23 -0.154787
15 24 -0.219678
15 25 -0.269858
15 26 -0.302905
15 27 -0.317250
15 28 -0.314579
15 29 -0.296716
15 30 -0.268341
15 31 -0.233076
15 32 -0.196393
15 33 -0.161560
15 34 -0.132834
15 35 -0.111640
15 36 -0.100072
15 37 -0.097399
15 38 -0.103776
15 39 -0.116945
15 40 -0.136016
15 41 -0.158180
15 42 -0.182443
15 43 -0.206228
15 44 -0.229019
15 45 -0.248818
15 46 -0.265732
15 47 -0.278313
15 48 -0.287146
15 49 -0.291135
15 50 -0.291127
15 51 -0.286220
15 52 -0.277415
15 53 -0.264003
15 54 -0.247197
15 55 -0.226631
15 56 -0.203893
15 57 -0.179151
15 58 -0.154479
15 59 -0.130632
15 60 -0.110048
15 61 -0.093809
15 62 -0.084234
15 63 -0.082109
15 64 -0.088831
15 65 -0.104057
15 66 -0.127436
15 67 -0.156855
15 68 -0.189863
15 69 -0.222653
15 70 -0.251268
15 71 -0.271299
15 72 -0.278919
15 73 -0.270994
15 74 -0.245931
15 75 -0.203602
15 76 -0.146134
15 77 -0.076752
15 78 -0.001160
15 79 0.075808
15 80 0.146733
15 81 0.208389
15 82 0.254182
15 83 0.285113
15 84 0.297478
15 85 0.295960
15 86 0.281397
15 87 0.257303
15 88 0.231040
15 89 0.198375
15 90 0.174101
15 91 0.144088
15 92 0.126759
15 93 0.104687
15 94 0.090204
15 95 0.077074
15 96 0.056034
15 97 0.050420
15 98 0.024451
15 99 0.000000

16 0 0.000000
16 1 0.039415
16 2 0.069705
16 3 0.082397
16 4 0.110700
16 5 0.130294
16 6 0.149049
16 7 0.173941
16 8 0.190180
16 9 0.216188
16 10 0.233197
16 11 0.255917
16 12 0.270723
16 13 0.282690
16 14 0.285655
16 15 0.276809
16 16 0.255925
16 17 0.218238
16 18 0.167454
16 19 0.101831
16 20 0.027710
16 21 -0.052395
16 22 -0.131087
16 23 -0.203708
16 24 -0.264162
16 25 -0.308926
16 26 -0.335330
16 27 -0.343173
16 28 -0.333773
16 29 -0.310280
16 30 -0.276689
16 31 -0.237792
16 32 -0.197974
16 33 -0.161527
16 34 -0.131266
16 35 -0.109606
16 36 -0.096995
16 37 -0.093811
16 38 -0.098517
16 39 -0.110221
16 40 -0.126399
16 41 -0.145911
16 42 -0.166209
16 43 -0.186638
16 44 -0.205159
16 45 -0.221842
16 46 -0.235214
16 47 -0.245921
16 48 -0.252833
16 49 -0.256871
16 50 -0.257000
16 51 -0.254198
16 52 -0.247421
16 53 -0.237691
16 54 -0.224078
16 55 -0.207837
16 56 -0.188413
16 57 -0.167565
16 58 -0.145356
16 59 -0.124191
16 60 -0.104746
16 61 -0.089869
16 62 -0.080413
16 63 -0.079015
16 64 -0.085854
16 65 -0.102396
16 66 -0.127176
16 67 -0.159671
16 68 -0.196256
16 69 -0.234340
16 70 -0.268638
16 71 -0.295539
16 72 -0.309769
16 73 -0.308655
16 74 -0.289196
16 75 -0.251565
16 76 -0.196713
16 77 -0.128195
16 78 -0.050946
16 79 0.029721
16 80 0.106639
16 81 0.175927
16 82 0.230731
16 83 0.271323
16 84 0.293391
16 85 0.301030
16 86 0.294430
16 87 0.276822
16 88 0.255264
16 89 0.225393
16 90 0.202398
16 91 0.171713
16 92 0.153019
16 93 0.127860
16 94 0.110364
16 95 0.093095
16 96 0.068126
16 97 0.058905
16 98 0.028557
16 99 0.000000

17 0 0.000000
17 1 0.042518
17 2 0.077172
17 3 0.093074
17 4 0.123622
17 5 0.146206
17 6 0.165679
17 7 0.191585
17 8 0.206616
17 9 0.230912
17 10 0.243992
17 11 0.261682
17 12 0.269457
17 13 0.273304
17 14 0.266928
17 15 0.248549
17 16 0.218238
17 17 0.172364
17 18 0.114869
17 19 0.044972
17 20 -0.031198
17 21 -0.110544
17 22 -0.186465
17 23 -0.254047
17 24 -0.308442
17 25 -0.345958
17 26 -0.365359
17 27 -0.366084
17 28 -0.350833
17 29 -0.321998
17 30 -0.284783
17 31 -0.242776
17 32 -0.201427
17 33 -0.163465
17 34 -0.132767
17 35 -0.109990
17 36 -0.096807
17 37 -0.091806
17 38 -0.094952
17 39 -0.103607
17 40 -0.117057
17 41 -0.132460
17 42 -0.149320
17 43 -0.165270
17 44 -0.180464
17 45 -0.193182
17 46 -0.204189
17 47 -0.212218
17 48 -0.218355
17 49 -0.221476
17 50 -0.222694
17 51 -0.220822
17 52 -0.216871
17 53 -0.209606
17 54 -0.200040
17 55 -0.187127
17 56 -0.172156
17 57 -0.154616
17 58 -0.136362
17 59 -0.117666
17 60 -0.101011
17 61 -0.087354
17 62 -0.079426
17 63 -0.078274
17 64 -0.086005
17 65 -0.102766
17 66 -0.128964
17 67 -0.162900
17 68 -0.202605
17 69 -0.244290
17 70 -0.283956
17 71 -0.316663
17 72 -0.337991
17 73 -0.343814
17 74 -0.331617
17 75 -0.300113
17 76 -0.250551
17 77 -0.185200
17 78 -0.109327
17 79 -0.027336
17 80 0.053042
17 81 0.128330
17 82 0.190796
17 83 0.240640
17 84 0.272477
17 85 0.290063
17 86 0.292639
17 87 0.283071
17 88 0.267997
17 89 0.242628
17 90 0.222658
17 91 0.192678
17 92 0.173958
17 93 0.146574
17 94 0.127001
17 95 0.106006
17 96 0.077893
17 97 0.065418
17 98 0.030940
17 99 0.000000

18 0 0.000000
18 1 0.045015
18 2 0.082170
18 3 0.101239
18 4 0.132589
18 5 0.157232
18 6 0.176379
18 7 0.201762
18 8 0.214454
18 9 0.235265
18 10 0.243246
18 11 0.254292
18 12 0.254260
18 13 0.249055
18 14 0.233483
18 15 0.205779
18 16 0.167454
18 17 0.114869
18 18 0.053260
18 19 -0.018519
18 20 -0.093522
18 21 -0.169579
18 22 -0.239740
18 23 -0.300482
18 24 -0.346797
18 25 -0.376552
18 26 -0.388176
18 27 -0.382552
18 28 -0.361610
18 29 -0.328957
18 30 -0.288533
18 31 -0.244973
18 32 -0.202085
18 33 -0.163663
18 34 -0.131763
18 35 -0.108321
18 36 -0.093166
18 37 -0.086493
18 38 -0.086462
18 39 -0.092371
18 40 -0.101705
18 41 -0.113797
18 42 -0.126282
18 43 -0.139095
18 44 -0.150387
18 45 -0.160788
18 46 -0.168911
18 47 -0.175848
18 48 -0.180413
18 49 -0.183841
18 50 -0.184897
18 51 -0.184739
18 52 -0.181987
18 53 -0.177704
18 54 -0.170481
18 55 -0.161481
18 56 -0.149558
18 57 -0.136291
18 58 -0.121131
18 59 -0.106342
18 60 -0.092124
18 61 -0.081391
18 62 -0.074814
18 63 -0.075429
18 64 -0.083589
18 65 -0.101464
18 66 -0.128007
18 67 -0.163501
18 68 -0.204706
18 69 -0.249616
18 70 -0.292982
18 71 -0.331278
18 72 -0.358719
18 73 -0.372120
18 74 -0.367465
18 75 -0.343965
18 76 -0.301339
18 77 -0.242083
18 78 -0.170131
18 79 -0.090099
18 80 -0.008858
18 81 0.069681
18 82 0.137994
18 83 0.195566
18 84 0.236606
18 85 0.264057
18 86 0.276447
18 87 0.275992
18 88 0.268771
18 89 0.249546
18 90 0.234092
18 91 0.206446
18 92 0.188899
18 93 0.160542
18 94 0.139830
18 95 0.115774
18 96 0.085720
18 97 0.069926
18 98 0.032900
18 99 0.000000

19 0 0.000000
19 1 0.046309
19 2 0.083489
19 3 0.105366
19 4 0.135402
19 5 0.161050
19 6 0.178054
19 7 0.201531
19 8 0.210007
19 9 0.225958
19 10 0.227114
19 11 0.230561
19 12 0.221649
19 13 0.207363
19 14 0.182644
19 15 0.146859
19 16 0.101831
19 17 0.044972
19 18 -0.018519
19 19 -0.089108
19 20 -0.160553
19 21 -0.230450
19 22 -0.293169
19 23 -0.345151
19 24 -0.382988
19 25 -0.404302
19 26 -0.409043
19 27 -0.397336
19 28 -0.372375
19 29 -0.336428
19 30 -0.294510
19 31 -0.249488
19 32 -0.206275
19 33 -0.166711
19 34 -0.134215
19 35 -0.108768
19 36 -0.091941
19 37 -0.082030
19 38 -0.079295
19 39 -0.081126
19 40 -0.087346
19 41 -0.095269
19 42 -0.104978
19 43 -0.114201
19 44 -0.123569
19 45 -0.131308
19 46 -0.138526
19 47 -0.143774
19 48 -0.148395
19 49 -0.151025
19 50 -0.153006
19 51 -0.152902
19 52 -0.151940
19 53 -0.148610
19 54 -0.144083
19 55 -0.136956
19 56 -0.128556
19 57 -0.117892
19 58 -0.106729
19 59 -0.094784
19 60 -0.084411
19 61 -0.076083
19 62 -0.072536
19 63 -0.074593
19 64 -0.084660
19 65 -0.103030
19 66 -0.130740
19 67 -0.166542
19 68 -0.209254
19 69 -0.255582
19 70 -0.302147
19 71 -0.344191
19 72 -0.377415
19 73 -0.397277
19 74 -0.400730
19 75 -0.385430
19 76 -0.351575
19 77 -0.300004
19 78 -0.234861
19 79 -0.159271
19 80 -0.080378
19 81 -0.001087
19 82 0.070448
19 83 0.134073
19 84 0.182962
19 85 0.219890
19 86 0.242195
19 87 0.251677
19 88 0.253539
19 89 0.242004
19 90 0.232820
19 91 0.209184
19 92 0.194559
19 93 0.166659
19 94 0.146395
19 95 0.120267
19 96 0.090074
19 97 0.071298
19 98 0.033855
19 99 0.000000

20 0 0.000000
20 1 0.047494
20 2 0.081799
20 3 0.106124
20 4 0.133125
20 5 0.158335
20 6 0.172031
20 7 0.191878
20 8 0.195061
20 9 0.204600
20 10 0.198185
20 11 0.193088
20 12 0.175380
20 13 0.152126
20 14 0.119542
20 15 0.077007
20 16 0.027710
20 17 -0.031198
20 18 -0.093522
20 19 -0.160553
20 20 -0.225598
20 21 -0.287682
20 22 -0.341062
20 23 -0.383915
20 24 -0.412613
20 25 -0.426423
20 26 -0.424573
20 27 -0.408515
20 28 -0.380095
20 29 -0.342655
20 30 -0.299380
20 31 -0.254220
20 32 -0.210051
20 33 -0.170082
20 34 -0.135700
20 35 -0.108694
20 36 -0.088671
20 37 -0.076140
20 38 -0.069381
20 39 -0.068267
20 40 -0.070490
20 41 -0.075963
20 42 -0.082397
20 43 -0.090144
20 44 -0.097215
20 45 -0.104475
20 46 -0.110234
20 47 -0.115729
20 48 -0.119428
20 49 -0.122740
20 50 -0.124142
20 51 -0.125058
20 52 -0.123909
20 53 -0.122090
20 54 -0.118019
20 55 -0.113156
20 56 -0.106097
20 57 -0.098577
20 58 -0.089622
20 59 -0.081470
20 60 -0.073750
20 61 -0.069249
20 62 -0.068075
20 63 -0.073233
20 64 -0.084739
20 65 -0.105046
20 66 -0.133164
20 67 -0.170046
20 68 -0.212884
20 69 -0.260581
20 70 -0.308425
20 71 -0.353666
20 72 -0.390753
20 73 -0.416722
20 74 -0.427129
20 75 -0.420605
20 76 -0.395719
20 77 -0.353704
20 78 -0.296985
20 79 -0.228763
20 80 -0.154726
20 81 -0.077920
20 82 -0.005674
20 83 0.061371
20 84 0.116434
20 85 0.161480
20 86 0.193283
20 87 0.212764
20 88 0.224419
20 89 0.221692
20 90 0.220099
20 91 0.202065
20 92 0.191752
20 93 0.165916
20 94 0.147356
20 95 0.120423
20 96 0.091685
20 97 0.070191
20 98 0.034935
20 99 0.000000

21 0 0.000000
21 1 0.049053
21 2 0.077009
21 3 0.103651
21 4 0.125455
21 5 0.149141
21 6 0.157908
21 7 0.172987
21 8 0.169438
21 9 0.171791
21 10 0.156862
21 11 0.143206
21 12 0.116700
21 13 0.085578
21 14 0.046261
21 15 -0.000816
21 16 -0.052395
21 17 -0.110544
21 18 -0.169579
21 19 -0.230450
21 20 -0.287682
21 21 -0.340284
21 22 -0.384184
21 23 -0.417455
21 24 -0.438161
21 25 -0.444940
21 26 -0.438427
21 27 -0.418741
21 28 -0.388855
21 29 -0.350210
21 30 -0.307103
21 31 -0.261322
21 32 -0.217150
21 33 -0.175637
21 34 -0.140051
21 35 -0.110101
21 36 -0.087731
21 37 -0.071361
21 38 -0.061908
21 39 -0.056991
21 40 -0.057072
21 41 -0.059533
21 42 -0.064886
21 43 -0.070665
21 44 -0.077699
21 45 -0.083820
21 46 -0.090207
21 47 -0.094956
21 48 -0.099503
21 49 -0.102100
21 50 -0.104309
21 51 -0.104448
21 52 -0.104112
21 53 -0.101671
21 54 -0.098738
21 55 -0.093820
21 56 -0.088634
21 57 -0.081996
21 58 -0.075878
21 59 -0.069601
21 60 -0.065489
21 61 -0.063434
21 62 -0.065985
21 63 -0.073363
21 64 -0.087856
21 65 -0.109397
21 66 -0.139230
21 67 -0.176205
21 68 -0.219797
21 69 -0.267262
21 70 -0.316180
21 71 -0.362486
21 72 -0.402720
21 73 -0.432673
21 74 -0.449514
21 75 -0.450419
21 76 -0.434910
21 77 -0.402463
21 78 -0.355862
21 79 -0.296439
21 80 -0.229992
21 81 -0.157980
21 82 -0.088043
21 83 -0.019868
21 84 0.038974
21 85 0.090688
21 86 0.130846
21 87 0.160092
21 88 0.181727
21 89 0.188613
21 90 0.195733
21 91 0.184647
21 92 0.180158
21 93 0.157828
21 94 0.142549
21 95 0.115997
21 96 0.090672
21 97 0.066607
21 98 0.036691
21 99 0.000000

22 0 0.000000
22 1 0.051619
22 2 0.070187
22 3 0.098811
22 4 0.114112
22 5 0.134955
22 6 0.138100
22 7 0.147212
22 8 0.136529
22 9 0.131006
22 10 0.107768
22 11 0.085681
22 12 0.051538
22 13 0.013681
22 14 -0.030215
22 15 -0.079926
22 16 -0.131087
22 17 -0.186465
22 18 -0.239740
22 19 -0.293169
22 20 -0.341062
22 21 -0.384184
22 22 -0.418291
22 23 -0.443269
22 24 -0.456581
22 25 -0.458389
22 26 -0.448038
22 27 -0.426838
22 28 -0.395859
22 29 -0.357659
22 30 -0.314319
22 31 -0.269018
22 32 -0.223799
22 33 -0.181600
22 34 -0.143529
22 35 -0.111683
22 36 -0.085834
22 37 -0.067140
22 38 -0.054167
22 39 -0.047435
22 40 -0.044751
22 41 -0.046457
22 42 -0.050086
22 43 -0.056171
22 44 -0.062310
22 45 -0.069409
22 46 -0.075270
22 47 -0.081174
22 48 -0.085127
22 49 -0.088691
22 50 -0.090010
22 51 -0.090821
22 52 -0.089363
22 53 -0.087480
22 54 -0.083518
22 55 -0.079446
22 56 -0.073798
22 57 -0.068751
22 58 -0.063146
22 59 -0.059460
22 60 -0.056908
22 61 -0.058254
22 62 -0.062969
22 63 -0.073859
22 64 -0.090260
22 65 -0.114499
22 66 -0.145160
22 67 -0.183449
22 68 -0.226643
22 69 -0.274418
22 70 -0.322661
22 71 -0.369735
22 72 -0.410844
22 73 -0.443963
22 74 -0.464977
22 75 -0.472681
22 76 -0.465073
22 77 -0.442493
22 78 -0.405907
22 79 -0.356872
22 80 -0.299340
22 81 -0.234756
22 82 -0.169332
22 83 -0.102943
22 84 -0.042515
22 85 0.013562
22 86 0.060674
22 87 0.098558
22 88 0.129866
22 89 0.146440
22 90 0.162844
22 91 0.159605
22 92 0.161928
22 93 0.144402
22 94 0.133445
22 95 0.108564
22 96 0.087999
22 97 0.061613
22 98 0.039868
22 99 0.000000

23 0 0.000000
23 1 0.055888
23 2 0.061901
23 3 0.092629
23 4 0.099998
23 5 0.117381
23 6 0.114067
23 7 0.116933
23 8 0.098679
23 9 0.085629
23 10 0.054327
23 11 0.024984
23 12 -0.015695
23 13 -0.058253
23 14 -0.104959
23 15 -0.154787
23 16 -0.203708
23 17 -0.254047
23 18 -0.300482
23 19 -0.345151
23 20 -0.383915
23 21 -0.417455
23 22 -0.443269
23 23 -0.460753
23 24 -0.468928
23 25 -0.466764
23 26 -0.454864
23 27 -0.432665
23 28 -0.402403
23 29 -0.364365
23 30 -0.322055
23 31 -0.276302
23 32 -0.231078
23 33 -0.187027
23 34 -0.147720
23 35 -0.112952
23 36 -0.085341
23 37 -0.063562
23 38 -0.049222
23 39 -0.040044
23 40 -0.036960
23 41 -0.037168
23 42 -0.041394
23 43 -0.046752
23 44 -0.054135
23 45 -0.060854
23 46 -0.068142
23 47 -0.073597
23 48 -0.078790
23 49 -0.081572
23 50 -0.083758
23 51 -0.083391
23 52 -0.082441
23 53 -0.079127
23 54 -0.075541
23 55 -0.070124
23 56 -0.065116
23 57 -0.059276
23 58 -0.055022
23 59 -0.051499
23 60 -0.051264
23 61 -0.053800
23 62 -0.061600
23 63 -0.074243
23 64 -0.093763
23 65 -0.119415
23 66 -0.152267
23 67 -0.190788
23 68 -0.234696
23 69 -0.281445
23 70 -0.329431
23 71 -0.375342
23 72 -0.416882
23 73 -0.450702
23 74 -0.474900
23 75 -0.486940
23 76 -0.486412
23 77 -0.472020
23 78 -0.445553
23 79 -0.406612
23 80 -0.359395
23 81 -0.303381
23 82 -0.244908
23 83 -0.182322
23 84 -0.123021
23 85 -0.064598
23 86 -0.012675
23 87 0.032556
23 88 0.072455
23 89 0.098392
23 90 0.124054
23 91 0.129103
23 92 0.138923
23 93 0.127061
23 94 0.121420
23 95 0.099129
23 96 0.084688
23 97 0.055902
23 98 0.045273
23 99 0.000000

24 0 0.000000
24 1 0.061711
24 2 0.053038
24 3 0.085617
24 4 0.084631
24 5 0.097832
24 6 0.088222
24 7 0.084662
24 8 0.059505
24 9 0.039448
24 10 0.001464
24 11 -0.033891
24 12 -0.079000
24 13 -0.124475
24 14 -0.171511
24 15 -0.219678
24 16 -0.264162
24 17 -0.308442
24 18 -0.346797
24 19 -0.382988
24 20 -0.412613
24 21 -0.438161
24 22 -0.456581
24 23 -0.468928
24 24 -0.473059
24 25 -0.469305
24 26 -0.456443
24 27 -0.435135
24 28 -0.405356
24 29 -0.368824
24 30 -0.326651
24 31 -0.281581
24 32 -0.235222
24 33 -0.190684
24 34 -0.149148
24 35 -0.113300
24 36 -0.083174
24 37 -0.060578
24 38 -0.044204
24 39 -0.035032
24 40 -0.030711
24 41 -0.031801
24 42 -0.035441
24 43 -0.042250
24 44 -0.049329
24 45 -0.057665
24 46 -0.064579
24 47 -0.071502
24 48 -0.076027
24 49 -0.079951
24 50 -0.081081
24 51 -0.081468
24 52 -0.079091
24 53 -0.076193
24 54 -0.070945
24 55 -0.065800
24 56 -0.059197
24 57 -0.053841
24 58 -0.048492
24 59 -0.046092
24 60 -0.045657
24 61 -0.050204
24 62 -0.058761
24 63 -0.074091
24 64 -0.094840
24 65 -0.123098
24 66 -0.156728
24 67 -0.196810
24 68 -0.240236
24 69 -0.287028
24 70 -0.333317
24 71 -0.378423
24 72 -0.418356
24 73 -0.452352
24 74 -0.477153
24 75 -0.492439
24 76 -0.496413
24 77 -0.489286
24 78 -0.471163
24 79 -0.442336
24 80 -0.405066
24 81 -0.358950
24 82 -0.308506
24 83 -0.252089
24 84 -0.195868
24 85 -0.137747
24 86 -0.083006
24 87 -0.032568
24 88 0.014546
24 89 0.048655
24 90 0.083036
24 91 0.096125
24 92 0.113568
24 93 0.107832
24 94 0.107933
24 95 0.089073
24 96 0.081394
24 97 0.050366
24 98 0.052912
24 99 0.000000

25 0 0.000000
25 1 0.069268
25 2 0.044046
25 3 0.078638
25 4 0.068871
25 5 0.077978
25 6 0.062200
25 7 0.053035
25 8 0.021698
25 9 -0.003799
25 10 -0.047070
25 11 -0.086253
25 12 -0.133954
25 13 -0.179883
25 14 -0.225493
25 15 -0.269858
25 16 -0.308926
25 17 -0.345958
25 18 -0.376552
25 19 -0.404302
25 20 -0.426423
25 21 -0.444940
25 22 -0.458389
25 23 -0.466764
25 24 -0.469305
25 25 -0.464611
25 26 -0.452742
25 27 -0.432134
25 28 -0.404241
25 29 -0.368349
25 30 -0.327512
25 31 -0.282015
25 32 -0.235961
25 33 -0.189950
25 34 -0.148109
25 35 -0.110410
25 36 -0.080118
25 37 -0.055984
25 38 -0.040098
25 39 -0.030003
25 40 -0.026887
25 41 -0.027554
25 42 -0.032856
25 43 -0.039425
25 44 -0.048279
25 45 -0.056268
25 46 -0.064818
25 47 -0.071126
25 48 -0.077021
25 49 -0.080001
25 50 -0.082180
25 51 -0.081278
25 52 -0.079599
25 53 -0.075079
25 54 -0.070200
25 55 -0.063200
25 56 -0.056785
25 57 -0.049601
25 58 -0.044582
25 59 -0.040789
25 60 -0.041230
25 61 -0.045195
25 62 -0.055404
25 63 -0.071004
25 64 -0.093949
25 65 -0.122823
25 66 -0.158425
25 67 -0.198558
25 68 -0.242809
25 69 -0.288356
25 70 -0.333982
25 71 -0.376754
25 72 -0.415384
25 73 -0.447424
25 74 -0.472224
25 75 -0.488076
25 76 -0.495374
25 77 -0.492847
25 78 -0.482069
25 79 -0.461521
25 80 -0.434161
25 81 -0.397538
25 82 -0.356397
25 83 -0.307185
25 84 -0.256346
25 85 -0.200440
25 86 -0.145483
25 87 -0.091828
25 88 -0.039668
25 89 0.001159
25 90 0.042949
25 91 0.063377
25 92 0.088036
25 93 0.088387
25 94 0.094409
25 95 0.079371
25 96 0.078945
25 97 0.045570
25 98 0.063053
25 99 0.000000

26 0 0.000000
26 1 0.077556
26 2 0.035197
26 3 0.071428
26 4 0.053331
26 5 0.058329
26 6 0.037363
26 7 0.023461
26 8 -0.012387
26 9 -0.041746
26 10 -0.087998
26 11 -0.129052
26 12 -0.176804
26 13 -0.221367
26 14 -0.263375
26 15 -0.302905
26 16 -0.335330
26 17 -0.365359
26 18 -0.388176
26 19 -0.409043
26 20 -0.424573
26 21 -0.438427
26 22 -0.448038
26 23 -0.454864
26 24 -0.456443
26 25 -0.452742
26 26 -0.441645
26 27 -0.423120
26 28 -0.396206
26 29 -0.362138
26 30 -0.321478
26 31 -0.276991
26 32 -0.230199
26 33 -0.184645
26 34 -0.141652
26 35 -0.104458
26 36 -0.073173
26 37 -0.050030
26 38 -0.033570
26 39 -0.025014
26 40 -0.021655
26 41 -0.024193
26 42 -0.029326
26 43 -0.037817
26 44 -0.046344
26 45 -0.056110
26 46 -0.064063
26 47 -0.071919
26 48 -0.076926
26 49 -0.081198
26 50 -0.082199
26 51 -0.082301
26 52 -0.079139
26 53 -0.075290
26 54 -0.068614
26 55 -0.061945
